epoch,train_loss,train_acc,test_loss,test_acc
1,0.6897033509753999,55.98845598845599,0.6862139965032602,55.84415584415584
2,0.6864083843657809,55.98845598845599,,
3,0.68642082479265,55.98845598845599,,
4,0.683545142971248,55.98845598845599,,
5,0.6801682677103843,55.98845598845599,,
6,0.6809980829728802,55.98845598845599,,
7,0.6746348035111915,55.98845598845599,,
8,0.668583763368202,56.132756132756136,,
9,0.6651820510324805,58.874458874458874,,
10,0.6546926830410097,56.132756132756136,,
11,0.6516991995629811,60.60606060606061,,
12,0.6441376835408837,61.32756132756133,,
13,0.6379628194358958,64.06926406926407,,
14,0.630723660126393,63.924963924963926,,
15,0.6218221941895643,64.64646464646465,,
16,0.620643090204071,64.5021645021645,,
17,0.6115198177520675,68.25396825396825,,
18,0.599708994143625,68.25396825396825,,
19,0.5871935229624848,68.54256854256855,,
20,0.5820294289189843,69.55266955266956,,
21,0.5739685825111202,71.28427128427128,,
22,0.5608231433886298,72.005772005772,,
23,0.5741262441073661,70.85137085137085,,
24,0.5561304101008185,72.72727272727273,,
25,0.5485384671547024,73.16017316017316,0.5569158362877833,67.53246753246754
26,0.5349674421385425,75.18037518037518,,
27,0.5354061836288089,74.17027417027417,,
28,0.5271381790847833,74.89177489177489,,
29,0.5164331365457345,74.74747474747475,,
30,0.5291530359186996,72.72727272727273,,
31,0.5059090078651131,77.2005772005772,,
32,0.49987942006164815,76.33477633477634,,
33,0.5143852124654541,73.44877344877345,,
34,0.5199901293452512,74.31457431457432,,
35,0.4831199027587153,77.77777777777777,,
36,0.49657959541545116,75.03607503607503,,
37,0.47851627802780006,78.64357864357865,,
38,0.4795675672493972,76.91197691197691,,
39,0.4880630175272624,77.2005772005772,,
40,0.4725364363210714,77.92207792207792,,
41,0.4628837446199695,77.05627705627705,,
42,0.4875940705016578,77.05627705627705,,
43,0.47265443734792406,78.4992784992785,,
44,0.46195890832945036,77.34487734487735,,
45,0.4537437194353574,78.78787878787878,,
46,0.4493245024013657,80.23088023088023,,
47,0.45035491645078124,80.37518037518038,,
48,0.4396530743285175,80.51948051948052,,
49,0.45039651776203,78.64357864357865,,
50,0.451347095453722,79.36507936507937,0.4949565142780155,75.32467532467533
51,0.45419379741942556,79.36507936507937,,
52,0.4559631297770689,79.07647907647907,,
53,0.43126205547375424,79.65367965367966,,
54,0.4260300299391946,81.0966810966811,,
55,0.44016600618458757,79.65367965367966,,
56,0.4589898847312294,78.21067821067821,,
57,0.4261033801633386,79.94227994227994,,
58,0.42184410391517874,80.51948051948052,,
59,0.4219367053859678,80.51948051948052,,
60,0.43874010310372574,78.35497835497836,,
61,0.42856054035960167,80.66378066378067,,
62,0.4174448697683959,80.37518037518038,,
63,0.42190316814020773,82.25108225108225,,
64,0.4394345432734937,79.22077922077922,,
65,0.42180806742430077,79.65367965367966,,
66,0.4262911450725269,80.8080808080808,,
67,0.41173659533821316,80.08658008658008,,
68,0.41170498819062207,80.51948051948052,,
69,0.4386484947211471,78.35497835497836,,
70,0.4131639583458288,82.1067821067821,,
71,0.41245377906645186,81.67388167388168,,
72,0.4085209524476683,81.24098124098124,,
73,0.3951248358854484,83.83838383838383,,
74,0.41361023694233806,82.25108225108225,,
75,0.3905454771257238,82.3953823953824,0.4395999598812747,79.22077922077922
76,0.38241324202838917,82.97258297258297,,
77,0.4072088502874278,81.24098124098124,,
78,0.38317158117266786,82.1067821067821,,
79,0.3989790449238787,81.38528138528139,,
80,0.41567149551915916,79.36507936507937,,
81,0.408526544877117,82.97258297258297,,
82,0.3871621950106187,81.96248196248196,,
83,0.3923504525878901,81.24098124098124,,
84,0.39618482579400527,80.66378066378067,,
85,0.377904512149431,83.69408369408369,,
86,0.39174833037980533,82.3953823953824,,
87,0.3745353129863051,83.54978354978356,,
88,0.39578208159574696,83.83838383838383,,
89,0.38602998762419727,81.67388167388168,,
90,0.39289774452195025,82.25108225108225,,
91,0.3802136227832556,82.97258297258297,,
92,0.3723183139664098,86.002886002886,,
93,0.38118281500336065,82.82828282828282,,
94,0.371364643735459,83.40548340548341,,
95,0.37689985964893435,83.69408369408369,,
96,0.3548365096638213,83.54978354978356,,
97,0.35324345195792284,85.28138528138528,,
98,0.37348334665422317,81.67388167388168,,
99,0.3726266122827626,81.81818181818181,,
100,0.3657439306356862,83.54978354978356,0.4106870684530828,80.51948051948052
101,0.3407287724520393,83.98268398268398,,
102,0.3713076762306742,82.53968253968254,,
103,0.37488581969108414,83.40548340548341,,
104,0.37392013146935776,81.81818181818181,,
105,0.3666674694500616,83.40548340548341,,
106,0.3716231533803293,83.40548340548341,,
107,0.3511148317895754,84.41558441558442,,
108,0.35581680095901047,84.27128427128427,,
109,0.3436278161978481,84.84848484848484,,
110,0.3475174509085618,84.41558441558442,,
111,0.36638284978842495,83.40548340548341,,
112,0.34994375013341805,84.7041847041847,,
113,0.37127232186033954,82.82828282828282,,
114,0.363512323876308,82.25108225108225,,
115,0.34456416512980603,84.41558441558442,,
116,0.3660549728729336,82.53968253968254,,
117,0.3531738897895744,84.41558441558442,,
118,0.3493840613148429,84.12698412698413,,
119,0.3536609523267113,83.54978354978356,,
120,0.3464148585586493,86.002886002886,,
121,0.3439015588934115,84.27128427128427,,
122,0.3533131161067651,83.26118326118326,,
123,0.34423153663610484,85.71428571428571,,
124,0.3532730832502439,84.99278499278499,,
125,0.33561891728063337,85.56998556998558,0.40191896666180005,79.22077922077922
126,0.34532267977665,85.56998556998558,,
127,0.3532747173894191,83.40548340548341,,
128,0.3327700669459278,85.42568542568543,,
129,0.34414159056084154,85.71428571428571,,
130,0.3218596393153781,86.2914862914863,,
131,0.36101691762434285,83.98268398268398,,
132,0.35048658821145867,84.41558441558442,,
133,0.33438687282379226,85.13708513708514,,
134,0.3361656043092582,85.42568542568543,,
135,0.34699943795004623,85.56998556998558,,
136,0.33446435155118526,85.13708513708514,,
137,0.3300674759593361,85.28138528138528,,
138,0.32816250938357727,84.99278499278499,,
139,0.3323514083505193,86.2914862914863,,
140,0.3312399992007026,83.69408369408369,,
141,0.32089211371381904,85.42568542568543,,
142,0.3032313709726495,86.72438672438672,,
143,0.33259784130306985,86.43578643578644,,
144,0.32778612729618906,86.43578643578644,,
145,0.33858670993112727,86.002886002886,,
146,0.3204426139507115,85.71428571428571,,
147,0.3277868642263426,85.42568542568543,,
148,0.3227573615562004,87.87878787878788,,
149,0.3174809880156882,86.72438672438672,,
150,0.33330896660190984,85.42568542568543,0.3934252625936038,81.81818181818181
151,0.33263751288169047,85.28138528138528,,
152,0.3099281946560005,87.15728715728716,,
153,0.33601576868245786,85.85858585858585,,
154,0.3088417567559995,87.73448773448773,,
155,0.3121220784054862,88.02308802308802,,
156,0.32475294170613583,84.7041847041847,,
157,0.3320587928504999,84.99278499278499,,
158,0.31603771220209964,87.3015873015873,,
159,0.3230124435039482,86.2914862914863,,
160,0.3262805016697915,84.27128427128427,,
161,0.31459769348561506,86.43578643578644,,
162,0.3009524888118452,87.73448773448773,,
163,0.30821692354407315,87.15728715728716,,
164,0.31695951373030096,85.13708513708514,,
165,0.30715691811078555,88.31168831168831,,
166,0.2988115611444476,88.16738816738817,,
167,0.29582561563275767,86.58008658008659,,
168,0.29235884512829746,86.2914862914863,,
169,0.3179805493802047,85.28138528138528,,
170,0.31069479592434773,86.2914862914863,,
171,0.3023315385779605,88.60028860028861,,
172,0.30618343434550543,85.85858585858585,,
173,0.3197169593316308,86.14718614718615,,
174,0.2797701018627244,89.46608946608947,,
175,0.298518802954521,87.01298701298701,0.3840837258023101,80.51948051948052
176,0.2910815275678731,87.01298701298701,,
177,0.30906159038323516,88.02308802308802,,
178,0.3259821846801653,85.85858585858585,,
179,0.30058043253370176,86.2914862914863,,
180,0.3050078180273202,87.01298701298701,,
181,0.31267405080932903,86.43578643578644,,
182,0.2814725086114451,87.44588744588745,,
183,0.30794689975259626,86.2914862914863,,
184,0.3055905289034135,86.43578643578644,,
185,0.2835794345383004,88.31168831168831,,
186,0.2991811688156183,86.72438672438672,,
187,0.3109216297859753,84.99278499278499,,
188,0.2987952283966593,87.44588744588745,,
189,0.2856687130178036,87.73448773448773,,
190,0.31054361622570914,87.15728715728716,,
191,0.29835849140285586,88.02308802308802,,
192,0.31117905183960004,87.73448773448773,,
193,0.27826236745323796,87.73448773448773,,
194,0.27969532921200707,88.88888888888889,,
195,0.2727127755961205,88.45598845598846,,
196,0.314490108864992,86.58008658008659,,
197,0.3005488723903507,86.58008658008659,,
198,0.3017256013715766,87.3015873015873,,
199,0.30198516994499713,86.58008658008659,,
200,0.27913676539884846,87.87878787878788,0.350275679455175,79.22077922077922
201,0.27553396793498963,88.88888888888889,,
202,0.2872511704934796,87.3015873015873,,
203,0.2813119582971625,88.02308802308802,,
204,0.31033705822145097,86.14718614718615,,
205,0.28149043260112644,88.31168831168831,,
206,0.2712838042737086,90.18759018759019,,
207,0.28248568314623523,87.5901875901876,,
208,0.28191911210917464,89.46608946608947,,
209,0.2857248645281207,87.44588744588745,,
210,0.2651345218285854,87.5901875901876,,
211,0.27049921442247915,88.31168831168831,,
212,0.28291866695038,88.60028860028861,,
213,0.29788235186842443,88.45598845598846,,
214,0.2930833686137784,87.44588744588745,,
215,0.28579398942372153,88.16738816738817,,
216,0.2608666251404117,90.18759018759019,,
217,0.2768852508171296,88.31168831168831,,
218,0.2515629099044965,90.18759018759019,,
219,0.30551455831114865,87.87878787878788,,
220,0.27881966649539885,88.16738816738817,,
221,0.28263738222452467,88.45598845598846,,
222,0.27033728705168114,88.31168831168831,,
223,0.24707853828501736,89.8989898989899,,
224,0.27224439877108236,89.46608946608947,,
225,0.2979508633113871,87.5901875901876,0.34137825609801653,83.11688311688312
226,0.2933334471687438,89.17748917748918,,
227,0.2764167921647193,88.16738816738817,,
228,0.2741332302920918,88.60028860028861,,
229,0.266374076191137,87.5901875901876,,
230,0.28840333154535225,85.85858585858585,,
231,0.2864622850008685,86.2914862914863,,
232,0.2701540412582876,88.74458874458874,,
233,0.2631507388075537,88.60028860028861,,
234,0.27664182617894845,88.45598845598846,,
235,0.2676047132945852,89.03318903318903,,
236,0.26254234617256156,89.8989898989899,,
237,0.23603776101598148,91.34199134199135,,
238,0.272586076806634,89.32178932178932,,
239,0.25702934731523713,89.03318903318903,,
240,0.26647497901711803,89.75468975468975,,
241,0.2645234041571789,88.88888888888889,,
242,0.26106803271849605,90.47619047619048,,
243,0.27631623907522723,88.02308802308802,,
244,0.2768524895686909,87.73448773448773,,
245,0.2649380439760709,88.45598845598846,,
246,0.27242720692618755,88.31168831168831,,
247,0.25390602254764344,87.87878787878788,,
248,0.26738019784291583,89.03318903318903,,
249,0.25155023353182393,90.62049062049061,,
250,0.24897265597683355,89.75468975468975,0.36514501873548927,85.71428571428571
251,0.2660006077000589,88.16738816738817,,
252,0.2456138146044028,89.46608946608947,,
253,0.2691196309883701,88.16738816738817,,
254,0.27483021429757365,87.87878787878788,,
255,0.2541921672882972,90.04329004329004,,
256,0.24206055398670281,90.04329004329004,,
257,0.2730095275552758,88.88888888888889,,
258,0.2538099279264351,89.8989898989899,,
259,0.23201215368242664,90.76479076479076,,
260,0.2613943996819067,88.88888888888889,,
261,0.23900562434485464,90.9090909090909,,
262,0.2691777264874047,88.16738816738817,,
263,0.24844420216386282,89.8989898989899,,
264,0.2510328987804154,90.47619047619048,,
265,0.24029572073687377,91.48629148629149,,
266,0.27537986081399957,88.16738816738817,,
267,0.25201447703707613,89.03318903318903,,
268,0.2572193460116999,88.31168831168831,,
269,0.2532267796270775,89.75468975468975,,
270,0.25259242162731993,88.74458874458874,,
271,0.279304568815713,89.03318903318903,,
272,0.24191634367189194,90.62049062049061,,
273,0.2514624186666497,90.04329004329004,,
274,0.25919719964996907,90.9090909090909,,
275,0.24634138302283543,90.18759018759019,0.37154698449295837,85.71428571428571
276,0.2526166540547711,88.88888888888889,,
277,0.2546272182361388,88.45598845598846,,
278,0.24131341835465095,89.8989898989899,,
279,0.25320830812185874,88.31168831168831,,
280,0.25059380280163035,90.33189033189034,,
281,0.24313013207215767,90.76479076479076,,
282,0.25096943891710705,89.75468975468975,,
283,0.24023441506971702,90.62049062049061,,
284,0.2662849370363299,88.60028860028861,,
285,0.2578167957918985,89.8989898989899,,
286,0.2571059184802043,89.32178932178932,,
287,0.22412601722912354,90.76479076479076,,
288,0.23259977697466014,90.62049062049061,,
289,0.24481715681232932,90.62049062049061,,
290,0.2566759201011272,89.46608946608947,,
291,0.23078808786205054,90.62049062049061,,
292,0.24572753265478567,89.8989898989899,,
293,0.2541438276095996,88.74458874458874,,
294,0.2387778103179574,89.8989898989899,,
295,0.24460027565773776,91.34199134199135,,
296,0.24866699230619324,90.04329004329004,,
297,0.2287732470044154,90.9090909090909,,
298,0.25613398542479865,88.74458874458874,,
299,0.23774392529784516,90.47619047619048,,
300,0.23805344940134973,91.1976911976912,0.3579811407374097,81.81818181818181
301,0.2319525863013054,89.8989898989899,,
302,0.25011928076889434,89.17748917748918,,
303,0.23860777318907678,90.18759018759019,,
304,0.26470676662257914,88.45598845598846,,
305,0.24103099658203675,90.04329004329004,,
306,0.2234191983551174,90.76479076479076,,
307,0.2128063848008325,91.1976911976912,,
308,0.2448761367802152,90.04329004329004,,
309,0.2340995165348741,90.47619047619048,,
310,0.2517599593122284,89.17748917748918,,
311,0.22662157673942407,91.77489177489177,,
312,0.2209688193268246,90.33189033189034,,
313,0.25710265860929116,88.45598845598846,,
314,0.23174143276173315,90.62049062049061,,
315,0.23743744433184208,89.03318903318903,,
316,0.2070413792632187,91.1976911976912,,
317,0.2371268259928512,91.05339105339105,,
318,0.23186738492348494,91.48629148629149,,
319,0.24941276911307464,88.88888888888889,,
320,0.23681965371403,89.6103896103896,,
321,0.2057716395345773,91.63059163059162,,
322,0.2374862145852905,89.46608946608947,,
323,0.21809159208513784,90.18759018759019,,
324,0.24411479266518982,89.32178932178932,,
325,0.23084448697247031,90.04329004329004,0.40578636101314,89.6103896103896
326,0.23234968528173014,91.05339105339105,,
327,0.2269470626743669,90.76479076479076,,
328,0.21633954576255612,91.05339105339105,,
329,0.245499810873172,88.74458874458874,,
330,0.23668422697254418,89.17748917748918,,
331,0.23433629878155596,89.32178932178932,,
332,0.22463236645960705,90.33189033189034,,
333,0.23385141740457663,90.18759018759019,,
334,0.22493125521947469,91.48629148629149,,
335,0.22610315228953506,89.8989898989899,,
336,0.22705806484096516,91.34199134199135,,
337,0.22045459405856388,90.9090909090909,,
338,0.2230892488611983,90.47619047619048,,
339,0.22020971809458767,90.04329004329004,,
340,0.23609035529873587,90.62049062049061,,
341,0.22772144882779832,91.34199134199135,,
342,0.23400426350673728,89.6103896103896,,
343,0.20773176623113226,91.05339105339105,,
344,0.23365929247717362,90.9090909090909,,
345,0.2598855705101253,88.16738816738817,,
346,0.24669099481934936,90.18759018759019,,
347,0.23439947557655763,89.8989898989899,,
348,0.219474384924034,91.91919191919192,,
349,0.21064185859665038,90.76479076479076,,
350,0.2336309848818256,89.75468975468975,0.39777889615529544,83.11688311688312
351,0.2120875630844895,93.07359307359307,,
352,0.2053273180862526,92.20779220779221,,
353,0.20898735549026753,91.91919191919192,,
354,0.22467448541956375,90.18759018759019,,
355,0.21968156959415341,90.62049062049061,,
356,0.23061939790135338,89.75468975468975,,
357,0.2358378568424979,90.76479076479076,,
358,0.2330227391028301,90.18759018759019,,
359,0.24431939448887136,89.32178932178932,,
360,0.21445905646741992,91.63059163059162,,
361,0.20472838541474006,91.77489177489177,,
362,0.22012189441343064,89.75468975468975,,
363,0.18367790384554072,92.64069264069263,,
364,0.23047371129108885,90.04329004329004,,
365,0.2258290456228958,90.47619047619048,,
366,0.24164293598905098,88.60028860028861,,
367,0.2289532179827298,91.91919191919192,,
368,0.22980382260134039,91.48629148629149,,
369,0.22558352772635643,91.77489177489177,,
370,0.21151176687908052,91.1976911976912,,
371,0.2038249997865586,92.78499278499278,,
372,0.19480470812531434,91.1976911976912,,
373,0.21938530544913004,91.1976911976912,,
374,0.21616856964549633,92.35209235209236,,
375,0.19582830188852368,92.20779220779221,0.366719029940568,85.71428571428571
376,0.2148792523713339,90.33189033189034,,
377,0.22815615717122736,90.76479076479076,,
378,0.24643306014857766,89.6103896103896,,
379,0.21031538640050834,91.34199134199135,,
380,0.22357633158908605,90.33189033189034,,
381,0.21072793381038682,90.62049062049061,,
382,0.2015755158750956,92.64069264069263,,
383,0.214266468221147,90.47619047619048,,
384,0.2206950085976767,89.75468975468975,,
385,0.2418574530840952,89.17748917748918,,
386,0.22348783112535572,91.05339105339105,,
387,0.22927197874194444,90.62049062049061,,
388,0.2071234824681523,92.35209235209236,,
389,0.19499062102766437,91.77489177489177,,
390,0.23181056864505895,90.04329004329004,,
391,0.20871784934212292,91.1976911976912,,
392,0.23071842789004893,90.62049062049061,,
393,0.21415984208062613,91.77489177489177,,
394,0.2120914701775555,90.33189033189034,,
395,0.21235401831664047,90.76479076479076,,
396,0.206293719327467,91.1976911976912,,
397,0.20808053057517154,90.47619047619048,,
398,0.22668735070146007,90.18759018759019,,
399,0.21635131777128444,92.20779220779221,,
400,0.21051186538189864,91.05339105339105,0.4149661811141225,83.11688311688312
401,0.20032507889134027,91.63059163059162,,
402,0.2099594735738003,90.76479076479076,,
403,0.2185169193049702,90.76479076479076,,
404,0.2148578137288362,91.91919191919192,,
405,0.19517784106611002,91.63059163059162,,
406,0.2159598951334131,89.8989898989899,,
407,0.21579551655922788,91.05339105339105,,
408,0.20249950801913355,91.91919191919192,,
409,0.19840776309650526,91.34199134199135,,
410,0.20024991800946762,91.63059163059162,,
411,0.1980413943099081,91.77489177489177,,
412,0.20500310068522698,91.91919191919192,,
413,0.21802937107168752,90.62049062049061,,
414,0.21891820798446607,91.34199134199135,,
415,0.20486062421083107,91.77489177489177,,
416,0.20853783046184335,91.05339105339105,,
417,0.18375213205287552,92.06349206349206,,
418,0.18880489835190395,93.21789321789322,,
419,0.2099633337486358,91.91919191919192,,
420,0.1952524310862175,92.20779220779221,,
421,0.19660398060883277,91.34199134199135,,
422,0.20376756206735389,91.48629148629149,,
423,0.20611401566695342,92.35209235209236,,
424,0.19804684837143144,92.4963924963925,,
425,0.18219646639466114,93.07359307359307,0.43173014653193487,88.31168831168831
426,0.20125055295908434,92.06349206349206,,
427,0.2281822498570617,90.47619047619048,,
428,0.20681592269866456,91.63059163059162,,
429,0.20385555654205112,92.4963924963925,,
430,0.18447963573027826,92.92929292929293,,
431,0.20727166301244265,91.63059163059162,,
432,0.1806809515793086,92.78499278499278,,
433,0.17686811111018083,92.92929292929293,,
434,0.19087256392273208,92.20779220779221,,
435,0.22096166084016555,91.34199134199135,,
436,0.20802224858584686,91.63059163059162,,
437,0.19975521762735743,91.1976911976912,,
438,0.20693925835869528,91.48629148629149,,
439,0.19180519116066752,91.48629148629149,,
440,0.21503750195062865,90.47619047619048,,
441,0.20615172592592446,92.06349206349206,,
442,0.19945828588128434,91.1976911976912,,
443,0.21376798316986875,90.47619047619048,,
444,0.20081967399233863,91.48629148629149,,
445,0.19268271589347982,91.05339105339105,,
446,0.19874258908143463,92.20779220779221,,
447,0.18993494817704865,92.06349206349206,,
448,0.19431479630016146,91.63059163059162,,
449,0.2071106871657213,90.9090909090909,,
450,0.2155214109408305,90.33189033189034,0.4242698991453493,85.71428571428571
451,0.21343693739236003,90.9090909090909,,
452,0.20075318075361706,92.35209235209236,,
453,0.19024480490113405,92.20779220779221,,
454,0.21121060562522984,90.47619047619048,,
455,0.19677910705407461,91.48629148629149,,
456,0.18834899273441638,93.21789321789322,,
457,0.19772698069031622,92.78499278499278,,
458,0.17679152804901246,93.36219336219337,,
459,0.20179827812344137,92.64069264069263,,
460,0.2020549387126774,92.20779220779221,,
461,0.19526287367161563,92.20779220779221,,
462,0.19434138550859853,91.77489177489177,,
463,0.1862482229169743,93.50649350649351,,
464,0.211676600906584,90.76479076479076,,
465,0.19407821278938484,92.4963924963925,,
466,0.19616809358328452,90.76479076479076,,
467,0.17388532797753553,92.64069264069263,,
468,0.20233414224570706,92.20779220779221,,
469,0.18477393297578004,92.06349206349206,,
470,0.17474346097241578,92.92929292929293,,
471,0.19148559561657785,92.06349206349206,,
472,0.16690018850487548,93.93939393939394,,
473,0.19878904502113143,91.63059163059162,,
474,0.20383722468415036,90.62049062049061,,
475,0.17071813684693318,93.07359307359307,0.41164708292329466,85.71428571428571
476,0.18473063245641463,91.63059163059162,,
477,0.18141549356916079,92.4963924963925,,
478,0.20458331962168474,90.33189033189034,,
479,0.19104389994691462,91.63059163059162,,
480,0.17338422238611728,93.07359307359307,,
481,0.17647777536203937,93.07359307359307,,
482,0.1512987061066373,93.21789321789322,,
483,0.17967696244926507,92.64069264069263,,
484,0.19159871055966332,91.05339105339105,,
485,0.1950740535752942,91.63059163059162,,
486,0.19100582184643627,91.63059163059162,,
487,0.20134165457316808,92.64069264069263,,
488,0.18016686671094978,92.06349206349206,,
489,0.19943997650682754,92.20779220779221,,
490,0.17852397215744806,92.06349206349206,,
491,0.19064014665191137,92.06349206349206,,
492,0.16919763693733822,93.50649350649351,,
493,0.1741577617146752,92.92929292929293,,
494,0.18658065241136593,93.07359307359307,,
495,0.15723792487731228,93.65079365079364,,
496,0.1968840900459159,92.64069264069263,,
497,0.21487980623814193,90.9090909090909,,
498,0.18012295691309899,92.64069264069263,,
499,0.18501016433104808,91.91919191919192,,
500,0.18313723075785507,92.35209235209236,0.39454050923322703,87.01298701298701
501,0.1831699073486686,91.34199134199135,,
502,0.1946396790713631,91.34199134199135,,
503,0.18572660036449568,91.77489177489177,,
504,0.19162383099848573,92.64069264069263,,
505,0.17648841721283925,93.36219336219337,,
506,0.16795036852263012,92.20779220779221,,
507,0.16973382004497714,92.64069264069263,,
508,0.17107163181509635,92.92929292929293,,
509,0.1751980534465755,92.78499278499278,,
510,0.20156649090510942,92.4963924963925,,
511,0.20274786159804717,91.63059163059162,,
512,0.16981139903267226,92.92929292929293,,
513,0.17021061008605262,92.64069264069263,,
514,0.19001022058647948,92.78499278499278,,
515,0.18609930110173395,91.91919191919192,,
516,0.1727427253647456,93.65079365079364,,
517,0.15683784014390834,93.07359307359307,,
518,0.19275592141186693,91.63059163059162,,
519,0.18644386005263996,92.4963924963925,,
520,0.17861439799385959,92.92929292929293,,
521,0.17685062776912341,92.78499278499278,,
522,0.17618829288222917,92.64069264069263,,
523,0.18015687227313654,92.64069264069263,,
524,0.17956283186464256,93.21789321789322,,
525,0.16259407845270668,92.92929292929293,0.41034614459260715,84.41558441558442
526,0.1782583985128272,92.4963924963925,,
527,0.20335153196797226,90.76479076479076,,
528,0.1794834103325078,92.92929292929293,,
529,0.177032356235114,91.63059163059162,,
530,0.18709136556409312,91.91919191919192,,
531,0.1656730883952343,94.08369408369408,,
532,0.1657288670969904,93.79509379509379,,
533,0.1759955758742268,92.4963924963925,,
534,0.1754262185888029,92.20779220779221,,
535,0.16303007384764856,92.35209235209236,,
536,0.18165085427086763,92.35209235209236,,
537,0.1794654085350587,91.91919191919192,,
538,0.20154655114095793,91.05339105339105,,
539,0.15915306679055116,93.36219336219337,,
540,0.18588098726661345,93.07359307359307,,
541,0.19478366800286898,91.48629148629149,,
542,0.17659931867027287,92.78499278499278,,
543,0.18657344287801614,92.35209235209236,,
544,0.16161909403311678,93.21789321789322,,
545,0.18268961852892138,92.4963924963925,,
546,0.17252457924563475,92.06349206349206,,
547,0.18484018473720654,92.4963924963925,,
548,0.1908320373442954,92.20779220779221,,
549,0.17934966850676407,92.78499278499278,,
550,0.17302719215509008,93.36219336219337,0.4055526988072829,85.71428571428571
551,0.16543334221513067,93.07359307359307,,
552,0.153160792469043,94.51659451659452,,
553,0.16227259315969625,93.65079365079364,,
554,0.1862208502848255,92.92929292929293,,
555,0.17642772206324348,92.64069264069263,,
556,0.18422513189597908,92.4963924963925,,
557,0.1790702199781096,92.4963924963925,,
558,0.17531323489903716,92.20779220779221,,
559,0.15967636610264385,93.93939393939394,,
560,0.1595864902972143,92.78499278499278,,
561,0.15763235632410813,93.36219336219337,,
562,0.1860363240236844,92.35209235209236,,
563,0.16092631567946888,93.21789321789322,,
564,0.16748876826673703,92.92929292929293,,
565,0.19129236167213445,92.20779220779221,,
566,0.1617069977078947,94.08369408369408,,
567,0.17351492929768253,91.34199134199135,,
568,0.1659298265866215,92.78499278499278,,
569,0.15559871845259124,94.08369408369408,,
570,0.15029885878982654,94.22799422799423,,
571,0.16918129756681158,91.91919191919192,,
572,0.15954765548437705,92.78499278499278,,
573,0.17091414011466555,92.92929292929293,,
574,0.17407391103143127,92.64069264069263,,
575,0.1687761087717776,93.65079365079364,0.45329966483178075,84.41558441558442
576,0.17384981355948365,93.21789321789322,,
577,0.16696597321811005,95.0937950937951,,
578,0.16998043721931494,93.07359307359307,,
579,0.19307628666382676,92.92929292929293,,
580,0.15848872972945285,94.08369408369408,,
581,0.16495083320837517,93.93939393939394,,
582,0.16853845201790182,93.36219336219337,,
583,0.1821180001266763,92.06349206349206,,
584,0.14353569692691512,93.93939393939394,,
585,0.17151267380113638,91.63059163059162,,
586,0.16079864495072357,94.08369408369408,,
587,0.17202410766852194,93.65079365079364,,
588,0.18048811711446203,92.92929292929293,,
589,0.1623678057740777,93.65079365079364,,
590,0.16549379807530026,93.21789321789322,,
591,0.1560610429979162,93.93939393939394,,
592,0.15681842438242308,94.37229437229438,,
593,0.17307299016040856,92.78499278499278,,
594,0.1687846046161514,92.4963924963925,,
595,0.1563309675773329,93.21789321789322,,
596,0.17939497326187584,93.07359307359307,,
597,0.16397314731563842,92.4963924963925,,
598,0.17505666457686417,93.21789321789322,,
599,0.17212350225723838,92.78499278499278,,
600,0.1598138917791207,93.36219336219337,0.4535179215592223,87.01298701298701
601,0.15086647456318333,94.66089466089466,,
602,0.150157153670922,94.08369408369408,,
603,0.17720999612780705,93.50649350649351,,
604,0.1618750413387885,93.36219336219337,,
605,0.1467764474623561,92.92929292929293,,
606,0.15583994124530887,94.08369408369408,,
607,0.1757218400191134,92.64069264069263,,
608,0.17649389519577935,91.48629148629149,,
609,0.14875261625610992,94.22799422799423,,
610,0.1528554582406604,93.79509379509379,,
611,0.14845434882682124,93.79509379509379,,
612,0.15271662690100216,93.50649350649351,,
613,0.18016373040356162,92.06349206349206,,
614,0.13328459574525148,94.8051948051948,,
615,0.15334971844719947,94.51659451659452,,
616,0.16158040433928564,92.92929292929293,,
617,0.17324184919848587,92.06349206349206,,
618,0.16740032830537654,92.64069264069263,,
619,0.16933072585220116,93.93939393939394,,
620,0.21020049503957383,92.35209235209236,,
621,0.17523690107752923,91.48629148629149,,
622,0.15514876868731703,94.22799422799423,,
623,0.14685518205337883,94.8051948051948,,
624,0.16884355511500207,93.07359307359307,,
625,0.18116973609291287,91.34199134199135,0.4525037814270366,85.71428571428571
626,0.14541404665290536,94.66089466089466,,
627,0.15008413578782762,94.94949494949495,,
628,0.18257217583465585,92.35209235209236,,
629,0.17970166921959638,93.07359307359307,,
630,0.15640170939944006,94.37229437229438,,
631,0.17893572626863896,92.35209235209236,,
632,0.15707695602424562,92.78499278499278,,
633,0.1785938273120838,92.78499278499278,,
634,0.13510506323835722,95.0937950937951,,
635,0.17985030974585342,91.91919191919192,,
636,0.1580892191638076,93.21789321789322,,
637,0.15404504986982498,94.08369408369408,,
638,0.16432268829400748,92.64069264069263,,
639,0.14363488202315217,94.37229437229438,,
640,0.1994392243986694,91.63059163059162,,
641,0.17489000957077544,92.06349206349206,,
642,0.1577161984870272,94.08369408369408,,
643,0.15863234798113504,93.79509379509379,,
644,0.1618260738653538,93.07359307359307,,
645,0.16954483240197749,93.93939393939394,,
646,0.13973640588960176,94.66089466089466,,
647,0.16456881558998324,93.50649350649351,,
648,0.17023262192332556,92.92929292929293,,
649,0.1527312666736812,93.50649350649351,,
650,0.14198674932444766,94.37229437229438,0.48129405603780373,87.01298701298701
651,0.14038721552658906,94.51659451659452,,
652,0.20418602851734188,91.63059163059162,,
653,0.151755014700549,94.51659451659452,,
654,0.1443507747044639,93.79509379509379,,
655,0.15693228412285168,93.50649350649351,,
656,0.17986417629502036,92.20779220779221,,
657,0.148587866948345,94.8051948051948,,
658,0.15019002698716663,93.79509379509379,,
659,0.15368090005535068,94.08369408369408,,
660,0.16422010496968314,92.64069264069263,,
661,0.1394770083865648,95.0937950937951,,
662,0.14829775002955703,93.79509379509379,,
663,0.12470201419029402,94.8051948051948,,
664,0.16557283309781534,92.78499278499278,,
665,0.16471026164800745,94.08369408369408,,
666,0.1451781950407214,93.36219336219337,,
667,0.17291835548213721,92.78499278499278,,
668,0.16877496261875352,92.92929292929293,,
669,0.13879036376572618,93.93939393939394,,
670,0.1672565611925992,92.20779220779221,,
671,0.15718615162596214,93.50649350649351,,
672,0.14510454079149693,94.22799422799423,,
673,0.13514078286991146,95.0937950937951,,
674,0.14684330965533401,94.51659451659452,,
675,0.14901384634528883,93.36219336219337,0.5371722695115325,83.11688311688312
676,0.1556416010379275,93.93939393939394,,
677,0.1330824914841253,94.37229437229438,,
678,0.14258635662291816,93.50649350649351,,
679,0.1772721799958664,92.64069264069263,,
680,0.17079034963727513,93.93939393939394,,
681,0.14905056141284637,94.8051948051948,,
682,0.14376805699060832,94.51659451659452,,
683,0.164482346758741,93.21789321789322,,
684,0.1499298850630785,93.79509379509379,,
685,0.1589189770740348,92.92929292929293,,
686,0.1472826541588248,93.79509379509379,,
687,0.16442563299299318,92.35209235209236,,
688,0.1453728082806173,93.93939393939394,,
689,0.14917319575472485,93.65079365079364,,
690,0.15538980984928633,93.50649350649351,,
691,0.1630671904845671,94.08369408369408,,
692,0.1589138808769065,93.79509379509379,,
693,0.14525066627912536,94.22799422799423,,
694,0.17230411661415218,91.91919191919192,,
695,0.14367604565310788,94.51659451659452,,
696,0.1396232768570706,94.22799422799423,,
697,0.17323442811380216,93.21789321789322,,
698,0.14873609159673964,94.37229437229438,,
699,0.1312288949978343,95.23809523809524,,
700,0.1474824577736605,93.50649350649351,0.5150383439931002,83.11688311688312
701,0.14327121719524458,94.8051948051948,,
702,0.16020136796378814,94.66089466089466,,
703,0.15723978078683562,93.93939393939394,,
704,0.11522572227951253,95.81529581529581,,
705,0.153699071935417,92.78499278499278,,
706,0.1576889269752764,93.36219336219337,,
707,0.14425935384429034,93.79509379509379,,
708,0.1634980606245788,93.93939393939394,,
709,0.1654081680686959,93.36219336219337,,
710,0.13608320465937665,94.94949494949495,,
711,0.12678497492148935,94.66089466089466,,
712,0.12342766072321548,94.51659451659452,,
713,0.13764748421818834,93.93939393939394,,
714,0.15367345827998538,92.78499278499278,,
715,0.1371762343987414,94.8051948051948,,
716,0.1438460907378754,94.66089466089466,,
717,0.13902177503614715,94.8051948051948,,
718,0.14568370146324797,93.79509379509379,,
719,0.14630535218332494,94.51659451659452,,
720,0.13450528179734816,94.94949494949495,,
721,0.14405786852428923,93.07359307359307,,
722,0.1179563689649019,95.23809523809524,,
723,0.1578096074749639,93.36219336219337,,
724,0.13794648379603505,93.79509379509379,,
725,0.139334173227995,94.8051948051948,0.5159158869223162,87.01298701298701
726,0.1514815582448958,93.79509379509379,,
727,0.14610637829761314,93.93939393939394,,
728,0.16424451685614055,93.93939393939394,,
729,0.16569329604700014,93.07359307359307,,
730,0.13129906565983057,95.52669552669553,,
731,0.15681100664404993,93.65079365079364,,
732,0.15590577535223737,94.94949494949495,,
733,0.1650722005752602,93.36219336219337,,
734,0.17322096768309717,92.35209235209236,,
735,0.13185287981924385,94.51659451659452,,
736,0.13391315431735903,94.66089466089466,,
737,0.14310056276479668,94.08369408369408,,
738,0.15759093676724648,93.21789321789322,,
739,0.15281282511269634,93.65079365079364,,
740,0.144220181035273,94.66089466089466,,
741,0.1375108358556402,94.22799422799423,,
742,0.14390653994305308,93.65079365079364,,
743,0.15660892120558462,93.50649350649351,,
744,0.14044392341143125,93.79509379509379,,
745,0.15520312162962827,93.79509379509379,,
746,0.13613699348629982,94.66089466089466,,
747,0.14012662599785158,94.22799422799423,,
748,0.15036905387988983,93.79509379509379,,
749,0.13932186567250096,93.93939393939394,,
750,0.12714808013876108,95.38239538239539,0.4991697839328221,87.01298701298701
751,0.12133722368514899,95.0937950937951,,
752,0.1529140773900915,92.92929292929293,,
753,0.15815786895588105,92.78499278499278,,
754,0.13759406991464235,93.65079365079364,,
755,0.11746786724544879,94.8051948051948,,
756,0.12669478724529218,94.66089466089466,,
757,0.1425719153442424,94.51659451659452,,
758,0.15425227941544714,93.50649350649351,,
759,0.14407818132277692,94.08369408369408,,
760,0.14821780904116913,94.51659451659452,,
761,0.13266072434092324,94.37229437229438,,
762,0.15724543344987418,93.36219336219337,,
763,0.11828161249257098,95.52669552669553,,
764,0.13133085121281046,94.22799422799423,,
765,0.1410343852714759,94.37229437229438,,
766,0.13575710016615222,94.51659451659452,,
767,0.15265916305638494,94.37229437229438,,
768,0.16703675285218253,92.64069264069263,,
769,0.17039318359087383,94.94949494949495,,
770,0.16408931759614792,92.64069264069263,,
771,0.1497342624872235,93.21789321789322,,
772,0.13729758861153502,95.38239538239539,,
773,0.1450380850448925,94.37229437229438,,
774,0.1400335958337715,94.66089466089466,,
775,0.1445961001115444,94.37229437229438,0.5479825704128711,83.11688311688312
776,0.13966240488331427,94.22799422799423,,
777,0.13771384625465838,93.21789321789322,,
778,0.12194427026470674,94.94949494949495,,
779,0.15330263922558116,94.37229437229438,,
780,0.13715319689175096,94.22799422799423,,
781,0.1205307820620026,95.81529581529581,,
782,0.13598961960443687,94.66089466089466,,
783,0.12602740777777388,94.37229437229438,,
784,0.11544588027578412,95.38239538239539,,
785,0.13721960673342534,94.08369408369408,,
786,0.13062003173718892,94.22799422799423,,
787,0.1416450921247188,93.93939393939394,,
788,0.14787328664702598,92.92929292929293,,
789,0.1205344232602897,95.23809523809524,,
790,0.1451645939037053,94.22799422799423,,
791,0.15434538350476848,93.07359307359307,,
792,0.14316091201608144,93.21789321789322,,
793,0.12404258340102597,95.0937950937951,,
794,0.1377798288759559,94.66089466089466,,
795,0.13645509398215777,94.8051948051948,,
796,0.12090654502398351,94.8051948051948,,
797,0.12743246561241528,94.37229437229438,,
798,0.14870126474471318,94.37229437229438,,
799,0.13426002485927566,94.66089466089466,,
800,0.14371137308362672,94.66089466089466,0.5388660237386629,85.71428571428571
801,0.1066637985088458,95.95959595959596,,
802,0.15243970421861863,92.78499278499278,,
803,0.1634916163024104,92.92929292929293,,
804,0.1427562026707469,94.08369408369408,,
805,0.11255226204169089,96.53679653679653,,
806,0.12686328017952467,94.08369408369408,,
807,0.1270354569151804,94.22799422799423,,
808,0.13458201267674544,94.37229437229438,,
809,0.1399040251196205,95.52669552669553,,
810,0.158090422446013,93.21789321789322,,
811,0.14394911092640172,93.07359307359307,,
812,0.13755943933112108,94.37229437229438,,
813,0.13948640255270928,94.22799422799423,,
814,0.16614269459832454,93.65079365079364,,
815,0.1349753899927134,94.08369408369408,,
816,0.14490336032441856,94.22799422799423,,
817,0.1228620454905525,93.79509379509379,,
818,0.14507208853594833,93.93939393939394,,
819,0.1434503226913243,93.65079365079364,,
820,0.1298900656751525,94.22799422799423,,
821,0.12158224651049741,95.95959595959596,,
822,0.11775498024979539,95.0937950937951,,
823,0.1334386540181709,93.79509379509379,,
824,0.12909866553901939,94.8051948051948,,
825,0.13534387894523092,94.51659451659452,0.5485906856400626,85.71428571428571
826,0.14207126586973495,93.36219336219337,,
827,0.14595883646052638,94.08369408369408,,
828,0.14551448890829155,94.22799422799423,,
829,0.14438971435761383,94.08369408369408,,
830,0.14735749032728718,93.79509379509379,,
831,0.14962008079409084,93.93939393939394,,
832,0.12155172671762551,95.0937950937951,,
833,0.14911504242499327,93.65079365079364,,
834,0.12934572109885373,94.08369408369408,,
835,0.12210781964732799,94.8051948051948,,
836,0.1427489459020063,94.51659451659452,,
837,0.1091670042124253,95.23809523809524,,
838,0.12115373226987335,95.52669552669553,,
839,0.11868821252218056,95.67099567099567,,
840,0.14189199210933448,94.94949494949495,,
841,0.12435391169541325,94.94949494949495,,
842,0.11453830953660551,94.94949494949495,,
843,0.13968352204750453,93.65079365079364,,
844,0.12388507351225503,94.66089466089466,,
845,0.1283174626970016,93.93939393939394,,
846,0.13951785879916528,94.8051948051948,,
847,0.13072211936641684,94.94949494949495,,
848,0.13489772882554438,94.51659451659452,,
849,0.11018022441158735,95.67099567099567,,
850,0.13269948949674507,94.08369408369408,0.5174923438530463,87.01298701298701
851,0.144385294792878,93.36219336219337,,
852,0.11675192944673232,96.1038961038961,,
853,0.11404987791227916,95.38239538239539,,
854,0.13780866974015946,95.38239538239539,,
855,0.13636886144613292,94.51659451659452,,
856,0.1046793426227088,95.95959595959596,,
857,0.14580269824460815,94.08369408369408,,
858,0.11200447840694053,94.51659451659452,,
859,0.15008269337477623,94.94949494949495,,
860,0.11925596775000574,95.23809523809524,,
861,0.1213738534594167,94.37229437229438,,
862,0.1301057196368731,93.93939393939394,,
863,0.12510259393575732,94.94949494949495,,
864,0.1485958776421963,95.0937950937951,,
865,0.11401509541969795,94.8051948051948,,
866,0.14250560960642358,94.22799422799423,,
867,0.1134219490862512,95.67099567099567,,
868,0.12426143768545869,94.94949494949495,,
869,0.15639540225517376,95.23809523809524,,
870,0.14324273265801468,94.37229437229438,,
871,0.11419754394452379,94.51659451659452,,
872,0.11618001026799063,96.1038961038961,,
873,0.13339928446222005,94.08369408369408,,
874,0.16214570013905671,92.20779220779221,,
875,0.12628910268023932,95.23809523809524,0.5388237485637912,85.71428571428571
876,0.13880826293089002,94.66089466089466,,
877,0.13037617323976575,93.79509379509379,,
878,0.12462780404228496,95.23809523809524,,
879,0.14267337278155193,94.08369408369408,,
880,0.1457369111876123,93.79509379509379,,
881,0.11660898531670179,95.38239538239539,,
882,0.16261632144881188,94.8051948051948,,
883,0.1422043251838605,93.93939393939394,,
884,0.12710415511721312,94.94949494949495,,
885,0.1264166778214222,95.95959595959596,,
886,0.14111990596048135,93.79509379509379,,
887,0.13605848143971155,94.22799422799423,,
888,0.12927254101242683,94.66089466089466,,
889,0.121146875363741,94.08369408369408,,
890,0.13835882527745647,94.22799422799423,,
891,0.11939271041308026,95.38239538239539,,
892,0.127065058836571,93.79509379509379,,
893,0.12004924472018237,95.38239538239539,,
894,0.12778748667827158,94.08369408369408,,
895,0.140031042897168,93.65079365079364,,
896,0.14597703518633548,93.65079365079364,,
897,0.1349476370503548,94.8051948051948,,
898,0.13544789775816285,95.0937950937951,,
899,0.13508084845362286,93.93939393939394,,
900,0.10916968679101265,95.95959595959596,0.5534867241785124,81.81818181818181
901,0.12502119168746695,95.38239538239539,,
902,0.11309945574204987,95.67099567099567,,
903,0.12577053556194553,94.94949494949495,,
904,0.12046706201280179,94.66089466089466,,
905,0.1297246285393017,95.0937950937951,,
906,0.12658195392985278,94.51659451659452,,
907,0.12662241220861287,95.0937950937951,,
908,0.11888217003034995,94.66089466089466,,
909,0.11707203625600575,95.23809523809524,,
910,0.12304061262036471,95.38239538239539,,
911,0.1123543567041642,94.8051948051948,,
912,0.14077168594021752,93.65079365079364,,
913,0.1111238082067189,95.67099567099567,,
914,0.13799128865266774,94.22799422799423,,
915,0.12474107949270143,95.0937950937951,,
916,0.14570209828526598,94.37229437229438,,
917,0.11491483456386632,94.08369408369408,,
918,0.1371805447585139,94.37229437229438,,
919,0.11554454783620084,94.51659451659452,,
920,0.0962934974556813,96.3924963924964,,
921,0.13355538775824538,94.08369408369408,,
922,0.13165241260549207,94.51659451659452,,
923,0.1354931977410864,93.65079365079364,,
924,0.12260479968132566,94.51659451659452,,
925,0.11446728913616093,95.23809523809524,0.5451770966703241,84.41558441558442
926,0.11786870655172314,95.38239538239539,,
927,0.12390513328934817,95.23809523809524,,
928,0.1306434070522135,95.23809523809524,,
929,0.1320461073169998,94.51659451659452,,
930,0.14537537965552633,93.50649350649351,,
931,0.12776131815079486,94.94949494949495,,
932,0.12022341529786329,95.81529581529581,,
933,0.09466115805128264,95.95959595959596,,
934,0.10779142038477384,95.67099567099567,,
935,0.11661123447281457,95.0937950937951,,
936,0.11218187651592931,95.38239538239539,,
937,0.11147995566220854,95.38239538239539,,
938,0.12475726522322513,94.66089466089466,,
939,0.10473605568962868,95.67099567099567,,
940,0.12267440823572022,94.08369408369408,,
941,0.1149491626946699,95.38239538239539,,
942,0.11516766555467553,95.95959595959596,,
943,0.10914706436092031,94.8051948051948,,
944,0.13610626677586057,94.51659451659452,,
945,0.11993321554915386,95.23809523809524,,
946,0.11843540624903828,95.52669552669553,,
947,0.11348987574935024,95.81529581529581,,
948,0.12261317864942001,95.23809523809524,,
949,0.11110043473283708,95.23809523809524,,
950,0.12812972262845754,94.22799422799423,0.5947049674275634,83.11688311688312
951,0.1370786415066296,93.65079365079364,,
952,0.14767365056946122,94.94949494949495,,
953,0.12992271336943212,94.51659451659452,,
954,0.1250094851481622,95.0937950937951,,
955,0.11697052883099857,94.37229437229438,,
956,0.12282208272647031,95.0937950937951,,
957,0.11256653779222593,94.94949494949495,,
958,0.121561410440425,94.51659451659452,,
959,0.12467499009587547,94.94949494949495,,
960,0.14005415530507095,93.50649350649351,,
961,0.12845976560942365,93.93939393939394,,
962,0.09355255058317473,96.1038961038961,,
963,0.12534929452864466,94.22799422799423,,
964,0.10869738204783691,94.94949494949495,,
965,0.14017960564656692,93.65079365079364,,
966,0.1082695814257442,95.52669552669553,,
967,0.11932719488927898,95.23809523809524,,
968,0.1252834235692953,94.66089466089466,,
969,0.11513503833067795,94.66089466089466,,
970,0.1230737603502012,94.94949494949495,,
971,0.11060018346659721,94.8051948051948,,
972,0.10883790527673338,95.67099567099567,,
973,0.1314751785114128,94.94949494949495,,
974,0.10696855740027682,95.95959595959596,,
975,0.11996999434309691,95.67099567099567,0.5504424525545789,81.81818181818181
976,0.1410707581659287,95.95959595959596,,
977,0.13049967765732848,95.23809523809524,,
978,0.13677807539314418,95.23809523809524,,
979,0.12604619211061693,95.38239538239539,,
980,0.10557886826016902,95.52669552669553,,
981,0.13225095132083603,94.22799422799423,,
982,0.09798820562187642,95.95959595959596,,
983,0.11162737260262172,95.52669552669553,,
984,0.13685609370169013,94.8051948051948,,
985,0.11634587209999647,95.0937950937951,,
986,0.10607586325849118,95.38239538239539,,
987,0.12642814639101038,94.22799422799423,,
988,0.10358544060635189,96.1038961038961,,
989,0.10154927856306321,95.52669552669553,,
990,0.12295440007879736,94.22799422799423,,
991,0.12271899214447146,95.0937950937951,,
992,0.13460640308768373,93.65079365079364,,
993,0.12092971134645943,95.52669552669553,,
994,0.1217631690881469,95.23809523809524,,
995,0.10676213087511355,95.38239538239539,,
996,0.1022960071224843,96.3924963924964,,
997,0.12164548994142772,94.37229437229438,,
998,0.10292372292695193,94.94949494949495,,
999,0.09655354886408492,96.68109668109668,,
1000,0.09982209431187587,96.53679653679653,0.5615825273773887,84.41558441558442
