epoch,train_loss,train_acc,test_loss,test_acc
1,0.6887558597162861,54.256854256854254,0.6858278079466387,55.84415584415584
2,0.6869394204661272,55.98845598845599,,
3,0.6883615849682091,55.98845598845599,,
4,0.6869390649024887,55.98845598845599,,
5,0.6850422781611246,55.98845598845599,,
6,0.685737781280391,55.98845598845599,,
7,0.6882066199445793,55.98845598845599,,
8,0.6850737262769867,55.98845598845599,,
9,0.6850710736552702,55.98845598845599,,
10,0.682677712533381,55.98845598845599,,
11,0.6799607519463543,55.98845598845599,,
12,0.6810366510484813,55.98845598845599,,
13,0.6842631965144544,55.98845598845599,,
14,0.6798938493019918,55.55555555555556,,
15,0.6781081857447329,55.84415584415584,,
16,0.6803174003378137,56.42135642135642,,
17,0.681440716526037,56.132756132756136,,
18,0.6784784953831594,55.266955266955264,,
19,0.6723763043058211,56.277056277056275,,
20,0.6704025236731139,54.83405483405483,,
21,0.6697993555454292,57.142857142857146,,
22,0.6690409194683444,56.42135642135642,,
23,0.664219048374143,55.84415584415584,,
24,0.6636938989420473,57.43145743145743,,
25,0.661632910005286,58.297258297258296,0.6776154041290283,54.54545454545455
26,0.6596447135634924,59.45165945165945,,
27,0.6573943363295661,57.43145743145743,,
28,0.6527435110416935,60.894660894660895,,
29,0.6504733635577633,59.5959595959596,,
30,0.6503420273462931,59.307359307359306,,
31,0.648542352483042,60.317460317460316,,
32,0.6463713044728036,60.02886002886003,,
33,0.6395994872069806,60.894660894660895,,
34,0.6427411194487568,60.894660894660895,,
35,0.6385746574161029,62.04906204906205,,
36,0.635366013899854,60.894660894660895,,
37,0.6296123008191328,63.63636363636363,,
38,0.627788517554257,63.2034632034632,,
39,0.6231580029146324,65.36796536796537,,
40,0.6185653539963099,65.07936507936508,,
41,0.617352172237798,65.51226551226551,,
42,0.6175681955542571,64.93506493506493,,
43,0.6112225750652055,67.24386724386724,,
44,0.6109505234686671,65.80086580086581,,
45,0.6052068491690775,66.66666666666667,,
46,0.6002878349752825,67.24386724386724,,
47,0.6018749851771076,66.66666666666667,,
48,0.5947201934899775,67.82106782106783,,
49,0.5935523989912751,68.25396825396825,,
50,0.5873684476292322,69.40836940836941,0.6382516343872269,55.84415584415584
51,0.5855528612501522,68.25396825396825,,
52,0.5758988818564972,70.85137085137085,,
53,0.5889466809159921,69.11976911976912,,
54,0.5717772324535926,70.41847041847042,,
55,0.5704667950949456,72.72727272727273,,
56,0.5663510051812617,72.15007215007215,,
57,0.5606465951188818,73.01587301587301,,
58,0.562349434366818,73.3044733044733,,
59,0.5441760961799567,75.03607503607503,,
60,0.5532841082947251,72.58297258297259,,
61,0.5620324365676396,71.28427128427128,,
62,0.5517726683341407,72.005772005772,,
63,0.5445997429014456,72.87157287157287,,
64,0.55378151025951,73.88167388167388,,
65,0.5449904769358008,73.73737373737374,,
66,0.54438365305657,73.01587301587301,,
67,0.5333665857927452,73.5930735930736,,
68,0.5155761864622262,73.88167388167388,,
69,0.5267607202433576,75.03607503607503,,
70,0.5078301766046026,78.21067821067821,,
71,0.5092989946856643,75.61327561327562,,
72,0.5189312723119882,76.47907647907648,,
73,0.5025060711398958,78.35497835497836,,
74,0.4940419370821888,78.78787878787878,,
75,0.4974962188223912,77.92207792207792,0.5409205571397558,72.72727272727273
76,0.4835149690960393,78.64357864357865,,
77,0.49201444101023983,77.05627705627705,,
78,0.4815111571404153,78.78787878787878,,
79,0.4887651887978998,76.19047619047619,,
80,0.49060285323626035,75.46897546897547,,
81,0.48166574699022036,77.77777777777777,,
82,0.4801518553263181,78.35497835497836,,
83,0.467135891468838,79.65367965367966,,
84,0.45698573966046946,79.22077922077922,,
85,0.45872772449538823,80.66378066378067,,
86,0.46263684128097987,80.08658008658008,,
87,0.45015105936262345,80.8080808080808,,
88,0.4580014319646926,79.65367965367966,,
89,0.45026705873132955,79.79797979797979,,
90,0.44723307382191757,79.65367965367966,,
91,0.443768849491557,79.79797979797979,,
92,0.44671698316695196,80.37518037518038,,
93,0.44503372873234714,79.22077922077922,,
94,0.44271020047248355,82.3953823953824,,
95,0.4405507796254509,79.65367965367966,,
96,0.4342915386520595,82.25108225108225,,
97,0.4319115269063699,81.38528138528139,,
98,0.4231388021427144,81.67388167388168,,
99,0.43161283014140606,80.66378066378067,,
100,0.424736835395791,80.51948051948052,0.45864404176736806,81.81818181818181
101,0.4136861776247685,81.67388167388168,,
102,0.4149425690738326,81.67388167388168,,
103,0.43035111459130676,81.67388167388168,,
104,0.39561024604937733,84.27128427128427,,
105,0.3982863047981331,82.25108225108225,,
106,0.40776743371077256,83.98268398268398,,
107,0.39850527099716715,83.40548340548341,,
108,0.3975884197938322,83.40548340548341,,
109,0.38947039963019014,84.55988455988457,,
110,0.3948897739165445,82.82828282828282,,
111,0.42107593325137405,81.52958152958153,,
112,0.4130656091337768,82.68398268398268,,
113,0.3858869526250366,85.71428571428571,,
114,0.39457923629755237,84.7041847041847,,
115,0.3842628136341706,83.98268398268398,,
116,0.39750458328066796,84.41558441558442,,
117,0.36385037355436733,84.12698412698413,,
118,0.36036258682200056,86.58008658008659,,
119,0.38515624004008964,83.83838383838383,,
120,0.3854258886577419,84.55988455988457,,
121,0.37176481641904274,85.56998556998558,,
122,0.36887324649792214,85.42568542568543,,
123,0.37773625619311696,84.7041847041847,,
124,0.3624895510477421,87.15728715728716,,
125,0.35331111176619456,86.002886002886,0.4153564374942284,85.71428571428571
126,0.36130026698886575,84.84848484848484,,
127,0.3594444827599959,85.42568542568543,,
128,0.3644258449173937,85.42568542568543,,
129,0.3389369277727036,86.43578643578644,,
130,0.35487071131214953,84.7041847041847,,
131,0.3448940764085899,87.15728715728716,,
132,0.3457269128438886,85.85858585858585,,
133,0.3700869463566922,83.83838383838383,,
134,0.35507066341447624,85.71428571428571,,
135,0.37446434131432405,84.41558441558442,,
136,0.34203844393830624,86.86868686868686,,
137,0.355041869403996,83.83838383838383,,
138,0.34784655148246757,86.72438672438672,,
139,0.3238139263049177,86.72438672438672,,
140,0.3455856977431117,85.71428571428571,,
141,0.3321514108136275,87.73448773448773,,
142,0.338925594805295,88.02308802308802,,
143,0.312205304702123,86.86868686868686,,
144,0.35109491489322325,85.13708513708514,,
145,0.33098283870223627,85.71428571428571,,
146,0.3146483369203873,88.02308802308802,,
147,0.3297153234073266,88.16738816738817,,
148,0.33666329221291974,87.44588744588745,,
149,0.34267367381726166,85.85858585858585,,
150,0.3467058619594505,87.15728715728716,0.39825543103280003,85.71428571428571
151,0.3215687693799557,87.73448773448773,,
152,0.3213242418193198,87.44588744588745,,
153,0.34185504715508025,85.28138528138528,,
154,0.3194180591539903,88.02308802308802,,
155,0.30874178161868804,87.87878787878788,,
156,0.3290674861031349,86.43578643578644,,
157,0.3213188119264908,85.85858585858585,,
158,0.33925308955868255,85.71428571428571,,
159,0.3163620732821427,87.87878787878788,,
160,0.325135128494637,86.86868686868686,,
161,0.31417292082335524,87.73448773448773,,
162,0.3085212678276271,87.87878787878788,,
163,0.29742742113736803,86.86868686868686,,
164,0.31928552904342333,86.002886002886,,
165,0.2944765401490753,88.02308802308802,,
166,0.31396326130258745,87.73448773448773,,
167,0.2886922825423498,89.03318903318903,,
168,0.3094446976033468,86.86868686868686,,
169,0.3087229192428947,88.60028860028861,,
170,0.29401053526958865,88.16738816738817,,
171,0.29870723112665043,87.5901875901876,,
172,0.30516432854649306,87.5901875901876,,
173,0.293497211134537,88.16738816738817,,
174,0.2765052083766822,88.45598845598846,,
175,0.2868514313627287,89.8989898989899,0.39059106018636136,85.71428571428571
176,0.2826604289452923,89.8989898989899,,
177,0.27652701008715497,88.74458874458874,,
178,0.29015080125472936,88.31168831168831,,
179,0.2819320172028452,88.45598845598846,,
180,0.283884317628921,89.32178932178932,,
181,0.28262092833223107,88.16738816738817,,
182,0.2803514523681624,88.88888888888889,,
183,0.2802104175434828,88.31168831168831,,
184,0.2719307521957512,90.47619047619048,,
185,0.2899045373970296,88.60028860028861,,
186,0.28051398030091157,89.17748917748918,,
187,0.2858433113856749,89.32178932178932,,
188,0.27027354822702393,89.8989898989899,,
189,0.27695883111692265,89.75468975468975,,
190,0.2698940552158273,90.18759018759019,,
191,0.284682904250522,88.45598845598846,,
192,0.26712693747073885,89.75468975468975,,
193,0.27497193703231704,90.18759018759019,,
194,0.28356522949571045,88.60028860028861,,
195,0.27837552541993227,88.60028860028861,,
196,0.26784126002551156,90.47619047619048,,
197,0.2694118612944478,89.75468975468975,,
198,0.274486037258806,89.03318903318903,,
199,0.2863234179188507,88.88888888888889,,
200,0.2756835267399297,89.75468975468975,0.42013982789857046,84.41558441558442
201,0.2789216557622472,90.04329004329004,,
202,0.25680479179385074,91.05339105339105,,
203,0.27484955687027474,89.46608946608947,,
204,0.25531110526593387,90.33189033189034,,
205,0.25118683891378957,89.8989898989899,,
206,0.2750184132944669,90.04329004329004,,
207,0.26012024618846513,89.6103896103896,,
208,0.26008577696430735,90.62049062049061,,
209,0.25042836361633236,91.05339105339105,,
210,0.2720184385518491,89.75468975468975,,
211,0.27076803802540805,89.17748917748918,,
212,0.28410756205239507,89.03318903318903,,
213,0.24586674634469363,91.1976911976912,,
214,0.2504399515269123,90.9090909090909,,
215,0.27014806032352806,89.32178932178932,,
216,0.257779353108757,89.46608946608947,,
217,0.2420478942031296,91.05339105339105,,
218,0.26080367821141065,90.9090909090909,,
219,0.24824675835916318,90.33189033189034,,
220,0.24710278408695954,91.1976911976912,,
221,0.23493485280123108,91.48629148629149,,
222,0.25328026284043065,90.18759018759019,,
223,0.23887965205685918,91.91919191919192,,
224,0.25432323506384186,91.77489177489177,,
225,0.24115541383817599,91.77489177489177,0.37234809414132847,85.71428571428571
226,0.24379574834311335,92.4963924963925,,
227,0.26718795471549206,89.6103896103896,,
228,0.22689690949424865,92.78499278499278,,
229,0.240258017423177,92.64069264069263,,
230,0.23506307276167396,91.34199134199135,,
231,0.23801972410637579,91.05339105339105,,
232,0.24901313507797743,92.20779220779221,,
233,0.24014767884003996,91.77489177489177,,
234,0.24654729662175473,90.62049062049061,,
235,0.24824280199872983,90.76479076479076,,
236,0.24093086469225036,91.63059163059162,,
237,0.2303927486593073,90.18759018759019,,
238,0.22502967302417343,91.63059163059162,,
239,0.2285820072540989,91.77489177489177,,
240,0.23201417591836718,92.06349206349206,,
241,0.251675943017522,90.04329004329004,,
242,0.22522794856309547,91.77489177489177,,
243,0.2329125658086196,92.78499278499278,,
244,0.22144806335584769,92.4963924963925,,
245,0.2325409728426266,91.34199134199135,,
246,0.21717537690120686,91.91919191919192,,
247,0.22065797147124705,91.91919191919192,,
248,0.2310142427639872,92.4963924963925,,
249,0.23140804596449563,91.91919191919192,,
250,0.22414657503667504,92.35209235209236,0.3741456512119863,85.71428571428571
251,0.22680128897939408,91.34199134199135,,
252,0.23466787720569457,92.06349206349206,,
253,0.22507226621949827,91.34199134199135,,
254,0.210372034261409,92.35209235209236,,
255,0.2403057851488628,91.91919191919192,,
256,0.2216798100851659,91.77489177489177,,
257,0.24451061188744605,90.18759018759019,,
258,0.22247313829555485,91.63059163059162,,
259,0.2271313915435026,91.48629148629149,,
260,0.21747850438561103,92.64069264069263,,
261,0.21064937654425744,92.78499278499278,,
262,0.2307117616201376,91.77489177489177,,
263,0.21755233906951302,90.76479076479076,,
264,0.20172960950870705,92.35209235209236,,
265,0.20451817987285134,91.91919191919192,,
266,0.19524206934983251,92.35209235209236,,
267,0.19869088447111166,93.50649350649351,,
268,0.210877252046508,92.20779220779221,,
269,0.2011699564916231,93.93939393939394,,
270,0.2313458625372354,92.06349206349206,,
271,0.19440346771332437,93.36219336219337,,
272,0.20360545273252037,93.07359307359307,,
273,0.21789098093433987,91.91919191919192,,
274,0.20089604793731958,92.35209235209236,,
275,0.2015501761763299,92.35209235209236,0.39702634106982837,87.01298701298701
276,0.1952207341768697,94.22799422799423,,
277,0.20142157494075716,92.64069264069263,,
278,0.19407748105206016,93.07359307359307,,
279,0.2075892649214677,91.77489177489177,,
280,0.19943606151431842,92.64069264069263,,
281,0.1923025046377127,93.50649350649351,,
282,0.22670525190935162,91.1976911976912,,
283,0.2076110417536671,92.35209235209236,,
284,0.18748586378658316,93.21789321789322,,
285,0.18482651171767694,93.36219336219337,,
286,0.20931766740171423,92.20779220779221,,
287,0.20730505516002704,92.35209235209236,,
288,0.20205372513888717,92.64069264069263,,
289,0.20637987250889533,93.36219336219337,,
290,0.21500682392161646,91.34199134199135,,
291,0.1643284684823877,93.79509379509379,,
292,0.21855473658137164,92.20779220779221,,
293,0.19588800174591345,93.65079365079364,,
294,0.19846500121970886,92.06349206349206,,
295,0.19757609507996282,92.64069264069263,,
296,0.20859564200022176,93.07359307359307,,
297,0.21120013199843368,92.4963924963925,,
298,0.19185243996362839,93.21789321789322,,
299,0.19038981797031165,93.65079365079364,,
300,0.19896255550747483,91.91919191919192,0.3886894676592443,84.41558441558442
301,0.2003447599117718,91.91919191919192,,
302,0.18310798726126573,93.36219336219337,,
303,0.18612112798882596,93.65079365079364,,
304,0.17378437471768213,94.51659451659452,,
305,0.19748053651351433,93.36219336219337,,
306,0.1802646533235327,94.08369408369408,,
307,0.19868031999937555,92.20779220779221,,
308,0.19350186517142287,94.08369408369408,,
309,0.19510687416766112,92.4963924963925,,
310,0.18954815781133688,92.06349206349206,,
311,0.1874998514614408,92.35209235209236,,
312,0.20615831232518173,91.77489177489177,,
313,0.1745915540949607,95.0937950937951,,
314,0.17649989702011773,93.07359307359307,,
315,0.1701802880561025,94.22799422799423,,
316,0.1851533499545005,93.21789321789322,,
317,0.1782614907080477,94.22799422799423,,
318,0.21413928410105548,92.06349206349206,,
319,0.16814192439312542,94.08369408369408,,
320,0.17318985975665963,93.21789321789322,,
321,0.17225815785825682,94.08369408369408,,
322,0.18682355374570878,92.64069264069263,,
323,0.17527342010370064,93.79509379509379,,
324,0.17753048688119538,93.21789321789322,,
325,0.19501372816479223,93.07359307359307,0.3700949779965661,85.71428571428571
326,0.1708868459662662,94.22799422799423,,
327,0.1733457777235243,94.51659451659452,,
328,0.17835936047040024,93.50649350649351,,
329,0.1729837657526286,94.51659451659452,,
330,0.18960866512674274,92.06349206349206,,
331,0.17221581675703562,94.22799422799423,,
332,0.1808270107616078,94.08369408369408,,
333,0.1729216602393043,93.36219336219337,,
334,0.17546055348748596,92.78499278499278,,
335,0.1672643478341605,94.37229437229438,,
336,0.17793806922900213,94.08369408369408,,
337,0.17565422665333164,92.92929292929293,,
338,0.17333283233704935,93.21789321789322,,
339,0.17486040575851783,94.66089466089466,,
340,0.16760981495762284,94.8051948051948,,
341,0.16623234809047044,93.50649350649351,,
342,0.16710449744171824,93.50649350649351,,
343,0.18339105002033762,93.65079365079364,,
344,0.17131710114309626,93.79509379509379,,
345,0.16370903263016354,95.0937950937951,,
346,0.16086329094001225,95.0937950937951,,
347,0.17002430579707048,93.21789321789322,,
348,0.15573044896426827,95.23809523809524,,
349,0.17981490406811151,93.93939393939394,,
350,0.1844074423243473,93.36219336219337,0.35593294865125186,87.01298701298701
351,0.17468154202463995,93.07359307359307,,
352,0.17868022360498942,93.36219336219337,,
353,0.16981939622033038,95.38239538239539,,
354,0.13944310422927614,94.51659451659452,,
355,0.15832751174423773,94.51659451659452,,
356,0.16450678167964128,93.65079365079364,,
357,0.16894412052536767,92.4963924963925,,
358,0.15409496294342595,94.22799422799423,,
359,0.16813443717781942,94.51659451659452,,
360,0.18725426704723597,92.64069264069263,,
361,0.16642462431008337,94.22799422799423,,
362,0.1638744773106679,94.66089466089466,,
363,0.15319064557337314,95.67099567099567,,
364,0.14230426440679322,94.8051948051948,,
365,0.15339155067269075,94.8051948051948,,
366,0.16067634537966566,93.79509379509379,,
367,0.1672351700919015,94.94949494949495,,
368,0.16568220771236336,94.51659451659452,,
369,0.16092184087070724,94.8051948051948,,
370,0.1585375407299438,95.0937950937951,,
371,0.1421319872441918,95.0937950937951,,
372,0.1505423504294771,94.8051948051948,,
373,0.14326641840852183,95.52669552669553,,
374,0.15497484257038882,94.37229437229438,,
375,0.14793852156009338,94.51659451659452,0.3909722433074728,85.71428571428571
376,0.16550316880920748,93.65079365079364,,
377,0.14934373121240954,94.66089466089466,,
378,0.14887591332068176,93.79509379509379,,
379,0.16112938811155883,94.66089466089466,,
380,0.16730528893580857,94.22799422799423,,
381,0.14077845351262527,95.0937950937951,,
382,0.1578861867423031,93.21789321789322,,
383,0.1519231629352291,94.94949494949495,,
384,0.14740747028443033,94.22799422799423,,
385,0.1594830622404685,93.79509379509379,,
386,0.14154433762227303,94.8051948051948,,
387,0.15741701413370657,94.51659451659452,,
388,0.14721621409553126,94.08369408369408,,
389,0.15434927642775476,94.8051948051948,,
390,0.15327251252071855,94.08369408369408,,
391,0.1656096907276096,94.51659451659452,,
392,0.15516757469457637,93.65079365079364,,
393,0.14232738366589745,95.38239538239539,,
394,0.1488221622654069,95.23809523809524,,
395,0.13830331151748632,95.67099567099567,,
396,0.14625843338034025,94.51659451659452,,
397,0.14707045694665302,94.51659451659452,,
398,0.12153905255969985,95.81529581529581,,
399,0.13000010500136563,94.94949494949495,,
400,0.15943020019911414,93.93939393939394,0.389944555697503,84.41558441558442
401,0.15077467709994763,94.08369408369408,,
402,0.15125104148494561,94.94949494949495,,
403,0.12494166167439492,95.95959595959596,,
404,0.151117123964459,94.66089466089466,,
405,0.154096563936656,94.51659451659452,,
406,0.15648429396778646,94.51659451659452,,
407,0.1457654834653736,94.94949494949495,,
408,0.15256413316399847,95.0937950937951,,
409,0.14930663267513375,94.08369408369408,,
410,0.1317915165417896,95.52669552669553,,
411,0.14858998063666823,94.37229437229438,,
412,0.1373898580423079,95.38239538239539,,
413,0.1421732609234159,94.66089466089466,,
414,0.14370500753817791,94.37229437229438,,
415,0.1403991723873936,95.38239538239539,,
416,0.13465400167551392,94.37229437229438,,
417,0.13600521527155482,95.23809523809524,,
418,0.15188502689116617,96.24819624819625,,
419,0.13431326323827195,95.23809523809524,,
420,0.15216372726541577,94.22799422799423,,
421,0.13473336749090606,95.81529581529581,,
422,0.140259577727421,94.8051948051948,,
423,0.12702226131337374,95.38239538239539,,
424,0.1288564880559971,94.94949494949495,,
425,0.13708841903901203,95.23809523809524,0.4888262264914327,84.41558441558442
426,0.1726104093374198,93.50649350649351,,
427,0.12248211728158967,95.52669552669553,,
428,0.13075935597763994,96.24819624819625,,
429,0.15626386469189738,93.79509379509379,,
430,0.1434251835669188,95.23809523809524,,
431,0.13983170143066548,93.79509379509379,,
432,0.12675107922001835,95.38239538239539,,
433,0.12702614468392012,95.0937950937951,,
434,0.12457422740639203,96.1038961038961,,
435,0.12720352568237642,94.94949494949495,,
436,0.12000555449405961,95.38239538239539,,
437,0.1377556398027129,95.38239538239539,,
438,0.13636156873613553,94.8051948051948,,
439,0.11038423048985468,96.68109668109668,,
440,0.11628473542555413,95.95959595959596,,
441,0.13217674086104222,96.24819624819625,,
442,0.12524230549216786,95.0937950937951,,
443,0.14006204455875904,94.22799422799423,,
444,0.13210810761775119,95.95959595959596,,
445,0.16604008772887538,93.65079365079364,,
446,0.12829250892863472,95.81529581529581,,
447,0.15074332889497366,94.22799422799423,,
448,0.1336743886680658,94.94949494949495,,
449,0.15017148617972198,94.8051948051948,,
450,0.12796257500782673,95.52669552669553,0.4108527925881473,85.71428571428571
451,0.14572678364458538,94.51659451659452,,
452,0.11461190452522357,96.1038961038961,,
453,0.1314199696285556,95.95959595959596,,
454,0.11575067696977315,96.1038961038961,,
455,0.12776644348904684,95.23809523809524,,
456,0.1249761874135718,95.38239538239539,,
457,0.12398545005362788,96.24819624819625,,
458,0.11120857924631491,96.24819624819625,,
459,0.12140938607387212,95.23809523809524,,
460,0.11561505468011246,96.1038961038961,,
461,0.1454166021482941,94.22799422799423,,
462,0.12995978002940423,95.95959595959596,,
463,0.11210463891641746,97.11399711399712,,
464,0.10383047511825313,96.68109668109668,,
465,0.13573981600062326,94.94949494949495,,
466,0.14145458363867425,94.8051948051948,,
467,0.12747383654160588,95.38239538239539,,
468,0.10762727427233178,97.11399711399712,,
469,0.12974564734346422,94.94949494949495,,
470,0.116535529408276,96.1038961038961,,
471,0.12334905676597469,96.3924963924964,,
472,0.09795735228650841,97.54689754689754,,
473,0.1350373669942736,95.81529581529581,,
474,0.12223723699563166,95.81529581529581,,
475,0.12929594847891066,95.95959595959596,0.5010052770376205,84.41558441558442
476,0.1223668275484318,96.1038961038961,,
477,0.122676041428118,96.1038961038961,,
478,0.11030771240355476,95.67099567099567,,
479,0.15707389542679767,94.08369408369408,,
480,0.1181675935483942,96.24819624819625,,
481,0.12072456304473106,96.3924963924964,,
482,0.13802782633754426,96.3924963924964,,
483,0.13205710503650347,95.52669552669553,,
484,0.13195857732498972,95.67099567099567,,
485,0.118959043685664,95.23809523809524,,
486,0.11553346560286926,95.67099567099567,,
487,0.11827458545544103,95.81529581529581,,
488,0.12126166092616225,95.95959595959596,,
489,0.11452784859084808,95.81529581529581,,
490,0.10680312058024248,95.95959595959596,,
491,0.1304332623406062,96.1038961038961,,
492,0.1055937579269877,96.68109668109668,,
493,0.09736703403837021,96.3924963924964,,
494,0.0904583057165576,96.82539682539682,,
495,0.11207820956486386,96.1038961038961,,
496,0.1261284871249961,96.1038961038961,,
497,0.11248440877097682,96.3924963924964,,
498,0.10219618337279962,95.67099567099567,,
499,0.10163920046963217,96.53679653679653,,
500,0.09435155239456143,97.11399711399712,0.4758079892822674,87.01298701298701
501,0.10924255775897877,96.24819624819625,,
502,0.12799895846676002,95.23809523809524,,
503,0.11274906820893116,95.67099567099567,,
504,0.10009113966365053,96.53679653679653,,
505,0.1014478908687787,95.95959595959596,,
506,0.10345333260396686,95.95959595959596,,
507,0.10844968059631051,96.53679653679653,,
508,0.11111420255374771,96.3924963924964,,
509,0.10332547812178344,96.53679653679653,,
510,0.11981224986082172,95.95959595959596,,
511,0.09894165849315828,96.1038961038961,,
512,0.11939991318216228,95.67099567099567,,
513,0.09816027054237941,96.68109668109668,,
514,0.1112646692328983,95.67099567099567,,
515,0.09769023776398421,96.68109668109668,,
516,0.10248144342957809,96.53679653679653,,
517,0.11475389343377305,96.24819624819625,,
518,0.1346023219273376,95.95959595959596,,
519,0.10108363724073119,96.24819624819625,,
520,0.1252320112088026,95.81529581529581,,
521,0.11511830078144954,96.1038961038961,,
522,0.11453591277459998,96.3924963924964,,
523,0.10518704893398079,96.1038961038961,,
524,0.11401925741293041,96.24819624819625,,
525,0.09081356113435214,97.83549783549783,0.49997247929696914,89.6103896103896
526,0.09457454939935932,96.82539682539682,,
527,0.09386296528371381,97.25829725829726,,
528,0.11452963786981839,96.53679653679653,,
529,0.11937361865332632,95.67099567099567,,
530,0.10713749570290935,96.3924963924964,,
531,0.10650065711136332,96.1038961038961,,
532,0.10080365103926149,96.96969696969697,,
533,0.12170473110968244,95.38239538239539,,
534,0.09844764024099875,96.24819624819625,,
535,0.10061620690820881,96.53679653679653,,
536,0.1008659205782465,95.81529581529581,,
537,0.09242676364050971,97.11399711399712,,
538,0.08111158345287066,97.25829725829726,,
539,0.11740214055105722,95.81529581529581,,
540,0.11721272336273396,95.38239538239539,,
541,0.11588423403482588,95.0937950937951,,
542,0.11031186223718167,95.95959595959596,,
543,0.0783871528685824,97.54689754689754,,
544,0.10081549316865068,95.81529581529581,,
545,0.1219215120416011,95.81529581529581,,
546,0.10169336241690112,96.3924963924964,,
547,0.09950077357939828,96.24819624819625,,
548,0.08934653039032547,96.82539682539682,,
549,0.10071347220592512,96.3924963924964,,
550,0.0954139046747275,96.68109668109668,0.5849374929418811,85.71428571428571
551,0.09106691493444456,96.96969696969697,,
552,0.10075782844729582,96.96969696969697,,
553,0.10939107092922556,96.3924963924964,,
554,0.10846055670228785,96.3924963924964,,
555,0.09085087200242375,97.40259740259741,,
556,0.08432866196439724,97.54689754689754,,
557,0.10579151874992722,96.3924963924964,,
558,0.11558736284219083,95.52669552669553,,
559,0.12246156705363316,96.53679653679653,,
560,0.0789118905129747,97.69119769119769,,
561,0.10238502087799932,96.68109668109668,,
562,0.09330989661240818,96.3924963924964,,
563,0.09616801738308965,96.68109668109668,,
564,0.10583454608100146,96.24819624819625,,
565,0.09852965458324461,96.24819624819625,,
566,0.11005856026861746,96.1038961038961,,
567,0.10561057667195539,96.24819624819625,,
568,0.08648820171431029,97.40259740259741,,
569,0.10365988888265766,96.82539682539682,,
570,0.09467445809560765,96.96969696969697,,
571,0.09104412510281518,96.3924963924964,,
572,0.09640958777280768,96.1038961038961,,
573,0.08977598140035013,97.11399711399712,,
574,0.08093916675315103,96.82539682539682,,
575,0.089854414801921,97.11399711399712,0.6232756712994019,85.71428571428571
576,0.1042166498918382,96.53679653679653,,
577,0.10171435973613724,95.81529581529581,,
578,0.08615208927859132,97.40259740259741,,
579,0.08274185880051031,97.40259740259741,,
580,0.09055406314255011,96.96969696969697,,
581,0.1094255851122079,95.95959595959596,,
582,0.10205036342079506,95.95959595959596,,
583,0.10782566618222694,96.53679653679653,,
584,0.11130973442174054,96.3924963924964,,
585,0.10188932181436779,96.82539682539682,,
586,0.09003095007884554,96.96969696969697,,
587,0.08690232042798404,96.96969696969697,,
588,0.08880662984748251,96.96969696969697,,
589,0.10127039917060651,96.96969696969697,,
590,0.08753226284330111,96.53679653679653,,
591,0.08453311786474861,96.68109668109668,,
592,0.07995913627666312,96.68109668109668,,
593,0.08299300147685482,97.11399711399712,,
594,0.08300874481168488,97.40259740259741,,
595,0.08382038499025728,97.69119769119769,,
596,0.10044428280052094,96.68109668109668,,
597,0.0716394553065816,97.83549783549783,,
598,0.07948200405719133,97.69119769119769,,
599,0.07981844201232448,97.69119769119769,,
600,0.08591728151102603,96.3924963924964,0.58362759702972,88.31168831168831
601,0.08656105394831295,97.25829725829726,,
602,0.08260566299757013,97.40259740259741,,
603,0.0868962040173715,97.40259740259741,,
604,0.08667916058418898,96.96969696969697,,
605,0.08387509714657491,97.40259740259741,,
606,0.0848652029564217,97.83549783549783,,
607,0.07894341255206222,96.96969696969697,,
608,0.08427172574904394,96.96969696969697,,
609,0.10949251944035249,95.95959595959596,,
610,0.07534589428685788,97.97979797979798,,
611,0.0843099777789687,96.53679653679653,,
612,0.10666712592281992,96.1038961038961,,
613,0.07813537735787648,97.54689754689754,,
614,0.08400157031107258,97.25829725829726,,
615,0.08269408263244585,97.69119769119769,,
616,0.09375347426056346,96.68109668109668,,
617,0.07317254647161021,97.11399711399712,,
618,0.07601776101974526,97.54689754689754,,
619,0.11146136716244713,97.25829725829726,,
620,0.07231462716755241,98.12409812409813,,
621,0.0935993024926165,97.11399711399712,,
622,0.09963535411017281,95.95959595959596,,
623,0.09485302425512418,95.95959595959596,,
624,0.08715065350570592,97.11399711399712,,
625,0.0877075574023469,97.25829725829726,0.6623062090827273,85.71428571428571
626,0.09455151238826791,96.3924963924964,,
627,0.0899857742037264,96.68109668109668,,
628,0.08010732588958946,97.25829725829726,,
629,0.07782972405139157,97.11399711399712,,
630,0.07929220753701734,97.25829725829726,,
631,0.07870135769183502,97.97979797979798,,
632,0.09792637543330805,96.24819624819625,,
633,0.09165919338813935,97.40259740259741,,
634,0.09586332679267913,97.83549783549783,,
635,0.08331774533181996,96.96969696969697,,
636,0.0861899902154443,96.96969696969697,,
637,0.08561981758600018,95.81529581529581,,
638,0.08013726324165538,96.53679653679653,,
639,0.08975895730749009,96.96969696969697,,
640,0.06893618755623118,98.26839826839827,,
641,0.10128361893304412,94.8051948051948,,
642,0.06880605070277898,97.40259740259741,,
643,0.09259497473207215,96.24819624819625,,
644,0.07987906676307213,97.40259740259741,,
645,0.10163501564622958,96.24819624819625,,
646,0.07704158368134739,97.69119769119769,,
647,0.07434111906680538,96.82539682539682,,
648,0.09116347655815221,96.68109668109668,,
649,0.07990790195736233,97.11399711399712,,
650,0.0983159906979419,96.82539682539682,0.6659933663420863,87.01298701298701
651,0.0941469156603943,96.96969696969697,,
652,0.10545768684467025,96.96969696969697,,
653,0.07765287808095565,97.83549783549783,,
654,0.07977104825767303,96.68109668109668,,
655,0.10322039222820496,96.96969696969697,,
656,0.0905818800652913,97.11399711399712,,
657,0.060176121095171224,97.83549783549783,,
658,0.08605918670436005,96.3924963924964,,
659,0.07223714814987706,97.25829725829726,,
660,0.0922381172136741,97.40259740259741,,
661,0.08104215733825214,97.69119769119769,,
662,0.07643867822694572,97.54689754689754,,
663,0.07282998226851783,97.83549783549783,,
664,0.09145870901242992,97.25829725829726,,
665,0.08167550754215983,97.25829725829726,,
666,0.06380278483224014,98.41269841269842,,
667,0.07671180750212456,97.11399711399712,,
668,0.08984437656910045,97.11399711399712,,
669,0.10644191332043164,96.3924963924964,,
670,0.08664563842236049,97.25829725829726,,
671,0.08569841282536285,97.25829725829726,,
672,0.07519443513769092,97.54689754689754,,
673,0.0780771831574636,97.25829725829726,,
674,0.0737340244938973,97.97979797979798,,
675,0.07112964414816732,97.54689754689754,0.6822634624776902,88.31168831168831
676,0.08581841991835343,97.83549783549783,,
677,0.08758326109987918,96.3924963924964,,
678,0.09177271324017691,96.68109668109668,,
679,0.07745376217459875,97.69119769119769,,
680,0.06624659405911038,97.69119769119769,,
681,0.08139919215466553,97.69119769119769,,
682,0.07818523189657695,96.68109668109668,,
683,0.07182115860401637,97.83549783549783,,
684,0.07453858055185102,97.25829725829726,,
685,0.07714321571812141,97.54689754689754,,
686,0.08233687020354456,96.82539682539682,,
687,0.07139240024667798,97.83549783549783,,
688,0.0821217755057337,96.68109668109668,,
689,0.08928935420612064,96.24819624819625,,
690,0.08175111550086515,97.54689754689754,,
691,0.08362185326102492,97.40259740259741,,
692,0.07724925811190164,97.54689754689754,,
693,0.07131755392874818,97.69119769119769,,
694,0.08602205609088336,96.3924963924964,,
695,0.07224327776228948,97.11399711399712,,
696,0.07984881408574411,97.25829725829726,,
697,0.07025203025196967,96.96969696969697,,
698,0.0706368808729996,97.11399711399712,,
699,0.0712997384159725,97.97979797979798,,
700,0.09902874081466793,96.68109668109668,0.776946233851569,85.71428571428571
701,0.09341180664829878,96.96969696969697,,
702,0.062330751272636056,98.41269841269842,,
703,0.06531932150130663,97.83549783549783,,
704,0.07964954769284523,97.11399711399712,,
705,0.06904912075299291,98.12409812409813,,
706,0.08520908843024404,96.82539682539682,,
707,0.08139560266939148,97.25829725829726,,
708,0.062023360623533245,98.12409812409813,,
709,0.08619464632838664,96.53679653679653,,
710,0.06626507914040512,97.83549783549783,,
711,0.060373633492517606,97.54689754689754,,
712,0.08006095536278957,96.82539682539682,,
713,0.08620672089734463,96.96969696969697,,
714,0.06721596239661479,97.69119769119769,,
715,0.08554817513330244,97.11399711399712,,
716,0.0708846470037365,96.82539682539682,,
717,0.09905866230334039,97.54689754689754,,
718,0.07950149222531101,97.11399711399712,,
719,0.09682850688319615,96.1038961038961,,
720,0.07201510538820118,97.97979797979798,,
721,0.06868481264055894,97.25829725829726,,
722,0.06609952944353717,98.41269841269842,,
723,0.06691545901166929,97.69119769119769,,
724,0.05903078914548755,98.26839826839827,,
725,0.08785636436522093,96.1038961038961,0.7782885626732529,87.01298701298701
726,0.07413388018645507,97.83549783549783,,
727,0.07272630463882442,97.25829725829726,,
728,0.08923300388463992,96.68109668109668,,
729,0.07481327135798563,97.25829725829726,,
730,0.06169655984119764,98.55699855699855,,
731,0.07538728623464167,97.40259740259741,,
732,0.06982116996274366,97.11399711399712,,
733,0.07839266398671643,97.83549783549783,,
734,0.06391115434864915,98.12409812409813,,
735,0.0642678729684494,97.97979797979798,,
736,0.07241667583477274,97.11399711399712,,
737,0.08595929039483635,96.82539682539682,,
738,0.06382203651498063,97.69119769119769,,
739,0.09188713585219328,96.53679653679653,,
740,0.06808108626764058,97.97979797979798,,
741,0.07078418857317208,96.96969696969697,,
742,0.07592359519581086,97.69119769119769,,
743,0.09049703229976681,96.53679653679653,,
744,0.06818289934250313,97.40259740259741,,
745,0.07217205067341247,97.40259740259741,,
746,0.07517517630607534,97.25829725829726,,
747,0.06631036981010291,97.69119769119769,,
748,0.07894353783577895,96.96969696969697,,
749,0.05256418923848721,98.55699855699855,,
750,0.0746859878000587,97.25829725829726,0.8336836362813974,85.71428571428571
751,0.0684204704167179,98.12409812409813,,
752,0.06726592754163009,97.54689754689754,,
753,0.06429681158120627,98.41269841269842,,
754,0.07877671112800971,97.97979797979798,,
755,0.08412435342266102,96.68109668109668,,
756,0.08238708849292124,97.69119769119769,,
757,0.06084946056620942,98.12409812409813,,
758,0.06268886744594376,97.83549783549783,,
759,0.07778815518726002,97.40259740259741,,
760,0.06987080234674062,97.54689754689754,,
761,0.08288746062144745,97.40259740259741,,
762,0.062481811740482694,97.97979797979798,,
763,0.066578956586974,97.83549783549783,,
764,0.06733247123841428,97.40259740259741,,
765,0.08393100946254674,97.40259740259741,,
766,0.060927829292601494,98.12409812409813,,
767,0.07567221424602844,97.69119769119769,,
768,0.07935208529448956,96.82539682539682,,
769,0.07299422344238556,96.96969696969697,,
770,0.0691053198077978,97.69119769119769,,
771,0.06442764650863658,97.69119769119769,,
772,0.05290816072844947,98.55699855699855,,
773,0.07985887412669898,97.11399711399712,,
774,0.06761056689268669,97.69119769119769,,
775,0.05625080145239658,98.41269841269842,0.8723896432232547,87.01298701298701
776,0.0676371922654679,97.54689754689754,,
777,0.06980310087488671,97.54689754689754,,
778,0.0691130929337586,97.83549783549783,,
779,0.07143865616570132,97.83549783549783,,
780,0.058034527020106925,97.97979797979798,,
781,0.06137076947531659,97.54689754689754,,
782,0.0711643033449956,98.12409812409813,,
783,0.0714394554958113,98.12409812409813,,
784,0.06812511337181879,97.25829725829726,,
785,0.05731686726642549,98.41269841269842,,
786,0.05886055448483595,98.12409812409813,,
787,0.06424812670705725,98.26839826839827,,
788,0.0664086365295523,97.69119769119769,,
789,0.058916112824650896,98.7012987012987,,
790,0.050994282194600046,98.41269841269842,,
791,0.08676095433737464,97.40259740259741,,
792,0.06289050294910148,97.97979797979798,,
793,0.07881760857945569,97.69119769119769,,
794,0.05975584080241201,97.97979797979798,,
795,0.05597704145815465,98.55699855699855,,
796,0.07608912378522026,97.54689754689754,,
797,0.05707410354473632,98.26839826839827,,
798,0.07469105742559977,96.96969696969697,,
799,0.05294686733055618,98.12409812409813,,
800,0.07491549080261936,97.25829725829726,0.8740076354958795,85.71428571428571
801,0.052953572900801854,98.41269841269842,,
802,0.0642402454307585,97.83549783549783,,
803,0.07720054588233581,97.40259740259741,,
804,0.06339056279865049,97.97979797979798,,
805,0.08016962629526553,97.11399711399712,,
806,0.0641788404279027,98.12409812409813,,
807,0.05375735595833085,98.41269841269842,,
808,0.07139058292320624,97.69119769119769,,
809,0.07543587677105508,96.96969696969697,,
810,0.0665469706477799,98.26839826839827,,
811,0.05824033072565025,97.97979797979798,,
812,0.06408591515251569,97.83549783549783,,
813,0.061298462096601725,98.41269841269842,,
814,0.07537010274451188,97.40259740259741,,
815,0.06773928846692878,98.55699855699855,,
816,0.07154066318412235,97.83549783549783,,
817,0.06351935609766587,97.69119769119769,,
818,0.06267352127785893,98.26839826839827,,
819,0.07938860326166793,98.41269841269842,,
820,0.06467738259492327,97.40259740259741,,
821,0.06929727927828679,97.54689754689754,,
822,0.06011439715263475,98.12409812409813,,
823,0.06697255606033327,98.26839826839827,,
824,0.06987043567980179,97.25829725829726,,
825,0.052493182039842504,98.7012987012987,0.8669836143781613,85.71428571428571
826,0.07156806970270509,97.11399711399712,,
827,0.061475705741777006,97.69119769119769,,
828,0.06251173092571086,98.12409812409813,,
829,0.05731043446954195,98.12409812409813,,
830,0.06868237361895164,97.11399711399712,,
831,0.05663621045237818,98.12409812409813,,
832,0.05568036811176317,97.83549783549783,,
833,0.06104613247785776,98.41269841269842,,
834,0.0670783088836835,97.69119769119769,,
835,0.05821836039741103,98.26839826839827,,
836,0.06065894426807525,98.41269841269842,,
837,0.06561355439013389,98.12409812409813,,
838,0.05803051914933741,97.83549783549783,,
839,0.07123040973409085,97.83549783549783,,
840,0.06484175680949747,98.41269841269842,,
841,0.0720313172048283,97.69119769119769,,
842,0.05350444423677171,97.54689754689754,,
843,0.06539647004864088,97.69119769119769,,
844,0.07571606412744969,97.69119769119769,,
845,0.06334733198602478,97.69119769119769,,
846,0.06817361449588945,97.69119769119769,,
847,0.05016847055480637,98.98989898989899,,
848,0.05321849539505068,98.26839826839827,,
849,0.056646346629289496,98.12409812409813,,
850,0.060511127211728695,97.54689754689754,0.9256379124406097,89.6103896103896
851,0.05535007304072509,97.97979797979798,,
852,0.06351568745005698,98.12409812409813,,
853,0.048653681782675,98.41269841269842,,
854,0.08321720879917364,96.96969696969697,,
855,0.05692163673142162,98.26839826839827,,
856,0.07550378166364902,97.54689754689754,,
857,0.06803509690308296,96.96969696969697,,
858,0.06111646813446653,97.40259740259741,,
859,0.05218426713284541,97.54689754689754,,
860,0.08418924476505187,97.11399711399712,,
861,0.056532846406252696,98.26839826839827,,
862,0.061795916433834495,98.12409812409813,,
863,0.058682557331158916,98.26839826839827,,
864,0.05557243592656133,98.26839826839827,,
865,0.055407836915008606,98.12409812409813,,
866,0.05885864233848078,97.97979797979798,,
867,0.05451975122610212,98.26839826839827,,
868,0.04970213616049135,98.7012987012987,,
869,0.055653384209188535,97.83549783549783,,
870,0.054299244680005146,97.83549783549783,,
871,0.05108230668798756,98.12409812409813,,
872,0.05707681043581529,97.97979797979798,,
873,0.05460057120560568,97.83549783549783,,
874,0.06450326759018768,97.69119769119769,,
875,0.0550172043585287,98.12409812409813,1.0299711712188535,88.31168831168831
876,0.055723388954825044,98.26839826839827,,
877,0.04347920372328233,98.7012987012987,,
878,0.06566687530339366,97.83549783549783,,
879,0.07102264547357698,97.40259740259741,,
880,0.04784806718858978,98.55699855699855,,
881,0.049815366340298504,98.7012987012987,,
882,0.05406111011262795,98.41269841269842,,
883,0.060219868340275505,97.25829725829726,,
884,0.04305861355981441,99.13419913419914,,
885,0.056853818832150786,97.97979797979798,,
886,0.04501223153452164,99.13419913419914,,
887,0.05484978591789415,97.97979797979798,,
888,0.08503089877224122,98.12409812409813,,
889,0.05553798987644403,98.12409812409813,,
890,0.0658061709832857,97.83549783549783,,
891,0.043396509323715304,98.7012987012987,,
892,0.05488624910234029,98.12409812409813,,
893,0.06867237679907598,97.40259740259741,,
894,0.057253908414345286,98.12409812409813,,
895,0.055073798464780506,98.55699855699855,,
896,0.0668351286310386,97.83549783549783,,
897,0.06067424190121812,98.12409812409813,,
898,0.055845516299745566,98.41269841269842,,
899,0.05509327805411571,98.12409812409813,,
900,0.05521396003192503,98.12409812409813,1.0612210099186217,85.71428571428571
901,0.05752487907462994,98.12409812409813,,
902,0.06750069099813055,98.26839826839827,,
903,0.06216177544168507,98.55699855699855,,
904,0.05923478459888292,97.83549783549783,,
905,0.05162330018507631,98.55699855699855,,
906,0.06363542738113913,97.40259740259741,,
907,0.05117887214449749,98.41269841269842,,
908,0.06683847495229729,98.55699855699855,,
909,0.05731335783869157,98.12409812409813,,
910,0.03673298089142787,98.7012987012987,,
911,0.0699159601571584,98.12409812409813,,
912,0.04702655547049869,98.55699855699855,,
913,0.0475518664146584,98.84559884559884,,
914,0.05764447885291976,98.7012987012987,,
915,0.05328093568927476,97.97979797979798,,
916,0.05507249499753139,97.54689754689754,,
917,0.05121137977485017,97.83549783549783,,
918,0.05772949565063576,97.97979797979798,,
919,0.07158538537882107,97.25829725829726,,
920,0.05870967519618732,97.83549783549783,,
921,0.060739473962530086,97.83549783549783,,
922,0.04889540338800067,98.26839826839827,,
923,0.06710347306375723,97.40259740259741,,
924,0.05267958620947505,98.12409812409813,,
925,0.06944952341815266,98.26839826839827,1.0488830620979335,87.01298701298701
926,0.05523854313474713,97.97979797979798,,
927,0.044844051777327386,98.7012987012987,,
928,0.057899337511880575,98.12409812409813,,
929,0.04804241910850976,98.41269841269842,,
930,0.05071188811572943,98.12409812409813,,
931,0.06014593929847942,97.97979797979798,,
932,0.04008707657327384,99.27849927849928,,
933,0.04721553058734414,97.97979797979798,,
934,0.06935118923627626,97.97979797979798,,
935,0.055238022456217076,97.97979797979798,,
936,0.053802386038462276,97.83549783549783,,
937,0.04864530690541171,98.55699855699855,,
938,0.0509190381145774,98.41269841269842,,
939,0.05666873724338253,97.69119769119769,,
940,0.05249789560383016,98.26839826839827,,
941,0.04875981678022408,98.41269841269842,,
942,0.06006389461903904,98.12409812409813,,
943,0.04752501929756711,98.12409812409813,,
944,0.054335038267710335,97.83549783549783,,
945,0.05607710540574178,98.12409812409813,,
946,0.04053527670731018,98.84559884559884,,
947,0.0499116847382974,98.55699855699855,,
948,0.04576775567232488,98.12409812409813,,
949,0.05388798328683662,98.55699855699855,,
950,0.06804342127121545,96.96969696969697,1.1045078700045488,84.41558441558442
951,0.05057874203136817,98.41269841269842,,
952,0.05378621800642724,98.12409812409813,,
953,0.0497583629399495,98.41269841269842,,
954,0.040126985183568914,98.7012987012987,,
955,0.05631635018085462,97.97979797979798,,
956,0.052661931855149814,98.7012987012987,,
957,0.048984581705056464,98.26839826839827,,
958,0.05456630259881288,98.26839826839827,,
959,0.06674003794595793,97.69119769119769,,
960,0.06900734312544761,98.41269841269842,,
961,0.06661454019436416,97.54689754689754,,
962,0.0530472480924464,98.41269841269842,,
963,0.0466164681270267,98.41269841269842,,
964,0.06645584516872317,97.83549783549783,,
965,0.06314669853858489,97.83549783549783,,
966,0.04649364776119138,98.41269841269842,,
967,0.05132377168101838,98.7012987012987,,
968,0.04055824878519404,98.7012987012987,,
969,0.0410764939759819,98.7012987012987,,
970,0.04305607240518063,98.7012987012987,,
971,0.050679237591196795,98.55699855699855,,
972,0.0429539970401305,98.55699855699855,,
973,0.04965737008880743,98.7012987012987,,
974,0.05631084181099571,97.69119769119769,,
975,0.051474079247805976,98.7012987012987,1.1547277751681093,87.01298701298701
976,0.03742343820308968,98.84559884559884,,
977,0.053506654274648575,98.12409812409813,,
978,0.0674236999585429,97.69119769119769,,
979,0.050997009207891006,98.12409812409813,,
980,0.05471991493217486,98.84559884559884,,
981,0.05235367259857329,98.55699855699855,,
982,0.058172228208556234,97.25829725829726,,
983,0.07449380530939474,98.41269841269842,,
984,0.04946559181156441,98.26839826839827,,
985,0.03874019053757922,98.7012987012987,,
986,0.044647828206785485,98.55699855699855,,
987,0.05905987978019197,97.97979797979798,,
988,0.04296024254399579,98.7012987012987,,
989,0.05107498372411745,98.12409812409813,,
990,0.060124383744760854,97.83549783549783,,
991,0.039911279323125125,98.84559884559884,,
992,0.03938332798690528,98.26839826839827,,
993,0.04746538333723813,98.41269841269842,,
994,0.04267541881737662,98.7012987012987,,
995,0.04652525697838821,98.84559884559884,,
996,0.11762874719954242,97.54689754689754,,
997,0.0601719989069075,97.25829725829726,,
998,0.0481458863748767,97.83549783549783,,
999,0.04810611395874903,98.55699855699855,,
1000,0.05368334605945825,98.7012987012987,1.1089262381776588,87.01298701298701
