epoch,train_loss,train_acc,test_loss,test_acc
1,0.6894915931324594,55.84415584415584,0.6860403232760244,55.84415584415584
2,0.6878310084170938,55.98845598845599,,
3,0.6885634109399363,55.98845598845599,,
4,0.6859753460423083,55.98845598845599,,
5,0.6865355384470236,55.98845598845599,,
6,0.6866578514785822,55.98845598845599,,
7,0.6861704335928307,55.98845598845599,,
8,0.686334819074661,55.98845598845599,,
9,0.6876399882600077,55.98845598845599,,
10,0.6857156308010371,55.98845598845599,,
11,0.6871615625047064,55.98845598845599,,
12,0.685696631713003,55.98845598845599,,
13,0.6861287434551795,55.98845598845599,,
14,0.6857475482712232,55.98845598845599,,
15,0.6854981884983883,55.98845598845599,,
16,0.6837958979056167,55.98845598845599,,
17,0.6845908482353409,55.98845598845599,,
18,0.6831157494761039,55.98845598845599,,
19,0.6823502489154645,55.98845598845599,,
20,0.6824338886816952,55.98845598845599,,
21,0.6820967920758851,55.98845598845599,,
22,0.6807760159346621,55.98845598845599,,
23,0.6788280675937604,55.98845598845599,,
24,0.6793716031235534,55.98845598845599,,
25,0.6792525961285546,55.98845598845599,0.6800026583981205,55.84415584415584
26,0.6767897205091314,55.98845598845599,,
27,0.6758343082829815,55.98845598845599,,
28,0.6755209791367877,55.98845598845599,,
29,0.6755376612985289,55.98845598845599,,
30,0.6712984658594944,55.98845598845599,,
31,0.6697479520869289,55.98845598845599,,
32,0.6674825131119072,55.98845598845599,,
33,0.6726729503441683,55.98845598845599,,
34,0.6673034092392585,55.98845598845599,,
35,0.6686080695058705,55.98845598845599,,
36,0.6623527506557206,55.98845598845599,,
37,0.6614746546848512,55.98845598845599,,
38,0.6568047108416262,55.98845598845599,,
39,0.6561553160865585,55.98845598845599,,
40,0.6549712397147395,55.98845598845599,,
41,0.6509588485500342,55.98845598845599,,
42,0.6509742293867026,55.98845598845599,,
43,0.651461625770057,55.98845598845599,,
44,0.6484552110944476,55.98845598845599,,
45,0.6456001952269033,55.98845598845599,,
46,0.6415194192145982,55.98845598845599,,
47,0.641188959882717,55.98845598845599,,
48,0.6361192522454916,55.98845598845599,,
49,0.6350722318947918,55.98845598845599,,
50,0.634516751525378,55.98845598845599,0.6373722874498987,55.84415584415584
51,0.6318262304578509,57.142857142857146,,
52,0.6274804924473618,60.317460317460316,,
53,0.6273744942305924,59.884559884559884,,
54,0.6229132762202969,61.47186147186147,,
55,0.6239622347970718,62.62626262626262,,
56,0.6169432236518695,64.21356421356421,,
57,0.6159964714731488,63.63636363636363,,
58,0.6212366853785549,64.5021645021645,,
59,0.6121882857354345,65.94516594516594,,
60,0.6114648590872298,63.924963924963926,,
61,0.6122053009693069,64.7907647907648,,
62,0.6017132422968767,66.95526695526695,,
63,0.6037603215909796,65.65656565656566,,
64,0.6086401229812985,67.0995670995671,,
65,0.604161637428003,67.0995670995671,,
66,0.5995583996972308,68.68686868686869,,
67,0.5960417175705814,71.13997113997114,,
68,0.5953724389468437,68.3982683982684,,
69,0.5926363702546295,69.40836940836941,,
70,0.587332722256538,69.98556998556998,,
71,0.573934563826689,71.57287157287158,,
72,0.5865494488465666,69.6969696969697,,
73,0.5891390190840111,72.2943722943723,,
74,0.5735556186535657,71.86147186147186,,
75,0.5721170574985713,72.58297258297259,0.5783131439964493,66.23376623376623
76,0.5658823444385721,72.87157287157287,,
77,0.5606679881978001,73.44877344877345,,
78,0.5629988007387213,70.12987012987013,,
79,0.5660977648278164,70.99567099567099,,
80,0.5505542598589502,74.45887445887446,,
81,0.5435756187762361,74.02597402597402,,
82,0.5504346148448245,72.58297258297259,,
83,0.554725803768136,71.71717171717172,,
84,0.5481405692097084,73.73737373737374,,
85,0.5406247752397435,74.17027417027417,,
86,0.5246485261001972,76.91197691197691,,
87,0.5293250049089456,75.75757575757575,,
88,0.5273741694411846,76.19047619047619,,
89,0.52840950487324,75.18037518037518,,
90,0.5290848439906066,76.91197691197691,,
91,0.5107426131614531,77.92207792207792,,
92,0.5174317311758947,77.2005772005772,,
93,0.5162332233412441,76.33477633477634,,
94,0.5214274251271808,76.19047619047619,,
95,0.504223541091875,77.05627705627705,,
96,0.5253242218133175,75.9018759018759,,
97,0.500354772522336,78.64357864357865,,
98,0.497794849359972,77.4891774891775,,
99,0.5092503075819855,77.4891774891775,,
100,0.5099866842638706,76.76767676767676,0.5000358003300506,80.51948051948052
101,0.5160734036784151,75.9018759018759,,
102,0.49213274758615533,78.35497835497836,,
103,0.48861363775286326,77.34487734487735,,
104,0.49986893729902104,77.2005772005772,,
105,0.48834861752618786,77.92207792207792,,
106,0.48304055796729195,77.92207792207792,,
107,0.4813097482721871,79.50937950937951,,
108,0.4831146357465444,77.63347763347764,,
109,0.4802569358637839,77.4891774891775,,
110,0.47667751666615366,79.50937950937951,,
111,0.494272581684641,78.93217893217893,,
112,0.4776243714113084,79.36507936507937,,
113,0.4576562125273425,79.65367965367966,,
114,0.4636873583084921,79.07647907647907,,
115,0.4594208869927201,81.0966810966811,,
116,0.4661936876491723,78.64357864357865,,
117,0.46133353570839025,81.0966810966811,,
118,0.458900540938109,79.36507936507937,,
119,0.46290734474793144,79.50937950937951,,
120,0.46097225049701435,78.64357864357865,,
121,0.4719594857221386,79.07647907647907,,
122,0.45993714406548813,79.07647907647907,,
123,0.46640253441158314,79.79797979797979,,
124,0.4641664870201595,79.94227994227994,,
125,0.4406087807074598,82.25108225108225,0.43713851331116316,83.11688311688312
126,0.4476929618338658,80.8080808080808,,
127,0.45718252030974,79.65367965367966,,
128,0.4299698686186885,80.8080808080808,,
129,0.42151293941218443,83.11688311688312,,
130,0.4479763238202958,79.94227994227994,,
131,0.444004176412998,79.22077922077922,,
132,0.42042249329334386,82.1067821067821,,
133,0.4459857309363449,80.51948051948052,,
134,0.4359946615166134,80.37518037518038,,
135,0.4289557427210897,82.3953823953824,,
136,0.43539068881223386,80.66378066378067,,
137,0.4150159949004048,82.3953823953824,,
138,0.41782188105892826,80.95238095238095,,
139,0.41089964738655915,84.7041847041847,,
140,0.42791550207619716,80.95238095238095,,
141,0.3994000860278913,83.98268398268398,,
142,0.4148624512712333,81.81818181818181,,
143,0.42151981798601357,83.26118326118326,,
144,0.4093931652766802,81.96248196248196,,
145,0.41375824400528854,82.97258297258297,,
146,0.42238746585612,82.1067821067821,,
147,0.4142872965525067,82.1067821067821,,
148,0.41897967100831507,80.51948051948052,,
149,0.41644432082836763,83.11688311688312,,
150,0.3892055502185574,84.7041847041847,0.4172926022634878,80.51948051948052
151,0.3991746119778566,81.96248196248196,,
152,0.4041971830492584,81.52958152958153,,
153,0.4001694080805538,85.42568542568543,,
154,0.3990432812710001,83.69408369408369,,
155,0.3892877268756795,83.69408369408369,,
156,0.41030484915295723,81.67388167388168,,
157,0.38513412964120397,83.54978354978356,,
158,0.40831247038741475,82.25108225108225,,
159,0.37134682736527524,84.7041847041847,,
160,0.4091937674416436,82.53968253968254,,
161,0.37443730893073146,84.99278499278499,,
162,0.3838318071044541,85.13708513708514,,
163,0.39273564743273187,82.82828282828282,,
164,0.373040773995855,84.27128427128427,,
165,0.38833537155931647,82.97258297258297,,
166,0.38321363650703155,85.42568542568543,,
167,0.4101672184587729,82.1067821067821,,
168,0.3768446198187521,85.28138528138528,,
169,0.3971548653483219,82.68398268398268,,
170,0.37898125044711223,83.40548340548341,,
171,0.36610169771085743,84.99278499278499,,
172,0.39577505624655523,83.11688311688312,,
173,0.3838873938220576,84.27128427128427,,
174,0.3684537496530648,84.55988455988457,,
175,0.36415297919709616,84.84848484848484,0.39836213650641505,79.22077922077922
176,0.3849320520914306,83.83838383838383,,
177,0.3836868106028734,84.7041847041847,,
178,0.35746424246316005,86.58008658008659,,
179,0.37786068652271365,84.99278499278499,,
180,0.3664352047279972,84.41558441558442,,
181,0.38308540545672737,84.12698412698413,,
182,0.35377659116472515,87.3015873015873,,
183,0.3801777753307018,84.7041847041847,,
184,0.379604233721806,84.27128427128427,,
185,0.3548533804660924,84.41558441558442,,
186,0.3584083809825077,85.56998556998558,,
187,0.367323084268047,84.41558441558442,,
188,0.3719703940000025,85.56998556998558,,
189,0.37167241526458517,83.98268398268398,,
190,0.3632769601427632,86.43578643578644,,
191,0.3673188183214757,84.41558441558442,,
192,0.3331139985832129,86.86868686868686,,
193,0.35242080067057285,86.2914862914863,,
194,0.36094398458970745,85.28138528138528,,
195,0.3444741027265744,85.28138528138528,,
196,0.3315856670920467,87.44588744588745,,
197,0.37835386795398995,84.55988455988457,,
198,0.3473196387462974,86.14718614718615,,
199,0.34330877607949023,86.43578643578644,,
200,0.3448587525286544,85.28138528138528,0.39618361344585173,81.81818181818181
201,0.36327735081981616,85.71428571428571,,
202,0.3566964627344371,84.55988455988457,,
203,0.3483714130834756,85.56998556998558,,
204,0.3701552619235684,83.98268398268398,,
205,0.3241165698348702,86.002886002886,,
206,0.31993514402604206,86.72438672438672,,
207,0.3450350371360091,85.42568542568543,,
208,0.3254033046281355,86.86868686868686,,
209,0.31709223026665084,87.44588744588745,,
210,0.31432563330962027,88.60028860028861,,
211,0.3306966638958557,88.31168831168831,,
212,0.3337263385798852,85.85858585858585,,
213,0.32798697748913563,88.45598845598846,,
214,0.3381781904900401,84.84848484848484,,
215,0.3391408326821926,86.58008658008659,,
216,0.32025539346071547,87.5901875901876,,
217,0.3269421562745974,86.58008658008659,,
218,0.3066193218871113,89.17748917748918,,
219,0.340020255114437,85.13708513708514,,
220,0.3152164471527887,87.15728715728716,,
221,0.3278273411987492,85.85858585858585,,
222,0.3538264859720398,84.84848484848484,,
223,0.33569293257391986,86.86868686868686,,
224,0.32358539265729647,87.87878787878788,,
225,0.3043226232862404,88.02308802308802,0.4131984610062141,81.81818181818181
226,0.3051699738825899,88.74458874458874,,
227,0.3209532054643782,87.5901875901876,,
228,0.3187005222488791,86.72438672438672,,
229,0.3016494764566077,87.87878787878788,,
230,0.30732871245856236,88.45598845598846,,
231,0.30563419511135864,87.3015873015873,,
232,0.31826756045243787,86.72438672438672,,
233,0.31058545124651205,87.44588744588745,,
234,0.30377809896871644,89.03318903318903,,
235,0.32662798341734584,87.3015873015873,,
236,0.3017806596355177,87.44588744588745,,
237,0.33576050663063195,86.72438672438672,,
238,0.3119334383702381,86.86868686868686,,
239,0.3188827138657522,86.002886002886,,
240,0.3304497403929932,86.14718614718615,,
241,0.31337062945699623,87.15728715728716,,
242,0.296145892676509,88.31168831168831,,
243,0.32007980355280646,87.73448773448773,,
244,0.30257049131961095,87.5901875901876,,
245,0.28361764044902715,89.17748917748918,,
246,0.30627421516532677,87.73448773448773,,
247,0.28661157399372966,88.74458874458874,,
248,0.286297703707459,88.31168831168831,,
249,0.29756814268287296,87.01298701298701,,
250,0.28029246484218395,89.03318903318903,0.42343545463178067,81.81818181818181
251,0.29890390241472925,88.74458874458874,,
252,0.2853432221588118,88.16738816738817,,
253,0.31207090087267225,87.01298701298701,,
254,0.28788284069359904,88.45598845598846,,
255,0.2720883994821518,89.6103896103896,,
256,0.3151885457283147,87.01298701298701,,
257,0.27096017580183723,88.16738816738817,,
258,0.2949497247757162,87.73448773448773,,
259,0.268786345252399,89.6103896103896,,
260,0.2837736570043825,88.74458874458874,,
261,0.27802556895074393,89.32178932178932,,
262,0.29487180120673184,89.17748917748918,,
263,0.2615900705387066,90.47619047619048,,
264,0.3035007046285646,87.87878787878788,,
265,0.3107137322361335,88.88888888888889,,
266,0.2824981740929864,87.3015873015873,,
267,0.2897781894836591,89.17748917748918,,
268,0.259368097261777,90.33189033189034,,
269,0.28022881720919285,88.74458874458874,,
270,0.29064076627143703,88.74458874458874,,
271,0.279859995106598,89.03318903318903,,
272,0.2780862408454972,89.6103896103896,,
273,0.27607633179916446,90.33189033189034,,
274,0.28996482117351513,89.03318903318903,,
275,0.26693913088990495,89.75468975468975,0.4404904261811987,83.11688311688312
276,0.25847662798254006,90.18759018759019,,
277,0.2757627556656862,89.17748917748918,,
278,0.2842822402586669,87.87878787878788,,
279,0.29553719305716897,88.31168831168831,,
280,0.2852863566183941,88.88888888888889,,
281,0.26416101960349736,89.46608946608947,,
282,0.26416078217402855,89.17748917748918,,
283,0.25641579256214275,90.76479076479076,,
284,0.28997692775416684,87.5901875901876,,
285,0.28659171949733386,89.03318903318903,,
286,0.2691624624786353,89.03318903318903,,
287,0.2887469171015559,89.32178932178932,,
288,0.2633992037473819,90.18759018759019,,
289,0.26759530900618733,89.32178932178932,,
290,0.2669545499793379,89.8989898989899,,
291,0.2631938559410376,89.6103896103896,,
292,0.2705009106820796,89.46608946608947,,
293,0.2699372610144457,89.8989898989899,,
294,0.268606475120327,89.03318903318903,,
295,0.263286074282115,89.8989898989899,,
296,0.27178846981274274,90.62049062049061,,
297,0.2533059669134421,89.46608946608947,,
298,0.25828034726400223,89.32178932178932,,
299,0.26172722637395324,89.75468975468975,,
300,0.26874783663092583,89.8989898989899,0.44561287180169834,81.81818181818181
301,0.2937674138797138,88.60028860028861,,
302,0.284427127302295,88.74458874458874,,
303,0.25412961419182595,90.76479076479076,,
304,0.2338469395733843,92.64069264069263,,
305,0.26657014782036537,88.60028860028861,,
306,0.25950449593311437,88.88888888888889,,
307,0.2529238567863622,89.03318903318903,,
308,0.26171529658601056,89.32178932178932,,
309,0.25565198777729986,90.47619047619048,,
310,0.2410061052781335,91.05339105339105,,
311,0.239113439707701,90.33189033189034,,
312,0.2874676114725,90.04329004329004,,
313,0.23977014164387922,91.1976911976912,,
314,0.25428310763440265,90.47619047619048,,
315,0.24666333222200001,90.9090909090909,,
316,0.26531630458812866,90.04329004329004,,
317,0.27605218230645895,90.04329004329004,,
318,0.2449743352497123,90.9090909090909,,
319,0.26856529850292343,88.60028860028861,,
320,0.24746005993986886,89.6103896103896,,
321,0.27116969197687474,88.74458874458874,,
322,0.236744783506937,91.34199134199135,,
323,0.23108785845672586,91.77489177489177,,
324,0.24240462291141782,93.21789321789322,,
325,0.26721610675040436,90.33189033189034,0.4449810157348583,83.11688311688312
326,0.2738165786600044,89.17748917748918,,
327,0.25036297357959664,90.33189033189034,,
328,0.23578824165235523,91.1976911976912,,
329,0.22300404045746955,90.62049062049061,,
330,0.25559557559342266,89.6103896103896,,
331,0.23779537306203472,90.9090909090909,,
332,0.2549198493468985,89.46608946608947,,
333,0.2312687010347069,90.76479076479076,,
334,0.20401056581761415,91.63059163059162,,
335,0.24945046946750402,90.76479076479076,,
336,0.2428962756889035,90.62049062049061,,
337,0.2193373055513115,91.91919191919192,,
338,0.24154940493738153,91.1976911976912,,
339,0.24119981512706862,90.62049062049061,,
340,0.23025856475637416,91.63059163059162,,
341,0.21261036946487977,92.64069264069263,,
342,0.23163049983083772,91.48629148629149,,
343,0.22785755660798815,90.33189033189034,,
344,0.21872623316395334,92.20779220779221,,
345,0.23601420361328262,91.1976911976912,,
346,0.21675836558293815,92.78499278499278,,
347,0.2570471484079678,90.47619047619048,,
348,0.24166416709041183,91.63059163059162,,
349,0.23473606033930702,90.76479076479076,,
350,0.24572022881729777,89.75468975468975,0.423963681056902,83.11688311688312
351,0.2476000167311184,90.76479076479076,,
352,0.2445993393788606,90.76479076479076,,
353,0.23377006823495353,91.63059163059162,,
354,0.23256017473051901,91.34199134199135,,
355,0.2568837184711624,90.18759018759019,,
356,0.22524733437174155,90.62049062049061,,
357,0.2342086128143306,89.8989898989899,,
358,0.22426667813786869,91.1976911976912,,
359,0.24123595663565406,90.33189033189034,,
360,0.21850055709889785,92.20779220779221,,
361,0.21507284920366984,92.20779220779221,,
362,0.2158254846005901,91.77489177489177,,
363,0.22404210306005218,90.9090909090909,,
364,0.2270986550900155,90.62049062049061,,
365,0.22113216796306648,90.9090909090909,,
366,0.21047079517985834,92.4963924963925,,
367,0.21243124193959423,91.77489177489177,,
368,0.2295960145337241,90.76479076479076,,
369,0.24375302846641594,90.47619047619048,,
370,0.20879087095050758,91.05339105339105,,
371,0.2173291432092028,91.91919191919192,,
372,0.2289215979982076,91.05339105339105,,
373,0.20136837710721842,91.48629148629149,,
374,0.22002947909964454,92.4963924963925,,
375,0.216137323544655,92.06349206349206,0.4386023546194101,80.51948051948052
376,0.20641355231554823,92.35209235209236,,
377,0.20319812032051418,92.78499278499278,,
378,0.19228557333844737,93.07359307359307,,
379,0.20220241311824683,92.4963924963925,,
380,0.22577525974180104,90.18759018759019,,
381,0.21831239998598637,91.77489177489177,,
382,0.19511915883116565,92.4963924963925,,
383,0.22340350603472447,91.34199134199135,,
384,0.21805954744977524,91.48629148629149,,
385,0.196868832590002,92.64069264069263,,
386,0.1928309535911417,93.21789321789322,,
387,0.2158344066762305,91.05339105339105,,
388,0.18411787415479686,93.36219336219337,,
389,0.22375353525727343,92.06349206349206,,
390,0.20497517561349174,91.34199134199135,,
391,0.21118462846908734,92.20779220779221,,
392,0.19641166001364782,92.64069264069263,,
393,0.22651507759206052,92.64069264069263,,
394,0.21075948724498997,91.91919191919192,,
395,0.20693089558190597,91.91919191919192,,
396,0.2022172219051427,91.77489177489177,,
397,0.21004069883586007,92.78499278499278,,
398,0.2494056842479355,90.76479076479076,,
399,0.2138014023137127,92.35209235209236,,
400,0.18982256535833103,93.36219336219337,0.37417037494770894,81.81818181818181
401,0.23284037004817615,91.34199134199135,,
402,0.2026538307446594,92.4963924963925,,
403,0.21593447784324746,90.18759018759019,,
404,0.20025253734547338,91.91919191919192,,
405,0.2132854757972954,93.07359307359307,,
406,0.18305099213665182,93.21789321789322,,
407,0.20565402099236438,92.78499278499278,,
408,0.20266390448868876,92.64069264069263,,
409,0.203369749572886,93.36219336219337,,
410,0.19541327898292488,92.06349206349206,,
411,0.22084235650733178,91.34199134199135,,
412,0.19310529708249485,92.4963924963925,,
413,0.20803595522437432,91.77489177489177,,
414,0.19698325130674574,92.92929292929293,,
415,0.19866224994391074,91.34199134199135,,
416,0.19761085080205965,91.91919191919192,,
417,0.2253228427699806,90.47619047619048,,
418,0.20190520583508162,93.07359307359307,,
419,0.21983572283778527,91.77489177489177,,
420,0.20449703250182483,91.34199134199135,,
421,0.18931238329599773,92.4963924963925,,
422,0.17954568436952553,93.36219336219337,,
423,0.20200657762834348,92.4963924963925,,
424,0.21646301304279122,91.1976911976912,,
425,0.16831461987411134,93.65079365079364,0.43014267086982727,83.11688311688312
426,0.20987650962253498,92.06349206349206,,
427,0.2139826352677132,90.47619047619048,,
428,0.19121236249825999,92.78499278499278,,
429,0.18687700082293965,92.4963924963925,,
430,0.20043154230709545,90.76479076479076,,
431,0.18398783412932662,92.92929292929293,,
432,0.17768476187408744,92.92929292929293,,
433,0.1818208225920775,93.36219336219337,,
434,0.19743884698330583,91.63059163059162,,
435,0.21932481025032494,91.91919191919192,,
436,0.17015537112134188,94.37229437229438,,
437,0.2030341908292681,93.07359307359307,,
438,0.19014341800243822,92.20779220779221,,
439,0.19661818576968593,91.77489177489177,,
440,0.21474988529563466,93.07359307359307,,
441,0.19800734305203305,92.64069264069263,,
442,0.18698656593394314,93.07359307359307,,
443,0.17818965791881858,93.36219336219337,,
444,0.19676608600066423,91.77489177489177,,
445,0.19296566973215917,93.65079365079364,,
446,0.21273072586431133,91.77489177489177,,
447,0.1787972097832059,93.65079365079364,,
448,0.17834565252022655,93.21789321789322,,
449,0.18497096825106146,91.77489177489177,,
450,0.18278296655756227,92.4963924963925,0.4288634108258532,84.41558441558442
451,0.18300249725365192,93.65079365079364,,
452,0.18872288526889222,92.64069264069263,,
453,0.1942174496696281,93.07359307359307,,
454,0.15481251167485552,94.51659451659452,,
455,0.21003703946115995,91.91919191919192,,
456,0.19306940180054646,92.78499278499278,,
457,0.19124880600801278,93.36219336219337,,
458,0.19763775092440766,91.48629148629149,,
459,0.19213522981427622,93.07359307359307,,
460,0.1570352167966218,93.50649350649351,,
461,0.17631586599143553,93.93939393939394,,
462,0.18611598320165582,93.21789321789322,,
463,0.16567149949710264,93.50649350649351,,
464,0.1834510150990445,92.4963924963925,,
465,0.1814652473503162,92.78499278499278,,
466,0.16831051351833137,93.93939393939394,,
467,0.1721764640804665,93.79509379509379,,
468,0.17083420046480188,93.36219336219337,,
469,0.2059402594834695,91.77489177489177,,
470,0.16033026459391672,94.66089466089466,,
471,0.18798505582592703,93.36219336219337,,
472,0.1724855780042439,94.22799422799423,,
473,0.1763943505149555,93.93939393939394,,
474,0.19039958921861855,91.63059163059162,,
475,0.21135699142625322,92.35209235209236,0.4278486523922388,83.11688311688312
476,0.16950870618159636,94.08369408369408,,
477,0.2003851080525661,92.78499278499278,,
478,0.16871340874405133,93.50649350649351,,
479,0.1944704744722936,92.92929292929293,,
480,0.16344046700224388,94.66089466089466,,
481,0.19092199429977164,91.77489177489177,,
482,0.1670675002479278,94.51659451659452,,
483,0.1829020171970516,93.50649350649351,,
484,0.18126707664901903,92.4963924963925,,
485,0.1783756668992545,93.36219336219337,,
486,0.16812942999523955,93.93939393939394,,
487,0.165402326060924,93.79509379509379,,
488,0.17490115606939638,93.36219336219337,,
489,0.16087519417249452,94.22799422799423,,
490,0.19113984167532833,92.35209235209236,,
491,0.1749887437079892,93.36219336219337,,
492,0.17178579485433615,93.65079365079364,,
493,0.19319146869954093,92.92929292929293,,
494,0.16882148496860377,94.22799422799423,,
495,0.15834698068115102,95.38239538239539,,
496,0.17757661027825755,94.22799422799423,,
497,0.18456454970705904,92.78499278499278,,
498,0.1850128791618872,94.8051948051948,,
499,0.18899897424958398,93.21789321789322,,
500,0.1763808944868663,93.21789321789322,0.41993737646511625,85.71428571428571
501,0.15352678001141995,94.66089466089466,,
502,0.15812055656920262,94.37229437229438,,
503,0.1742838572436597,93.07359307359307,,
504,0.16725183172960473,95.0937950937951,,
505,0.18936074739066724,93.21789321789322,,
506,0.1728239692908861,94.08369408369408,,
507,0.1660035963870402,94.08369408369408,,
508,0.17540919703322572,93.65079365079364,,
509,0.18846911807446426,91.63059163059162,,
510,0.1986222986191038,91.34199134199135,,
511,0.1541304678842963,94.51659451659452,,
512,0.16912626747101073,93.65079365079364,,
513,0.14425347198182542,94.94949494949495,,
514,0.15908489884838226,93.21789321789322,,
515,0.1526841429662911,94.66089466089466,,
516,0.16316941432912888,93.93939393939394,,
517,0.16938529979077424,93.50649350649351,,
518,0.16529108121625616,94.37229437229438,,
519,0.15414199488933641,93.93939393939394,,
520,0.15081247967139724,94.8051948051948,,
521,0.14597195129932952,94.66089466089466,,
522,0.19003679746329183,93.50649350649351,,
523,0.18997229219644102,92.20779220779221,,
524,0.17989892120141143,94.22799422799423,,
525,0.1731315590279959,93.21789321789322,0.4311012513451762,85.71428571428571
526,0.15369790838695363,95.0937950937951,,
527,0.16330975534940007,94.37229437229438,,
528,0.16664017106891538,93.07359307359307,,
529,0.15977485954740003,94.08369408369408,,
530,0.15527373001861022,94.66089466089466,,
531,0.18036893684239613,93.07359307359307,,
532,0.1588285423460461,93.79509379509379,,
533,0.15162290907955445,94.94949494949495,,
534,0.17052687655107626,92.64069264069263,,
535,0.1818820508317901,93.07359307359307,,
536,0.15421391449449381,94.51659451659452,,
537,0.15650481177012815,94.08369408369408,,
538,0.16684951216068447,93.93939393939394,,
539,0.16454084692751347,93.21789321789322,,
540,0.17939847342207663,93.79509379509379,,
541,0.1640932412890645,94.37229437229438,,
542,0.16675025405305804,93.36219336219337,,
543,0.1742652269109847,92.64069264069263,,
544,0.1701247403545985,94.08369408369408,,
545,0.18888306457409568,93.65079365079364,,
546,0.15312369397880368,93.93939393939394,,
547,0.17867545118020556,92.78499278499278,,
548,0.2045468830787086,92.92929292929293,,
549,0.15951692129110362,93.36219336219337,,
550,0.16257737538525982,94.66089466089466,0.36992832205512305,87.01298701298701
551,0.16348125563308188,93.93939393939394,,
552,0.15913477518513777,93.93939393939394,,
553,0.13500346062492585,94.94949494949495,,
554,0.15915503170647663,94.51659451659452,,
555,0.1678029771190013,95.0937950937951,,
556,0.13938999470608232,94.94949494949495,,
557,0.14311090384812927,93.36219336219337,,
558,0.1494386318700138,95.0937950937951,,
559,0.14542431354221672,93.79509379509379,,
560,0.18178830803257734,93.79509379509379,,
561,0.16141010134468797,94.22799422799423,,
562,0.12632029164921155,96.68109668109668,,
563,0.15772297995065543,93.36219336219337,,
564,0.1367648591060315,94.66089466089466,,
565,0.15693946206380452,94.08369408369408,,
566,0.1693295513912713,93.36219336219337,,
567,0.1496612841604764,93.36219336219337,,
568,0.16303962763683794,94.37229437229438,,
569,0.16859578845476864,93.36219336219337,,
570,0.160567056962852,94.22799422799423,,
571,0.15711503686627956,93.36219336219337,,
572,0.1656909573172766,93.21789321789322,,
573,0.16275093720588849,94.37229437229438,,
574,0.16714923413037652,93.93939393939394,,
575,0.13840898222049422,95.0937950937951,0.41570081726297153,87.01298701298701
576,0.16090672064846728,93.36219336219337,,
577,0.15733227808926184,94.08369408369408,,
578,0.15475824963392806,94.08369408369408,,
579,0.161238053112061,94.94949494949495,,
580,0.12939617472121553,95.81529581529581,,
581,0.14297156665920352,96.1038961038961,,
582,0.17018195535197403,93.50649350649351,,
583,0.150695711626936,94.08369408369408,,
584,0.13739869032931362,94.94949494949495,,
585,0.12681893291540478,95.81529581529581,,
586,0.13318450997273126,95.23809523809524,,
587,0.14033319075386247,94.22799422799423,,
588,0.1638335917933883,93.07359307359307,,
589,0.15998313595335206,93.79509379509379,,
590,0.14120604382749932,94.37229437229438,,
591,0.13904167704208933,95.52669552669553,,
592,0.14973663725362066,94.37229437229438,,
593,0.1347625150653019,95.0937950937951,,
594,0.16752033316211784,92.92929292929293,,
595,0.1620344692279422,94.08369408369408,,
596,0.14267836700356196,94.8051948051948,,
597,0.14837144243209738,93.79509379509379,,
598,0.15732404085421803,94.22799422799423,,
599,0.13689407026784933,94.94949494949495,,
600,0.15785111566470644,94.66089466089466,0.41224394874139264,84.41558441558442
601,0.13719539521571147,95.81529581529581,,
602,0.13608083444476815,95.23809523809524,,
603,0.13184380928030262,95.95959595959596,,
604,0.13104058135553528,94.8051948051948,,
605,0.15964139852817957,93.93939393939394,,
606,0.13773216154496218,94.94949494949495,,
607,0.16641589825029496,94.08369408369408,,
608,0.15749482038561227,93.36219336219337,,
609,0.16948806779381173,92.4963924963925,,
610,0.17202233298430367,94.22799422799423,,
611,0.13718088894200875,94.66089466089466,,
612,0.15837641138836075,94.37229437229438,,
613,0.1555592928560179,95.0937950937951,,
614,0.1327787579439075,95.23809523809524,,
615,0.13681316583230554,94.08369408369408,,
616,0.1422861541310946,95.23809523809524,,
617,0.1251350079191389,94.8051948051948,,
618,0.15321340259234453,95.0937950937951,,
619,0.12987149610018833,95.23809523809524,,
620,0.1622181548958733,94.37229437229438,,
621,0.13102231595079275,95.81529581529581,,
622,0.13952470986874072,94.37229437229438,,
623,0.13455256396127813,94.66089466089466,,
624,0.14408577637797998,94.51659451659452,,
625,0.13640012084620684,95.52669552669553,0.39435741150534,85.71428571428571
626,0.17610483142462643,94.22799422799423,,
627,0.13104120802139652,95.23809523809524,,
628,0.1464653717942568,94.94949494949495,,
629,0.1469435558733658,93.93939393939394,,
630,0.13865652835214293,94.94949494949495,,
631,0.13944276120153512,94.51659451659452,,
632,0.15265976652653532,95.95959595959596,,
633,0.15211741466607367,94.8051948051948,,
634,0.1339533186180337,94.8051948051948,,
635,0.14565245337074711,95.0937950937951,,
636,0.14444821083872522,94.8051948051948,,
637,0.13477130807280369,95.67099567099567,,
638,0.10551661480363313,96.53679653679653,,
639,0.13667803476221893,94.94949494949495,,
640,0.13902695422177708,94.51659451659452,,
641,0.12705153811852007,95.67099567099567,,
642,0.14129552408558294,94.22799422799423,,
643,0.1341252847807146,95.0937950937951,,
644,0.1357031243209543,95.95959595959596,,
645,0.13765748997701366,93.65079365079364,,
646,0.11815485969040689,96.3924963924964,,
647,0.11263602912361488,95.67099567099567,,
648,0.13926718234317043,94.66089466089466,,
649,0.13167262462224452,95.81529581529581,,
650,0.1485540300048619,94.8051948051948,0.4662179122497509,85.71428571428571
651,0.13283107953326181,95.38239538239539,,
652,0.12414807529547514,95.67099567099567,,
653,0.11715272499025298,95.67099567099567,,
654,0.12144040615226627,94.94949494949495,,
655,0.1376423029844551,94.94949494949495,,
656,0.11955245980968723,95.81529581529581,,
657,0.14595479267672198,93.65079365079364,,
658,0.1203583236326817,95.0937950937951,,
659,0.13016816271364173,95.67099567099567,,
660,0.12429092992177773,95.38239538239539,,
661,0.1322786315131938,94.94949494949495,,
662,0.13097230481550978,95.52669552669553,,
663,0.1304073983220139,95.67099567099567,,
664,0.1499991002472448,94.37229437229438,,
665,0.13988026417523064,95.0937950937951,,
666,0.13194584399246723,95.38239538239539,,
667,0.13357615285965616,95.23809523809524,,
668,0.15639127955958784,93.50649350649351,,
669,0.13372204525861217,95.67099567099567,,
670,0.14259563468686945,93.93939393939394,,
671,0.12774520672717996,95.52669552669553,,
672,0.12895482481816115,94.8051948051948,,
673,0.12680797458426088,96.24819624819625,,
674,0.12493078333216828,95.38239538239539,,
675,0.13184161796026245,95.52669552669553,0.42192488134681405,85.71428571428571
676,0.14019237007021174,93.93939393939394,,
677,0.1150397966692458,96.53679653679653,,
678,0.13252908025813137,95.52669552669553,,
679,0.12884621490948817,94.22799422799423,,
680,0.1405356829021056,94.8051948051948,,
681,0.10949205712537573,96.53679653679653,,
682,0.13434659363903526,94.94949494949495,,
683,0.14737601502977235,95.23809523809524,,
684,0.11755473124774503,95.38239538239539,,
685,0.10607321822712087,96.82539682539682,,
686,0.14585615537555358,94.22799422799423,,
687,0.13905270350357843,94.22799422799423,,
688,0.1207598788997368,94.94949494949495,,
689,0.11425384502820295,96.1038961038961,,
690,0.12101970761100538,95.38239538239539,,
691,0.14967295295232302,94.66089466089466,,
692,0.12869670970599242,95.52669552669553,,
693,0.12747009559756234,95.0937950937951,,
694,0.14281131625498011,95.0937950937951,,
695,0.13043255996480477,95.38239538239539,,
696,0.11219859525324806,96.1038961038961,,
697,0.11561006264597135,95.0937950937951,,
698,0.10033087989296575,96.68109668109668,,
699,0.15698872676487438,93.93939393939394,,
700,0.1475317631424828,94.51659451659452,0.42280465480569124,85.71428571428571
701,0.11662668068214585,95.95959595959596,,
702,0.1256037000969891,95.52669552669553,,
703,0.1071307917020027,96.53679653679653,,
704,0.11150140537037737,96.1038961038961,,
705,0.1268480812289455,94.94949494949495,,
706,0.13670203855199387,94.22799422799423,,
707,0.12126121359029288,95.23809523809524,,
708,0.13012207562875266,94.37229437229438,,
709,0.11974739431689828,95.81529581529581,,
710,0.10887649109449996,96.1038961038961,,
711,0.12665874703449947,93.93939393939394,,
712,0.12656961615811524,95.38239538239539,,
713,0.1284038805433725,94.66089466089466,,
714,0.11241003625836724,95.95959595959596,,
715,0.11293733806966187,95.0937950937951,,
716,0.1302735959522394,95.0937950937951,,
717,0.14433022766154996,95.0937950937951,,
718,0.12438175938002131,95.52669552669553,,
719,0.14418064749666623,95.0937950937951,,
720,0.16367921777187833,94.08369408369408,,
721,0.14222307332279363,94.66089466089466,,
722,0.11634269412365053,96.3924963924964,,
723,0.13453977884023222,94.94949494949495,,
724,0.12595085260521455,95.67099567099567,,
725,0.13087612401269388,94.94949494949495,0.4070551507658773,85.71428571428571
726,0.14328065280188385,94.8051948051948,,
727,0.12415924201710056,94.66089466089466,,
728,0.12408131178237315,95.81529581529581,,
729,0.12912925527381347,95.67099567099567,,
730,0.11164860072858836,95.67099567099567,,
731,0.1257332849812198,95.0937950937951,,
732,0.136425274382594,95.52669552669553,,
733,0.13378111139735446,94.94949494949495,,
734,0.11592733457383483,96.3924963924964,,
735,0.11353628993206381,95.38239538239539,,
736,0.14331407201292282,94.51659451659452,,
737,0.13539715878891223,95.0937950937951,,
738,0.12267823816004275,95.95959595959596,,
739,0.12836618510761647,95.67099567099567,,
740,0.08896969772692538,97.40259740259741,,
741,0.12143234557016587,95.52669552669553,,
742,0.11487605574327114,95.38239538239539,,
743,0.13577522569393785,95.0937950937951,,
744,0.11621993229674743,95.52669552669553,,
745,0.12327798805367551,95.95959595959596,,
746,0.12468174495566287,95.23809523809524,,
747,0.11567727986502785,96.24819624819625,,
748,0.1193565737031411,95.38239538239539,,
749,0.13675772827683072,94.8051948051948,,
750,0.1252782056255946,95.52669552669553,0.4717487243862895,87.01298701298701
751,0.11887588307616256,96.53679653679653,,
752,0.11699702495690247,95.52669552669553,,
753,0.10729295828125694,95.38239538239539,,
754,0.11393679876396537,95.38239538239539,,
755,0.13155055940581262,94.94949494949495,,
756,0.11245270919533175,95.95959595959596,,
757,0.13642212890443348,94.94949494949495,,
758,0.10862060452436471,96.24819624819625,,
759,0.10673565226694379,96.53679653679653,,
760,0.13233670889041124,95.38239538239539,,
761,0.1048136003111176,95.81529581529581,,
762,0.11915017988043602,96.1038961038961,,
763,0.12053105619723921,94.94949494949495,,
764,0.11130074483126101,95.67099567099567,,
765,0.1300872794929005,95.52669552669553,,
766,0.11404076171299768,95.52669552669553,,
767,0.11138976594731534,95.81529581529581,,
768,0.1144041967340362,95.67099567099567,,
769,0.10229205011160343,95.81529581529581,,
770,0.12241621553080767,95.67099567099567,,
771,0.10226794397848166,96.68109668109668,,
772,0.13120342715015745,96.3924963924964,,
773,0.10485239715206546,96.1038961038961,,
774,0.10961150747023705,95.67099567099567,,
775,0.14823388632166523,95.23809523809524,0.4224009397742036,84.41558441558442
776,0.11420446865712151,95.95959595959596,,
777,0.14226146612698037,94.66089466089466,,
778,0.10084276000228623,97.40259740259741,,
779,0.11471006484946819,95.95959595959596,,
780,0.12757400658739593,95.81529581529581,,
781,0.09985896115007166,96.24819624819625,,
782,0.11207045945856306,96.3924963924964,,
783,0.11229589021352118,95.67099567099567,,
784,0.12861363660721553,95.23809523809524,,
785,0.10229792583513397,96.1038961038961,,
786,0.12079835016533066,95.81529581529581,,
787,0.11444282661827784,96.82539682539682,,
788,0.11856972233729617,96.3924963924964,,
789,0.11696147684325044,96.1038961038961,,
790,0.11223976331404148,95.23809523809524,,
791,0.11557112735243243,96.68109668109668,,
792,0.10541372106532858,95.81529581529581,,
793,0.10791168292019446,96.68109668109668,,
794,0.13723737976552777,95.52669552669553,,
795,0.13665175581993308,95.81529581529581,,
796,0.12027040836743978,95.95959595959596,,
797,0.15103553129093988,95.52669552669553,,
798,0.11688710110528129,95.81529581529581,,
799,0.11679539686501628,95.38239538239539,,
800,0.09827699678886849,96.96969696969697,0.43690412772166265,84.41558441558442
801,0.09262745529628247,97.11399711399712,,
802,0.1294986644563565,95.23809523809524,,
803,0.10656916443124134,95.23809523809524,,
804,0.14500652953530802,94.51659451659452,,
805,0.12555869192444058,95.0937950937951,,
806,0.11569676503087535,96.1038961038961,,
807,0.10628919481349541,96.3924963924964,,
808,0.11391567209840336,95.23809523809524,,
809,0.10751900463909297,95.52669552669553,,
810,0.11990826504915135,95.67099567099567,,
811,0.12758347009339546,95.0937950937951,,
812,0.10145427806982918,96.53679653679653,,
813,0.15169396594940843,95.52669552669553,,
814,0.10272259552241404,96.96969696969697,,
815,0.12009213593873111,94.94949494949495,,
816,0.1254420081236834,95.38239538239539,,
817,0.09984109694242993,96.3924963924964,,
818,0.12433492952439004,95.23809523809524,,
819,0.11660880142820174,96.3924963924964,,
820,0.1271092499932879,95.67099567099567,,
821,0.1123813684293288,95.81529581529581,,
822,0.10024009520271296,95.95959595959596,,
823,0.112136597993742,95.38239538239539,,
824,0.10039954731969263,96.82539682539682,,
825,0.10577929284407463,96.53679653679653,0.5217986091390833,84.41558441558442
826,0.11716721606848043,95.23809523809524,,
827,0.12393780896160617,94.94949494949495,,
828,0.10397765399487675,96.53679653679653,,
829,0.11913155728862398,96.24819624819625,,
830,0.10832747481064535,96.24819624819625,,
831,0.12927413277575292,95.67099567099567,,
832,0.09388323450221815,96.68109668109668,,
833,0.10139743010291741,95.52669552669553,,
834,0.08281173649503383,97.40259740259741,,
835,0.09113127177024817,97.25829725829726,,
836,0.13386341391875803,95.38239538239539,,
837,0.09065707714913727,96.24819624819625,,
838,0.11152368522159121,96.1038961038961,,
839,0.11118060713002262,96.53679653679653,,
840,0.11309280591609674,95.23809523809524,,
841,0.1105034416931188,96.24819624819625,,
842,0.10721948169021293,96.24819624819625,,
843,0.11607214037065554,95.52669552669553,,
844,0.10477721686831112,96.68109668109668,,
845,0.10828123494316146,96.3924963924964,,
846,0.09810466978371057,97.25829725829726,,
847,0.08885132684271572,96.53679653679653,,
848,0.10775903647854215,95.67099567099567,,
849,0.10015495802836243,95.81529581529581,,
850,0.11949096154555958,94.8051948051948,0.49437794979516564,85.71428571428571
851,0.09381642516482014,96.82539682539682,,
852,0.09717702118929847,96.1038961038961,,
853,0.1097833165659705,95.52669552669553,,
854,0.11172406459267521,94.8051948051948,,
855,0.09340049881181675,96.96969696969697,,
856,0.08291637423061221,97.11399711399712,,
857,0.10600268541637695,95.67099567099567,,
858,0.09180832981342964,96.82539682539682,,
859,0.11063913515033832,95.38239538239539,,
860,0.10695502389905084,96.24819624819625,,
861,0.09886845185127092,96.82539682539682,,
862,0.10263421486466479,96.53679653679653,,
863,0.10304987920827163,95.95959595959596,,
864,0.11317163475750157,96.53679653679653,,
865,0.09777686985889597,96.68109668109668,,
866,0.08801185283783022,97.11399711399712,,
867,0.11225026180432816,95.95959595959596,,
868,0.08925038615905534,97.11399711399712,,
869,0.10696881564717382,96.1038961038961,,
870,0.10872944282074855,95.52669552669553,,
871,0.1327860060794357,95.0937950937951,,
872,0.09817072786767074,96.82539682539682,,
873,0.10385077767084859,95.67099567099567,,
874,0.10058273476062002,96.1038961038961,,
875,0.09812083565677056,95.81529581529581,0.4921313338465505,87.01298701298701
876,0.09507841234529474,97.11399711399712,,
877,0.1059356587488758,96.24819624819625,,
878,0.1000679207785649,96.24819624819625,,
879,0.11588630522769294,94.66089466089466,,
880,0.09136832293128383,96.82539682539682,,
881,0.0853254625967769,97.11399711399712,,
882,0.10980551608154096,95.81529581529581,,
883,0.09272274050275657,97.54689754689754,,
884,0.11532179841403493,95.23809523809524,,
885,0.10364198913155352,94.94949494949495,,
886,0.10900400296756715,96.53679653679653,,
887,0.0863729107232622,97.25829725829726,,
888,0.09019965890252057,96.24819624819625,,
889,0.11207264480093684,95.38239538239539,,
890,0.10264343798461587,95.81529581529581,,
891,0.10646186227685789,96.3924963924964,,
892,0.10554292779126907,96.68109668109668,,
893,0.08458179330068921,96.24819624819625,,
894,0.08891266733838023,97.25829725829726,,
895,0.09786605736049911,96.24819624819625,,
896,0.10732535574945365,96.24819624819625,,
897,0.08398820680242253,97.25829725829726,,
898,0.11747741707819709,95.52669552669553,,
899,0.08567737741731805,96.82539682539682,,
900,0.10777217558280042,95.67099567099567,0.5521030820809402,85.71428571428571
901,0.10158523385013853,96.53679653679653,,
902,0.09306990207961799,96.96969696969697,,
903,0.11123061115607555,95.0937950937951,,
904,0.10116570203163235,96.24819624819625,,
905,0.0882764823632624,96.96969696969697,,
906,0.10790441126104384,96.24819624819625,,
907,0.11411257817115618,95.81529581529581,,
908,0.10370172845121758,96.1038961038961,,
909,0.0985664647135717,95.95959595959596,,
910,0.09507319808119175,96.53679653679653,,
911,0.09623568116124144,96.68109668109668,,
912,0.09034516074806237,96.82539682539682,,
913,0.08200503545201789,96.68109668109668,,
914,0.08836940939378257,96.68109668109668,,
915,0.09048139204742847,97.11399711399712,,
916,0.10628357617800026,95.95959595959596,,
917,0.09639202275657476,96.53679653679653,,
918,0.1048871533458711,96.53679653679653,,
919,0.09327643879650303,96.3924963924964,,
920,0.08653013282932588,96.1038961038961,,
921,0.10809202494924891,96.53679653679653,,
922,0.10877983842157957,95.38239538239539,,
923,0.09645798340074256,96.82539682539682,,
924,0.10259103756747376,96.3924963924964,,
925,0.10215895696076824,96.68109668109668,0.5100143911776605,85.71428571428571
926,0.07625433217739475,97.54689754689754,,
927,0.08388851002439277,96.68109668109668,,
928,0.10972724454867161,95.95959595959596,,
929,0.08797807875391725,96.24819624819625,,
930,0.09491987899214588,95.81529581529581,,
931,0.09252435278851663,97.11399711399712,,
932,0.09756715182338614,96.3924963924964,,
933,0.11566703258052705,96.24819624819625,,
934,0.07877786336654816,97.69119769119769,,
935,0.08585017721449571,96.68109668109668,,
936,0.10013947384176618,95.67099567099567,,
937,0.09294764492741395,97.25829725829726,,
938,0.10696008463335072,96.96969696969697,,
939,0.09599554751600538,96.3924963924964,,
940,0.10117959542922987,96.3924963924964,,
941,0.12503981425777658,95.67099567099567,,
942,0.09095441192539051,96.53679653679653,,
943,0.08785245126761056,96.53679653679653,,
944,0.09209586363312658,96.3924963924964,,
945,0.1116425936442261,95.52669552669553,,
946,0.09227723938253041,96.96969696969697,,
947,0.08385481363939172,96.96969696969697,,
948,0.07677135295080072,97.97979797979798,,
949,0.08189412639147103,97.25829725829726,,
950,0.09547937481864362,96.3924963924964,0.5086248230624508,87.01298701298701
951,0.11352787162264619,95.52669552669553,,
952,0.10600132031788213,96.53679653679653,,
953,0.10266975656388298,96.1038961038961,,
954,0.10225927224181174,96.68109668109668,,
955,0.10010627434625254,96.68109668109668,,
956,0.08788414972513096,96.96969696969697,,
957,0.08804117915090201,96.53679653679653,,
958,0.09663065363186671,97.11399711399712,,
959,0.08729173495698973,97.11399711399712,,
960,0.09713648665766265,96.82539682539682,,
961,0.10713922623363505,96.24819624819625,,
962,0.0973064647436486,95.95959595959596,,
963,0.0849287954681858,96.82539682539682,,
964,0.09295497111126802,96.82539682539682,,
965,0.10451301989316253,95.95959595959596,,
966,0.09130232382302332,96.1038961038961,,
967,0.09216716767706697,96.82539682539682,,
968,0.09533360742387317,96.53679653679653,,
969,0.08698653830766334,97.25829725829726,,
970,0.0729552549437699,97.40259740259741,,
971,0.09780783349752942,96.68109668109668,,
972,0.10177151910412363,96.68109668109668,,
973,0.09899204932852053,96.53679653679653,,
974,0.11503910868392363,95.67099567099567,,
975,0.10076815343070857,96.53679653679653,0.5247370414919668,85.71428571428571
976,0.1349591240071803,95.38239538239539,,
977,0.07047623265830297,97.69119769119769,,
978,0.08343854462687587,96.82539682539682,,
979,0.09150627874708794,96.82539682539682,,
980,0.08555082725240039,97.25829725829726,,
981,0.08114847796733933,97.25829725829726,,
982,0.1016914001713046,97.25829725829726,,
983,0.07964340611367687,97.69119769119769,,
984,0.09049015383076187,97.11399711399712,,
985,0.08650674734366749,96.53679653679653,,
986,0.08897307345812971,95.81529581529581,,
987,0.10645554918381903,95.81529581529581,,
988,0.09698571116914825,96.24819624819625,,
989,0.10216368822996406,95.81529581529581,,
990,0.11137999933479088,95.52669552669553,,
991,0.09426888263909332,96.53679653679653,,
992,0.09588215638000469,96.53679653679653,,
993,0.11016334939484644,96.24819624819625,,
994,0.08776384010147653,96.1038961038961,,
995,0.09228068963768335,96.24819624819625,,
996,0.10232864237426743,96.53679653679653,,
997,0.09498040073297241,96.96969696969697,,
998,0.09578047026201417,96.53679653679653,,
999,0.09569366902924677,95.67099567099567,,
1000,0.08991637701655147,96.68109668109668,0.5373328181056233,85.71428571428571
