epoch,train_loss,train_acc,test_loss,test_acc
1,2.2644174312114105,17.879948914431672,2.253023731799526,27.099236641221374
2,2.0783893967649183,36.27075351213282,,
3,1.8664283397706227,44.827586206896555,,
4,1.6928422248530965,50.57471264367816,,
5,1.5102088063156012,58.36526181353768,,
6,1.3663100462459208,61.81353767560664,,
7,1.2363975894557715,66.5389527458493,,
8,1.1587863190725236,67.30523627075351,,
9,1.0421391620489828,71.77522349936143,,
10,0.9779380428227733,71.64750957854406,,
11,0.9352355693035199,74.45721583652617,,
12,0.8894808893764004,75.6066411238825,,
13,0.8335164703552446,78.79948914431674,,
14,0.8068553865488766,77.65006385696041,,
15,0.7722665653831657,77.90549169859514,,
16,0.7069554433968789,78.9272030651341,,
17,0.7099862821866422,81.22605363984674,,
18,0.6532025145388197,82.12005108556832,,
19,0.6486671385789435,81.99233716475096,,
20,0.6171519293486691,84.80204342273308,,
21,0.6315998509621407,83.52490421455938,,
22,0.6047640771701418,84.92975734355045,,
23,0.6009383678131786,83.14176245210729,,
24,0.5427721798952816,86.71775223499361,,
25,0.5351030544150682,84.54661558109834,0.5662873986795658,86.6412213740458
26,0.5167182422080107,87.61174968071519,,
27,0.5008805833404852,86.97318007662835,,
28,0.5118064819472351,85.56832694763729,,
29,0.5003544295047283,86.07918263090677,,
30,0.4652498620223268,88.12260536398468,,
31,0.49849303091470615,86.46232439335887,,
32,0.46334987418252693,87.2286079182631,,
33,0.4536308724038293,88.12260536398468,,
34,0.4511560176524166,88.12260536398468,,
35,0.443861300461137,88.12260536398468,,
36,0.42416920831681515,87.61174968071519,,
37,0.43971663987499543,86.46232439335887,,
38,0.4152020647988618,88.63346104725414,,
39,0.4164330961603771,89.78288633461047,,
40,0.4159013628008113,87.73946360153256,,
41,0.4224619075256289,87.9948914431673,,
42,0.39406840977084134,89.52745849297574,,
43,0.37418513770761164,89.01660280970626,,
44,0.35227901896754443,91.06002554278416,,
45,0.39284586967331847,88.12260536398468,,
46,0.3367687792232971,90.80459770114942,,
47,0.335838847880467,90.54916985951469,,
48,0.358858417562598,90.16602809706258,,
49,0.31504937827511004,92.08173690932311,,
50,0.32309735597778555,90.29374201787995,0.4451714102320999,87.40458015267176
