epoch,train_loss,train_acc,test_loss,test_acc
1,0.68845065176745,55.84415584415584,0.6862467403535719,55.84415584415584
2,0.6844917110034398,55.98845598845599,,
3,0.6864225150530816,55.98845598845599,,
4,0.687247635396184,55.98845598845599,,
5,0.6864908097626327,55.98845598845599,,
6,0.6881451274753477,55.98845598845599,,
7,0.6860805801498941,55.98845598845599,,
8,0.6859075316102989,55.98845598845599,,
9,0.6862659419941868,55.98845598845599,,
10,0.6852451260127719,55.98845598845599,,
11,0.6866494543624647,55.98845598845599,,
12,0.6865301335184777,55.98845598845599,,
13,0.6849836600463284,55.98845598845599,,
14,0.6857963056447358,55.98845598845599,,
15,0.6854220159986146,55.98845598845599,,
16,0.685107869073254,55.98845598845599,,
17,0.6835367722600741,55.98845598845599,,
18,0.6844593164380667,55.98845598845599,,
19,0.6834742385587651,55.98845598845599,,
20,0.6848131758826119,55.98845598845599,,
21,0.6822289163072044,55.98845598845599,,
22,0.6823771558110676,55.98845598845599,,
23,0.6830195718341403,55.98845598845599,,
24,0.6818204012956111,55.98845598845599,,
25,0.6821128754388719,55.98845598845599,0.6846166206644727,55.84415584415584
26,0.6806098427435364,55.98845598845599,,
27,0.6800334730533638,55.98845598845599,,
28,0.6784415149585509,55.98845598845599,,
29,0.6776476838716009,55.98845598845599,,
30,0.67605002660944,55.41125541125541,,
31,0.677135385992207,55.84415584415584,,
32,0.6740259338078904,55.266955266955264,,
33,0.674493032874483,55.84415584415584,,
34,0.6739997100004386,55.84415584415584,,
35,0.6715592635314358,56.132756132756136,,
36,0.6665655145741473,55.55555555555556,,
37,0.6646532721677728,55.699855699855696,,
38,0.6566470731560458,55.41125541125541,,
39,0.660413601353743,57.287157287157285,,
40,0.6573265360891389,57.287157287157285,,
41,0.6531087107644624,59.884559884559884,,
42,0.6495901064095215,59.01875901875902,,
43,0.6454033371690032,61.61616161616162,,
44,0.6409290334018966,61.47186147186147,,
45,0.6428345601796072,60.60606060606061,,
46,0.6338587213216234,62.19336219336219,,
47,0.634224566632363,62.19336219336219,,
48,0.6244995020340703,61.76046176046176,,
49,0.6201131588108784,64.64646464646465,,
50,0.6168116063610644,64.35786435786436,0.6312110362114844,59.74025974025974
51,0.6172087450564165,64.93506493506493,,
52,0.6112037178929922,66.52236652236653,,
53,0.6021120113039774,66.08946608946609,,
54,0.5915279839117977,68.1096681096681,,
55,0.5934410310238815,68.25396825396825,,
56,0.5945793202773145,68.97546897546897,,
57,0.5889488549803586,69.40836940836941,,
58,0.5859978469935331,67.96536796536796,,
59,0.5760014556875133,70.99567099567099,,
60,0.5783530152033246,68.54256854256855,,
61,0.5726347892487376,70.70707070707071,,
62,0.5590889451307651,71.42857142857143,,
63,0.5532251435612875,73.73737373737374,,
64,0.5534505859597937,72.87157287157287,,
65,0.545487105846405,72.43867243867244,,
66,0.5418410230680634,73.5930735930736,,
67,0.5416152461782678,74.17027417027417,,
68,0.5268458937325691,74.31457431457432,,
69,0.5326605601744219,74.74747474747475,,
70,0.5213855422420419,74.60317460317461,,
71,0.5243831017574707,74.17027417027417,,
72,0.5218559764164351,75.75757575757575,,
73,0.5302887498730361,73.88167388167388,,
74,0.5229359578346622,74.31457431457432,,
75,0.5094628697865969,76.04617604617604,0.532601058870167,70.12987012987013
76,0.510716610484653,76.62337662337663,,
77,0.5048040800108367,76.62337662337663,,
78,0.5109152448985828,77.4891774891775,,
79,0.5125247403484746,76.33477633477634,,
80,0.4668993004214712,80.08658008658008,,
81,0.49113721700457785,77.4891774891775,,
82,0.5145210108543715,76.91197691197691,,
83,0.49756011560365754,77.2005772005772,,
84,0.505187095974775,78.4992784992785,,
85,0.4850826470710842,79.36507936507937,,
86,0.49429143343825016,76.47907647907648,,
87,0.46923183418627595,79.22077922077922,,
88,0.4815909309476657,78.4992784992785,,
89,0.476594502963717,77.63347763347764,,
90,0.46943299895929225,78.64357864357865,,
91,0.4530711690928857,79.94227994227994,,
92,0.46775535295191956,78.93217893217893,,
93,0.44518345757824346,83.54978354978356,,
94,0.45410430676493296,80.8080808080808,,
95,0.4402640378922439,81.52958152958153,,
96,0.4603269328114618,81.24098124098124,,
97,0.4322857219419438,82.68398268398268,,
98,0.4378871705280926,81.96248196248196,,
99,0.4509771802122631,79.79797979797979,,
100,0.44116012044627256,80.37518037518038,0.46888332243089553,75.32467532467533
101,0.43420455732730906,79.65367965367966,,
102,0.4277518670280258,80.8080808080808,,
103,0.44170198631493046,79.79797979797979,,
104,0.42580798190909547,81.67388167388168,,
105,0.41699726903249346,82.82828282828282,,
106,0.4218495941867388,81.52958152958153,,
107,0.41886337520756245,83.11688311688312,,
108,0.4146673513353301,82.97258297258297,,
109,0.435707753526872,81.52958152958153,,
110,0.4191993210910891,81.52958152958153,,
111,0.40529584583609995,83.69408369408369,,
112,0.40194176522340264,82.82828282828282,,
113,0.41059242010460617,81.96248196248196,,
114,0.3954671046778581,83.69408369408369,,
115,0.3898162722136035,83.83838383838383,,
116,0.4271609309259775,82.1067821067821,,
117,0.4236213669374392,81.67388167388168,,
118,0.40933295168401873,83.40548340548341,,
119,0.3909693576212741,83.83838383838383,,
120,0.39361429149970345,84.55988455988457,,
121,0.4089067534450845,82.97258297258297,,
122,0.38865629883555625,84.12698412698413,,
123,0.37961599695218073,85.13708513708514,,
124,0.38607407841847574,84.55988455988457,,
125,0.380552670570335,84.12698412698413,0.4666190847948,76.62337662337663
126,0.36676509207461305,84.84848484848484,,
127,0.3953447790888997,83.83838383838383,,
128,0.3788877528209191,84.12698412698413,,
129,0.39742037292682764,82.82828282828282,,
130,0.35702406973033757,86.2914862914863,,
131,0.3895310726430681,82.25108225108225,,
132,0.37782921916220613,84.7041847041847,,
133,0.3666010051320642,84.41558441558442,,
134,0.3739760893935937,85.56998556998558,,
135,0.35452222116667814,84.99278499278499,,
136,0.35935986996729136,86.14718614718615,,
137,0.3731684557029179,84.99278499278499,,
138,0.36735019608149455,83.83838383838383,,
139,0.3686353714349122,85.28138528138528,,
140,0.35072688450888984,87.15728715728716,,
141,0.35961265236268314,85.13708513708514,,
142,0.3482045962610974,87.3015873015873,,
143,0.35423958705789255,85.85858585858585,,
144,0.34163825005335896,85.42568542568543,,
145,0.384668333619876,83.54978354978356,,
146,0.34405568943051207,86.002886002886,,
147,0.3651844065254729,84.7041847041847,,
148,0.3410237916620263,86.58008658008659,,
149,0.3500169219306709,85.13708513708514,,
150,0.33224579515567243,86.58008658008659,0.48014836458416726,79.22077922077922
151,0.35345135455007676,84.7041847041847,,
152,0.34213658573823574,86.43578643578644,,
153,0.3427231839036873,87.44588744588745,,
154,0.34586261795540735,85.71428571428571,,
155,0.3390318811111808,86.002886002886,,
156,0.3385740431700262,87.87878787878788,,
157,0.3222874476323052,86.86868686868686,,
158,0.3336832410028315,86.2914862914863,,
159,0.3427114461859067,85.42568542568543,,
160,0.3469139848866676,85.85858585858585,,
161,0.3510576169212143,86.002886002886,,
162,0.32186389745657923,89.32178932178932,,
163,0.3387111176402022,86.2914862914863,,
164,0.32176514475204554,86.58008658008659,,
165,0.3487963989527539,86.43578643578644,,
166,0.3129320763707333,88.16738816738817,,
167,0.3370762432120407,87.15728715728716,,
168,0.3200914731617442,87.44588744588745,,
169,0.3277644736512227,87.15728715728716,,
170,0.32773373962996843,86.2914862914863,,
171,0.3022130106778716,87.44588744588745,,
172,0.32976731971916873,87.01298701298701,,
173,0.3031505612067846,86.72438672438672,,
174,0.3204119186982792,87.3015873015873,,
175,0.33150800869062347,87.5901875901876,0.4610886031931097,79.22077922077922
176,0.30574276801978184,88.16738816738817,,
177,0.3468141572558003,86.14718614718615,,
178,0.32238162038001145,88.16738816738817,,
179,0.32539487835476755,87.01298701298701,,
180,0.3245425508350865,86.14718614718615,,
181,0.29747727878854047,89.03318903318903,,
182,0.3155213027633458,88.88888888888889,,
183,0.31175573576580395,88.02308802308802,,
184,0.3244022960743691,86.72438672438672,,
185,0.31011588151148733,87.87878787878788,,
186,0.31642812056114833,86.72438672438672,,
187,0.30934362081222205,88.60028860028861,,
188,0.2954610858386729,87.5901875901876,,
189,0.31499714433372794,87.5901875901876,,
190,0.2855648383777723,88.74458874458874,,
191,0.2847472347566404,87.87878787878788,,
192,0.2994155924643617,87.01298701298701,,
193,0.30288345352739826,88.88888888888889,,
194,0.319631206277559,86.2914862914863,,
195,0.2930668933911069,89.32178932178932,,
196,0.30524930220317703,88.74458874458874,,
197,0.30106577173972027,88.74458874458874,,
198,0.30714617151374596,89.8989898989899,,
199,0.2786804118111708,88.88888888888889,,
200,0.2935033216104879,88.31168831168831,0.45040151670381623,79.22077922077922
201,0.29390887535495674,87.73448773448773,,
202,0.3019545291581367,88.16738816738817,,
203,0.30414807370730806,88.60028860028861,,
204,0.3144071609598906,88.31168831168831,,
205,0.2994099029300877,88.02308802308802,,
206,0.3272931837674343,86.14718614718615,,
207,0.3074397403010386,88.16738816738817,,
208,0.275536938233121,89.32178932178932,,
209,0.25910689607585147,91.05339105339105,,
210,0.3003415573727001,87.5901875901876,,
211,0.2785170189014933,88.88888888888889,,
212,0.2875865221367598,88.31168831168831,,
213,0.2600552211764227,89.8989898989899,,
214,0.30340665325113875,87.87878787878788,,
215,0.29250745533348677,87.87878787878788,,
216,0.25126713488525126,91.34199134199135,,
217,0.2843309487787332,88.31168831168831,,
218,0.258024113185564,90.9090909090909,,
219,0.26085308450038985,90.62049062049061,,
220,0.27124323251873556,89.03318903318903,,
221,0.2841565433733735,89.46608946608947,,
222,0.2575254567816832,89.8989898989899,,
223,0.26684565463709453,89.75468975468975,,
224,0.2807089114322463,88.31168831168831,,
225,0.2732031959690917,90.18759018759019,0.43667579916390503,81.81818181818181
226,0.27096992909564255,90.18759018759019,,
227,0.2657917702696884,89.03318903318903,,
228,0.269131956011874,90.9090909090909,,
229,0.2512855938223189,90.33189033189034,,
230,0.277053961312616,90.33189033189034,,
231,0.27818663218320705,88.45598845598846,,
232,0.2692210892750243,89.6103896103896,,
233,0.27459039772399746,89.17748917748918,,
234,0.23629421461239178,92.35209235209236,,
235,0.2706524125833876,88.16738816738817,,
236,0.23503466636415513,90.9090909090909,,
237,0.23511279999005674,91.34199134199135,,
238,0.26409140078708376,90.18759018759019,,
239,0.24561775604486036,91.91919191919192,,
240,0.25991450506027297,89.6103896103896,,
241,0.23659875705128625,90.9090909090909,,
242,0.2613123134531156,89.32178932178932,,
243,0.2565333093657638,89.6103896103896,,
244,0.23711041747061548,90.9090909090909,,
245,0.2611647689497316,90.9090909090909,,
246,0.23409891545686543,91.63059163059162,,
247,0.24114113248357869,90.76479076479076,,
248,0.2503436813278804,90.04329004329004,,
249,0.25045800557384246,91.77489177489177,,
250,0.25573207668067743,89.75468975468975,0.5004589039009887,80.51948051948052
251,0.24132481246412574,91.1976911976912,,
252,0.27295716233755773,88.60028860028861,,
253,0.23070300158656176,91.63059163059162,,
254,0.23946885262517875,91.91919191919192,,
255,0.23900304457325955,90.47619047619048,,
256,0.25210440004026735,89.03318903318903,,
257,0.2458444315117675,91.77489177489177,,
258,0.24393066643464445,91.34199134199135,,
259,0.23930386534500947,91.05339105339105,,
260,0.2592522461736013,90.47619047619048,,
261,0.2363156933031041,91.77489177489177,,
262,0.21991753578186035,92.06349206349206,,
263,0.256616865337153,89.6103896103896,,
264,0.22232534939054974,91.77489177489177,,
265,0.2573075255790314,90.18759018759019,,
266,0.23659139557662293,91.34199134199135,,
267,0.2519058525390267,90.76479076479076,,
268,0.23144825610290531,91.05339105339105,,
269,0.25505964266617404,90.76479076479076,,
270,0.24089772506881757,90.47619047619048,,
271,0.24249226016141637,90.76479076479076,,
272,0.24567334975343075,90.76479076479076,,
273,0.23106166311844775,90.9090909090909,,
274,0.2520960909442124,90.04329004329004,,
275,0.22201500095502294,91.48629148629149,0.4487004258802959,80.51948051948052
276,0.2453960810302828,90.76479076479076,,
277,0.24506019775098536,91.1976911976912,,
278,0.2136807907130811,92.06349206349206,,
279,0.21275804584246522,91.1976911976912,,
280,0.24394873752222432,90.33189033189034,,
281,0.2368358788100672,91.34199134199135,,
282,0.22289114493828316,91.63059163059162,,
283,0.24721960364310083,89.75468975468975,,
284,0.2149801016240925,92.64069264069263,,
285,0.23790784522052452,89.75468975468975,,
286,0.24395891882124401,90.9090909090909,,
287,0.22160302784191754,91.91919191919192,,
288,0.2395743267317699,92.06349206349206,,
289,0.22869206046817278,92.06349206349206,,
290,0.24149843408560856,92.20779220779221,,
291,0.2226333495815423,91.63059163059162,,
292,0.2378607067571144,91.77489177489177,,
293,0.2270772477765104,91.77489177489177,,
294,0.22937167366001684,91.1976911976912,,
295,0.23496390823247973,90.76479076479076,,
296,0.21348148074759032,92.20779220779221,,
297,0.23743110796245834,91.1976911976912,,
298,0.2313663875428801,91.91919191919192,,
299,0.2158881916112198,91.05339105339105,,
300,0.20935012821597282,92.4963924963925,0.44526608481809693,80.51948051948052
301,0.20600585469607838,92.4963924963925,,
302,0.2184534233283859,91.77489177489177,,
303,0.21521282847298775,92.20779220779221,,
304,0.22263273784372026,91.48629148629149,,
305,0.21031875046128662,92.4963924963925,,
306,0.23300891407210417,92.20779220779221,,
307,0.21265446967720814,90.9090909090909,,
308,0.2270577216432208,91.63059163059162,,
309,0.22917557175541337,91.34199134199135,,
310,0.22016880109712675,92.06349206349206,,
311,0.2046501330526016,93.93939393939394,,
312,0.1985043316305458,93.21789321789322,,
313,0.1816519878127358,93.36219336219337,,
314,0.20911285132814794,91.48629148629149,,
315,0.22543961676254246,91.48629148629149,,
316,0.21724705672238295,93.21789321789322,,
317,0.21259321842186724,91.05339105339105,,
318,0.20950177471015016,92.20779220779221,,
319,0.21576611949251845,92.35209235209236,,
320,0.21940903509678092,91.63059163059162,,
321,0.1973147542574705,92.92929292929293,,
322,0.19084545901155403,91.63059163059162,,
323,0.2273297570699565,91.05339105339105,,
324,0.2281854941064833,91.91919191919192,,
325,0.19339044789903265,93.93939393939394,0.45084424839391335,83.11688311688312
326,0.21791534084950345,92.4963924963925,,
327,0.2132250475462037,92.4963924963925,,
328,0.1954837590671033,92.64069264069263,,
329,0.208645931957088,93.50649350649351,,
330,0.23090929515434033,91.34199134199135,,
331,0.2095973009584958,91.63059163059162,,
332,0.19337441966819213,93.50649350649351,,
333,0.20055864473958035,92.64069264069263,,
334,0.2088283145582521,91.63059163059162,,
335,0.20169343591854513,93.50649350649351,,
336,0.20664812276115666,91.91919191919192,,
337,0.2004317237765758,92.78499278499278,,
338,0.19378201225382768,92.78499278499278,,
339,0.18745484576166793,93.65079365079364,,
340,0.20324405193500877,92.64069264069263,,
341,0.1898593817868446,93.79509379509379,,
342,0.20697999112093002,92.35209235209236,,
343,0.20311298609467984,92.4963924963925,,
344,0.19464574055679001,93.79509379509379,,
345,0.1828746527734429,94.51659451659452,,
346,0.20346228021477897,92.4963924963925,,
347,0.1822869335590159,93.93939393939394,,
348,0.197097409167159,92.4963924963925,,
349,0.19252069092330135,93.65079365079364,,
350,0.1840464990981821,93.65079365079364,0.3975639806745888,81.81818181818181
351,0.20594188892437093,92.64069264069263,,
352,0.1766465999626838,93.21789321789322,,
353,0.2115139008041412,92.35209235209236,,
354,0.195790158194983,92.4963924963925,,
355,0.20446445974608693,93.36219336219337,,
356,0.19290946656233304,91.77489177489177,,
357,0.18190785283478136,93.65079365079364,,
358,0.20326460756006695,91.77489177489177,,
359,0.17884676060054724,93.07359307359307,,
360,0.17787105976073084,92.4963924963925,,
361,0.1739961551918956,93.50649350649351,,
362,0.1884294193436917,93.36219336219337,,
363,0.1922186350861153,92.64069264069263,,
364,0.17937685115985885,94.8051948051948,,
365,0.19082405565448998,92.78499278499278,,
366,0.15921474619087203,94.8051948051948,,
367,0.17843352479680105,93.07359307359307,,
368,0.17569563149180248,93.36219336219337,,
369,0.1867151961354122,93.21789321789322,,
370,0.19519140531576384,93.21789321789322,,
371,0.1871177696046375,92.78499278499278,,
372,0.19362153766561208,93.07359307359307,,
373,0.19091637132616787,92.06349206349206,,
374,0.19858943832256062,92.64069264069263,,
375,0.1795465297577701,93.93939393939394,0.435439646727853,84.41558441558442
376,0.19944842080189207,92.92929292929293,,
377,0.15200335675417775,94.22799422799423,,
378,0.18779333406712587,93.65079365079364,,
379,0.16640936739172943,93.65079365079364,,
380,0.20086889976331854,91.48629148629149,,
381,0.20579750030630767,92.92929292929293,,
382,0.17862145781172992,94.51659451659452,,
383,0.18131307709268676,93.79509379509379,,
384,0.18090691753968188,94.22799422799423,,
385,0.16274775828074928,94.22799422799423,,
386,0.19025637304025983,93.93939393939394,,
387,0.16407757730883094,94.51659451659452,,
388,0.18249202549221025,93.36219336219337,,
389,0.1772669745988144,93.21789321789322,,
390,0.2070904454864121,92.78499278499278,,
391,0.15880628611252764,94.94949494949495,,
392,0.16675073480365252,94.66089466089466,,
393,0.17714495955016277,92.64069264069263,,
394,0.16842256010137768,93.50649350649351,,
395,0.1664256982903116,93.93939393939394,,
396,0.1892078063016674,92.78499278499278,,
397,0.16565298586868793,94.22799422799423,,
398,0.178263229494014,92.06349206349206,,
399,0.15395888918406003,94.8051948051948,,
400,0.16570723565324905,93.50649350649351,0.42539054116645414,83.11688311688312
401,0.18119421305637512,93.93939393939394,,
402,0.16223863103732059,94.37229437229438,,
403,0.17734117975826733,93.93939393939394,,
404,0.17762375019845508,93.21789321789322,,
405,0.17541111386710345,93.65079365079364,,
406,0.17342809065746367,92.92929292929293,,
407,0.17886997443256955,93.50649350649351,,
408,0.17082523110539022,94.8051948051948,,
409,0.17158609217981582,94.66089466089466,,
410,0.17845568897452577,93.36219336219337,,
411,0.16479631157492491,94.22799422799423,,
412,0.16765239058548925,94.08369408369408,,
413,0.1630488531113015,93.65079365079364,,
414,0.19071240746785725,93.50649350649351,,
415,0.1742103448914415,93.50649350649351,,
416,0.14696494576992927,94.66089466089466,,
417,0.18723703510682993,93.21789321789322,,
418,0.16798395479654338,94.37229437229438,,
419,0.16125977985980192,94.51659451659452,,
420,0.16217409609716177,93.79509379509379,,
421,0.16114114302319366,94.22799422799423,,
422,0.16904606428508032,92.64069264069263,,
423,0.1460484659990019,94.51659451659452,,
424,0.1612448115560292,94.8051948051948,,
425,0.17344127877106055,94.22799422799423,0.44966823085174934,80.51948051948052
426,0.16921467951150856,93.36219336219337,,
427,0.16337918474044635,93.93939393939394,,
428,0.17031282001587564,93.79509379509379,,
429,0.18801477933127814,92.92929292929293,,
430,0.13968091203547572,94.8051948051948,,
431,0.17056923945572813,94.66089466089466,,
432,0.16409807556549363,93.79509379509379,,
433,0.1601739912193059,95.0937950937951,,
434,0.14106429924094488,94.22799422799423,,
435,0.1382980379094551,95.0937950937951,,
436,0.15646598332200043,94.37229437229438,,
437,0.15514304210441282,94.08369408369408,,
438,0.19104528041155996,92.20779220779221,,
439,0.15980368037674506,94.8051948051948,,
440,0.1446866976664352,95.23809523809524,,
441,0.1314563996778078,96.82539682539682,,
442,0.1314560960370827,96.3924963924964,,
443,0.18999752167929473,92.92929292929293,,
444,0.1655795355508854,94.51659451659452,,
445,0.16499621324875482,94.8051948051948,,
446,0.16363582318758896,94.66089466089466,,
447,0.17295396810163668,93.65079365079364,,
448,0.15788818632412438,94.8051948051948,,
449,0.14309285476825281,93.93939393939394,,
450,0.14726283069307583,94.51659451659452,0.4403031365824984,79.22077922077922
451,0.1632619250839923,94.51659451659452,,
452,0.14832790113157696,94.51659451659452,,
453,0.13457709403566123,96.3924963924964,,
454,0.15353777927237672,93.65079365079364,,
455,0.16403917643049407,94.08369408369408,,
456,0.13698511419100162,95.67099567099567,,
457,0.14965437290300365,94.8051948051948,,
458,0.15170075169201366,94.66089466089466,,
459,0.1715175100047179,93.36219336219337,,
460,0.15670434993518378,94.8051948051948,,
461,0.14846100237806467,94.94949494949495,,
462,0.15865825918673782,94.37229437229438,,
463,0.13280647055583256,95.23809523809524,,
464,0.15332365548036572,94.51659451659452,,
465,0.1517565246956345,94.22799422799423,,
466,0.14779931278885872,94.51659451659452,,
467,0.161408507634723,94.8051948051948,,
468,0.17606956433252166,94.22799422799423,,
469,0.15930299712465956,93.50649350649351,,
470,0.1635545998553693,94.08369408369408,,
471,0.12866003645790947,95.38239538239539,,
472,0.15649031515503342,94.51659451659452,,
473,0.15839501267129724,94.08369408369408,,
474,0.15685266807734494,94.66089466089466,,
475,0.15831093137215657,94.51659451659452,0.45245975942967775,84.41558441558442
476,0.16895927697377117,94.37229437229438,,
477,0.13466574759108335,95.38239538239539,,
478,0.14498991866476435,94.94949494949495,,
479,0.14703044273808577,94.8051948051948,,
480,0.15075189607086206,94.66089466089466,,
481,0.1434485934685491,94.66089466089466,,
482,0.14054977392823492,94.51659451659452,,
483,0.1384319724974694,94.66089466089466,,
484,0.136622942194563,95.95959595959596,,
485,0.1307803268986519,94.8051948051948,,
486,0.13041610226658687,94.37229437229438,,
487,0.15055844973649127,94.51659451659452,,
488,0.14542292818577604,94.22799422799423,,
489,0.17515781057345403,93.93939393939394,,
490,0.1415464122918089,94.94949494949495,,
491,0.1595629581547924,94.8051948051948,,
492,0.1542313572390255,94.08369408369408,,
493,0.11923978099274257,96.1038961038961,,
494,0.14921142085634095,94.8051948051948,,
495,0.15305018955962613,95.23809523809524,,
496,0.13210997799301216,95.38239538239539,,
497,0.1340417011196135,96.1038961038961,,
498,0.14171256754993533,94.66089466089466,,
499,0.13821334751997502,95.52669552669553,,
500,0.1439338569861298,94.94949494949495,0.46752899711008195,81.81818181818181
501,0.1588114294267836,94.51659451659452,,
502,0.18029891924252586,95.0937950937951,,
503,0.13390089337099853,94.94949494949495,,
504,0.14620218715196392,94.94949494949495,,
505,0.13814321397917956,94.8051948051948,,
506,0.16299405629500682,94.51659451659452,,
507,0.1513379274035601,95.52669552669553,,
508,0.13844440392020976,94.8051948051948,,
509,0.14417039612670998,94.8051948051948,,
510,0.17496892706118794,92.92929292929293,,
511,0.13534683881159187,94.37229437229438,,
512,0.15155691581457037,94.37229437229438,,
513,0.1424792167471257,94.66089466089466,,
514,0.13181935235707445,94.37229437229438,,
515,0.15070185795813412,95.95959595959596,,
516,0.13693312968935115,94.94949494949495,,
517,0.11131943553729147,95.95959595959596,,
518,0.13420299844867395,95.52669552669553,,
519,0.1136979128883864,95.52669552669553,,
520,0.14659917079353058,94.8051948051948,,
521,0.13610384473509946,95.52669552669553,,
522,0.15715423544591983,94.22799422799423,,
523,0.12706398992956458,95.0937950937951,,
524,0.1204715713396303,95.81529581529581,,
525,0.1421579278032544,94.51659451659452,0.4689427639369841,81.81818181818181
526,0.12922757385570077,95.23809523809524,,
527,0.1142209101075906,94.94949494949495,,
528,0.13405976073566453,94.51659451659452,,
529,0.13812111874485944,94.66089466089466,,
530,0.13274346278042332,95.0937950937951,,
531,0.1455971057732384,94.51659451659452,,
532,0.16073617331608378,94.66089466089466,,
533,0.1216505357382811,96.1038961038961,,
534,0.11232515851312558,96.24819624819625,,
535,0.1232590986708714,95.95959595959596,,
536,0.124541949615162,95.95959595959596,,
537,0.11302394496242034,96.24819624819625,,
538,0.1273174479410246,94.8051948051948,,
539,0.12917052689955863,95.95959595959596,,
540,0.14446342631658435,94.22799422799423,,
541,0.13211679713572758,95.95959595959596,,
542,0.1473825438026054,95.38239538239539,,
543,0.14030903137005424,94.66089466089466,,
544,0.12397101340871869,95.81529581529581,,
545,0.15156178097919296,94.8051948051948,,
546,0.11795749456163436,95.95959595959596,,
547,0.1331058857158837,95.67099567099567,,
548,0.12965858504606187,96.1038961038961,,
549,0.11441380815502541,96.24819624819625,,
550,0.10953130512827575,96.68109668109668,0.5219113540339779,83.11688311688312
551,0.11604021827476624,96.68109668109668,,
552,0.11937196722622385,95.81529581529581,,
553,0.1545921897335572,94.66089466089466,,
554,0.11917617770306992,96.1038961038961,,
555,0.1301256051397255,95.95959595959596,,
556,0.12679381399787693,94.37229437229438,,
557,0.1376309615477898,95.67099567099567,,
558,0.12039972719175991,95.81529581529581,,
559,0.1433234487648134,94.66089466089466,,
560,0.14602410320251707,94.94949494949495,,
561,0.12540807192379133,94.51659451659452,,
562,0.11144218612112869,96.3924963924964,,
563,0.12144495308141172,95.52669552669553,,
564,0.1301585439737741,95.38239538239539,,
565,0.13682033517229952,94.8051948051948,,
566,0.1354260476249637,96.3924963924964,,
567,0.11752545660493349,95.81529581529581,,
568,0.10614709489445322,96.68109668109668,,
569,0.12271079625316168,94.66089466089466,,
570,0.12816414803073004,94.22799422799423,,
571,0.11242377660727776,96.24819624819625,,
572,0.12538426534997094,95.95959595959596,,
573,0.13020546390025906,94.94949494949495,,
574,0.10878350785671374,96.24819624819625,,
575,0.11793170440377611,96.68109668109668,0.520141185491116,84.41558441558442
576,0.12676767845776518,95.38239538239539,,
577,0.1384580091910617,95.52669552669553,,
578,0.11661823522863966,96.1038961038961,,
579,0.1286621605937099,94.94949494949495,,
580,0.141972041319287,95.0937950937951,,
581,0.11066759673375932,95.95959595959596,,
582,0.12049140302735833,95.23809523809524,,
583,0.13986742893209705,95.52669552669553,,
584,0.12400438544081059,95.38239538239539,,
585,0.11335950028178152,95.95959595959596,,
586,0.11427124242417912,95.67099567099567,,
587,0.1282836544027748,95.67099567099567,,
588,0.10864059559054791,96.53679653679653,,
589,0.114308402829227,95.67099567099567,,
590,0.11336091795094945,95.95959595959596,,
591,0.12338067970170087,95.38239538239539,,
592,0.14014293415227322,93.79509379509379,,
593,0.12762847119434315,94.66089466089466,,
594,0.11758518008270649,95.23809523809524,,
595,0.1167395906186895,95.67099567099567,,
596,0.122152737961359,95.0937950937951,,
597,0.13234492704207762,96.1038961038961,,
598,0.11764752347167436,96.24819624819625,,
599,0.11398998160898943,96.3924963924964,,
600,0.11857442697577318,96.53679653679653,0.524470090382285,84.41558441558442
601,0.09081151593385149,97.83549783549783,,
602,0.11487184172498888,96.1038961038961,,
603,0.09843360448812509,97.40259740259741,,
604,0.10884148135114714,96.1038961038961,,
605,0.12718254770723428,95.52669552669553,,
606,0.11806810255905595,96.53679653679653,,
607,0.10824516567187908,96.68109668109668,,
608,0.13020787632138525,95.0937950937951,,
609,0.11383064815567599,96.1038961038961,,
610,0.11735113178518256,95.95959595959596,,
611,0.14516973749211684,94.8051948051948,,
612,0.10329450547566145,96.68109668109668,,
613,0.13218982002199298,94.51659451659452,,
614,0.11238002671737864,96.1038961038961,,
615,0.10547237582020945,95.81529581529581,,
616,0.11664747385493604,96.3924963924964,,
617,0.11444563428302865,95.38239538239539,,
618,0.10741352682333832,95.95959595959596,,
619,0.12358146785485624,96.68109668109668,,
620,0.11648132603663902,95.38239538239539,,
621,0.11392262745729256,96.24819624819625,,
622,0.11160533042009087,96.3924963924964,,
623,0.1209942852650886,94.94949494949495,,
624,0.0977999439347444,97.25829725829726,,
625,0.10179052570186996,95.95959595959596,0.5709136192287717,85.71428571428571
626,0.11339384859258478,95.38239538239539,,
627,0.12037008897566692,95.81529581529581,,
628,0.12160022530978892,95.52669552669553,,
629,0.1121327722731381,95.95959595959596,,
630,0.11750773889849885,96.68109668109668,,
631,0.11546089610926173,95.95959595959596,,
632,0.1324892964464052,95.81529581529581,,
633,0.12380918631434956,95.81529581529581,,
634,0.10338559638155143,96.1038961038961,,
635,0.09707182841469543,96.68109668109668,,
636,0.10720491607123811,95.81529581529581,,
637,0.11265175219781128,96.53679653679653,,
638,0.11416944177635821,96.1038961038961,,
639,0.11776969147494001,95.0937950937951,,
640,0.11246388844210348,96.53679653679653,,
641,0.11332258874547774,95.0937950937951,,
642,0.1138808216474961,95.67099567099567,,
643,0.109294920170634,95.52669552669553,,
644,0.10189453319983736,96.24819624819625,,
645,0.1033146729125691,96.3924963924964,,
646,0.11974421609193087,95.67099567099567,,
647,0.10158624425852969,96.24819624819625,,
648,0.1256520110249659,94.66089466089466,,
649,0.09379345868831072,96.96969696969697,,
650,0.12728694010348546,95.67099567099567,0.5652776013140555,84.41558441558442
651,0.10899035448764825,96.24819624819625,,
652,0.12542285568861647,96.24819624819625,,
653,0.1150189373443309,95.67099567099567,,
654,0.10205677310528952,96.3924963924964,,
655,0.0802489591877999,97.40259740259741,,
656,0.11006922364331685,96.53679653679653,,
657,0.09776119482508641,96.1038961038961,,
658,0.11363394068175064,96.68109668109668,,
659,0.08869747186185789,97.11399711399712,,
660,0.10023439375611094,96.68109668109668,,
661,0.11768792199258508,95.95959595959596,,
662,0.10134256086050174,97.11399711399712,,
663,0.09397538571029197,97.11399711399712,,
664,0.11249877366238686,95.52669552669553,,
665,0.12662671874095868,95.0937950937951,,
666,0.12089226141163453,95.52669552669553,,
667,0.10412107635972132,96.68109668109668,,
668,0.10693214540094309,96.1038961038961,,
669,0.1130437066759726,95.95959595959596,,
670,0.11937488069889521,94.37229437229438,,
671,0.09241362002074804,96.3924963924964,,
672,0.08159607894514374,97.11399711399712,,
673,0.08885547086531982,96.96969696969697,,
674,0.10479789993807695,96.68109668109668,,
675,0.11218220625518892,95.67099567099567,0.5890073868167864,85.71428571428571
676,0.09073750874696872,97.25829725829726,,
677,0.10684070646934866,96.3924963924964,,
678,0.11069589187787553,96.82539682539682,,
679,0.11525527335176564,95.81529581529581,,
680,0.10906730406255088,96.96969696969697,,
681,0.08558841283173767,97.11399711399712,,
682,0.10711415776442655,96.24819624819625,,
683,0.09438047687083612,96.3924963924964,,
684,0.10754208486059527,96.3924963924964,,
685,0.09615883164505594,96.82539682539682,,
686,0.11252634317585916,95.95959595959596,,
687,0.08768718427888415,97.54689754689754,,
688,0.09863319225921087,97.40259740259741,,
689,0.10461765441715631,96.1038961038961,,
690,0.1000375971950666,96.3924963924964,,
691,0.09116663731645368,96.53679653679653,,
692,0.1314010411281875,95.81529581529581,,
693,0.10590292708504767,96.53679653679653,,
694,0.10420830200545887,96.24819624819625,,
695,0.10849782469726744,96.24819624819625,,
696,0.10213448856063563,96.53679653679653,,
697,0.08956087239806958,96.82539682539682,,
698,0.10123728556776201,96.1038961038961,,
699,0.10824905877763574,95.81529581529581,,
700,0.1060177565997125,96.1038961038961,0.6066126188190727,84.41558441558442
701,0.09844036744356499,97.11399711399712,,
702,0.08974542868730825,96.96969696969697,,
703,0.10810510963631571,96.53679653679653,,
704,0.1033482968129895,95.23809523809524,,
705,0.074103859316391,97.54689754689754,,
706,0.1006386840681063,96.68109668109668,,
707,0.08432900214307064,96.96969696969697,,
708,0.11996605925659769,94.94949494949495,,
709,0.08747483699610739,97.11399711399712,,
710,0.0928353603612121,97.11399711399712,,
711,0.10334252722260326,96.82539682539682,,
712,0.09015101257545005,97.25829725829726,,
713,0.1331610174118548,95.23809523809524,,
714,0.09731360462535855,96.24819624819625,,
715,0.08820647275556433,97.54689754689754,,
716,0.12096945718764011,96.24819624819625,,
717,0.11876434927959463,96.1038961038961,,
718,0.0909466263105687,97.40259740259741,,
719,0.07576833941374367,97.54689754689754,,
720,0.09369164645338557,96.96969696969697,,
721,0.09596517664873583,96.82539682539682,,
722,0.08908941701839411,96.96969696969697,,
723,0.10133856666660068,96.3924963924964,,
724,0.11883747491657648,96.24819624819625,,
725,0.07981666382086365,97.83549783549783,0.6563422602008689,87.01298701298701
726,0.11229533698372167,96.24819624819625,,
727,0.10519318592238736,95.95959595959596,,
728,0.09312515141385974,96.1038961038961,,
729,0.09408298250916716,96.82539682539682,,
730,0.08679157774912229,97.25829725829726,,
731,0.08997058327891697,96.82539682539682,,
732,0.13645746728773586,95.23809523809524,,
733,0.08770247264449386,97.25829725829726,,
734,0.08351661071374819,97.11399711399712,,
735,0.09145482620936624,97.11399711399712,,
736,0.0999428110431025,96.68109668109668,,
737,0.10523445575268238,95.67099567099567,,
738,0.09736264426621352,97.54689754689754,,
739,0.1101505439936803,96.1038961038961,,
740,0.09943665781234422,96.3924963924964,,
741,0.0861482002959193,96.1038961038961,,
742,0.09494170175615327,96.3924963924964,,
743,0.09155692814877539,97.11399711399712,,
744,0.0939252751773226,96.3924963924964,,
745,0.1077038176346995,96.53679653679653,,
746,0.0881237346480075,96.3924963924964,,
747,0.1299604652711549,95.67099567099567,,
748,0.0952523329912068,96.53679653679653,,
749,0.08604494767185586,96.82539682539682,,
750,0.1201870965423307,96.68109668109668,0.7314358225890568,83.11688311688312
751,0.08830866120852433,97.11399711399712,,
752,0.0927316566677576,97.25829725829726,,
753,0.07813036975062426,97.69119769119769,,
754,0.09923890091661595,96.53679653679653,,
755,0.0996704243317053,96.82539682539682,,
756,0.11419929129650755,95.67099567099567,,
757,0.1064380050769874,96.1038961038961,,
758,0.10308780503414926,96.3924963924964,,
759,0.08274209942308511,96.82539682539682,,
760,0.08937611593764065,96.3924963924964,,
761,0.09375169468992545,96.68109668109668,,
762,0.09233179909928364,96.68109668109668,,
763,0.08573449113810923,96.3924963924964,,
764,0.09327825405305684,97.40259740259741,,
765,0.08671185393612106,96.68109668109668,,
766,0.07346013146701227,98.12409812409813,,
767,0.07003372897156131,97.69119769119769,,
768,0.07956554328896438,97.40259740259741,,
769,0.1010091733751875,96.3924963924964,,
770,0.11419618898978481,96.53679653679653,,
771,0.12395202750299787,95.23809523809524,,
772,0.09520622251439748,96.3924963924964,,
773,0.08502781930853966,96.53679653679653,,
774,0.06869727304315498,97.83549783549783,,
775,0.08310782564279837,96.68109668109668,0.7288334483837152,83.11688311688312
776,0.09018874540387466,96.96969696969697,,
777,0.08351173570909111,96.68109668109668,,
778,0.07259427542122239,98.26839826839827,,
779,0.09202696410952536,95.81529581529581,,
780,0.10273645003292639,95.95959595959596,,
781,0.09244104757539466,97.25829725829726,,
782,0.10467176570057798,95.95959595959596,,
783,0.08855308897653527,97.11399711399712,,
784,0.07807591899794031,97.11399711399712,,
785,0.09787749162301271,97.40259740259741,,
786,0.10327839930938264,96.1038961038961,,
787,0.08087619305904122,97.40259740259741,,
788,0.08319745684770967,97.54689754689754,,
789,0.10030527952063996,97.40259740259741,,
790,0.08503034431218542,97.25829725829726,,
791,0.07738133591920955,97.25829725829726,,
792,0.07673329809827738,97.11399711399712,,
793,0.10116420196124701,97.11399711399712,,
794,0.08477702262928281,97.11399711399712,,
795,0.08413332874898787,96.82539682539682,,
796,0.08781873156325985,96.53679653679653,,
797,0.11011252574848407,96.1038961038961,,
798,0.07887466664696152,97.54689754689754,,
799,0.0813858225339591,97.83549783549783,,
800,0.07308445243140707,97.97979797979798,0.7260417442817193,83.11688311688312
801,0.10033147148841731,96.96969696969697,,
802,0.07081134472590633,97.54689754689754,,
803,0.08920468412565463,96.68109668109668,,
804,0.08232248228844283,97.25829725829726,,
805,0.08371612203843666,96.82539682539682,,
806,0.09091658219372556,96.3924963924964,,
807,0.08804270742302506,96.96969696969697,,
808,0.0857330427369342,97.54689754689754,,
809,0.0756018824054232,97.54689754689754,,
810,0.1157161115976467,95.67099567099567,,
811,0.07960450511646133,97.69119769119769,,
812,0.09196207129422032,96.24819624819625,,
813,0.07905198173452314,97.54689754689754,,
814,0.08301420669470515,97.40259740259741,,
815,0.06653043396588183,98.12409812409813,,
816,0.09572039812287211,95.67099567099567,,
817,0.10273880993041598,97.11399711399712,,
818,0.08227266628203798,97.25829725829726,,
819,0.06350317717802645,97.25829725829726,,
820,0.08071761895481815,97.69119769119769,,
821,0.07889940069241162,97.97979797979798,,
822,0.0780208201764466,97.11399711399712,,
823,0.08598692914065173,96.96969696969697,,
824,0.10392254524330728,96.24819624819625,,
825,0.07892842185488683,97.54689754689754,0.8067311398781739,83.11688311688312
826,0.0604463317371034,98.26839826839827,,
827,0.07258623070520326,97.54689754689754,,
828,0.07349825870718747,97.40259740259741,,
829,0.079137240803947,96.96969696969697,,
830,0.0781810756794259,97.40259740259741,,
831,0.07112797693192184,97.69119769119769,,
832,0.08961403224762383,96.68109668109668,,
833,0.08636345397875864,97.40259740259741,,
834,0.07708702253347094,97.11399711399712,,
835,0.09429297257284668,96.96969696969697,,
836,0.11052257841799683,96.53679653679653,,
837,0.07817848526683205,97.40259740259741,,
838,0.08492721658613947,97.25829725829726,,
839,0.059348287701225085,98.26839826839827,,
840,0.09010066919856602,97.25829725829726,,
841,0.10433969828652112,96.24819624819625,,
842,0.09375920923074646,96.68109668109668,,
843,0.07574670135499144,98.26839826839827,,
844,0.10126841143526212,95.95959595959596,,
845,0.09295581117766932,96.96969696969697,,
846,0.07880279928590957,97.11399711399712,,
847,0.10781541868807777,95.38239538239539,,
848,0.09407740394338901,96.82539682539682,,
849,0.07414122668738661,97.54689754689754,,
850,0.0963499578358377,95.95959595959596,0.8513234451219633,83.11688311688312
851,0.08523519591174343,96.96969696969697,,
852,0.07516732137290086,97.83549783549783,,
853,0.06574085982137429,97.83549783549783,,
854,0.0863331514928076,97.11399711399712,,
855,0.06679202016029093,98.12409812409813,,
856,0.06887207161043844,97.54689754689754,,
857,0.0662242104104501,97.25829725829726,,
858,0.10657168235656675,96.3924963924964,,
859,0.10139458319024434,96.96969696969697,,
860,0.09857646600594597,97.54689754689754,,
861,0.06807457705123772,97.54689754689754,,
862,0.07352275772270186,97.40259740259741,,
863,0.08194862296441932,96.53679653679653,,
864,0.06939523851345757,97.69119769119769,,
865,0.09770143075078769,96.68109668109668,,
866,0.08742500998047523,97.25829725829726,,
867,0.09300725546384615,95.52669552669553,,
868,0.09263211763954438,96.3924963924964,,
869,0.0847924015824757,96.53679653679653,,
870,0.06349079717289317,98.26839826839827,,
871,0.07070126257632546,97.83549783549783,,
872,0.07934647967869585,97.83549783549783,,
873,0.0934124430708727,96.3924963924964,,
874,0.08577602834563063,97.11399711399712,,
875,0.09252358325804123,96.82539682539682,0.7957715092154293,85.71428571428571
876,0.08239837719226985,97.54689754689754,,
877,0.08213279137729222,96.68109668109668,,
878,0.08803385879285365,96.96969696969697,,
879,0.09405847755227167,96.68109668109668,,
880,0.07678391437367423,97.40259740259741,,
881,0.09375851490893664,96.3924963924964,,
882,0.07799504579059661,97.83549783549783,,
883,0.07433577480727288,98.12409812409813,,
884,0.07435077933048961,97.69119769119769,,
885,0.0724436476797102,97.83549783549783,,
886,0.06850320999046941,97.40259740259741,,
887,0.09586619182582541,95.95959595959596,,
888,0.06552359233858954,97.97979797979798,,
889,0.08343061437080433,97.25829725829726,,
890,0.06994506316246064,97.54689754689754,,
891,0.08307819156054122,97.11399711399712,,
892,0.0759462930018843,96.82539682539682,,
893,0.07303837817135397,97.83549783549783,,
894,0.07005933977254972,97.25829725829726,,
895,0.07768664062748869,97.40259740259741,,
896,0.08600763441164257,97.83549783549783,,
897,0.08003356344299055,97.11399711399712,,
898,0.08170266045475161,97.25829725829726,,
899,0.08719285808887983,97.25829725829726,,
900,0.08228431353789001,97.11399711399712,0.8372205995120011,84.41558441558442
901,0.06140226631023495,97.54689754689754,,
902,0.09000276374156234,96.53679653679653,,
903,0.07259668809231398,97.11399711399712,,
904,0.06800051159823439,97.69119769119769,,
905,0.09007904448507496,96.68109668109668,,
906,0.07778689131129958,97.69119769119769,,
907,0.10127534696894118,96.68109668109668,,
908,0.07909642214769926,97.11399711399712,,
909,0.0706377173323738,97.40259740259741,,
910,0.05293654129285403,98.84559884559884,,
911,0.06919051777211274,97.54689754689754,,
912,0.08915251595993536,96.3924963924964,,
913,0.06895469591387078,97.69119769119769,,
914,0.08878562529537756,97.54689754689754,,
915,0.07873504573390597,97.69119769119769,,
916,0.0703873982784724,97.25829725829726,,
917,0.07123396190590242,97.83549783549783,,
918,0.08899282679616233,96.53679653679653,,
919,0.06622816810940767,98.26839826839827,,
920,0.07243312188406699,96.96969696969697,,
921,0.06690577587615402,97.54689754689754,,
922,0.08717856136880396,96.3924963924964,,
923,0.08244187196697851,96.3924963924964,,
924,0.08933362700475157,97.40259740259741,,
925,0.07704857702959668,97.54689754689754,0.8838965590898092,81.81818181818181
926,0.07400819347448336,97.25829725829726,,
927,0.08045223346692315,97.25829725829726,,
928,0.06568671707574596,97.83549783549783,,
929,0.06209965305561455,98.26839826839827,,
930,0.0806042966547101,97.54689754689754,,
931,0.06993533546373135,97.40259740259741,,
932,0.08207991992863914,97.40259740259741,,
933,0.0799671999497331,97.69119769119769,,
934,0.09073920758282511,96.53679653679653,,
935,0.07085498923121335,97.97979797979798,,
936,0.08125965858132324,97.83549783549783,,
937,0.07460115894051686,97.69119769119769,,
938,0.07153892162300292,97.69119769119769,,
939,0.10846920258770085,96.82539682539682,,
940,0.064901337453314,97.97979797979798,,
941,0.07111129522173092,97.25829725829726,,
942,0.06667804484716569,98.26839826839827,,
943,0.0891462369656666,95.95959595959596,,
944,0.08150211500990356,97.83549783549783,,
945,0.06583107584310645,97.69119769119769,,
946,0.0685971456043648,97.40259740259741,,
947,0.07221819513072872,96.82539682539682,,
948,0.06582510505210269,97.69119769119769,,
949,0.08304488639552872,97.40259740259741,,
950,0.07615845228449951,97.54689754689754,0.9220249439988818,84.41558441558442
951,0.07433200329757184,97.40259740259741,,
952,0.05286878954033229,98.41269841269842,,
953,0.0751528733585992,97.54689754689754,,
954,0.06557214961348244,97.83549783549783,,
955,0.05650115236881879,97.69119769119769,,
956,0.08116611454926141,97.83549783549783,,
957,0.06610611869723766,97.97979797979798,,
958,0.06162431745549387,97.83549783549783,,
959,0.06320328818040148,97.69119769119769,,
960,0.08124778461393942,96.82539682539682,,
961,0.07060964879664508,97.97979797979798,,
962,0.08084071207856074,96.68109668109668,,
963,0.07257472044582684,98.12409812409813,,
964,0.06971955588181512,97.97979797979798,,
965,0.058665755700755426,97.97979797979798,,
966,0.06797370950531478,97.69119769119769,,
967,0.07675538478690652,97.25829725829726,,
968,0.07715280892120467,97.54689754689754,,
969,0.07309734468545878,97.97979797979798,,
970,0.06678923319294124,97.54689754689754,,
971,0.08843264814726955,97.40259740259741,,
972,0.07810771858257821,97.25829725829726,,
973,0.0584316065002093,97.97979797979798,,
974,0.08978602438520043,96.1038961038961,,
975,0.07576991478451575,97.25829725829726,0.9811059416501553,83.11688311688312
976,0.06223264487102778,98.41269841269842,,
977,0.0590983432694775,98.12409812409813,,
978,0.07519548674467494,97.40259740259741,,
979,0.06313735540166046,97.54689754689754,,
980,0.0947542754183342,96.53679653679653,,
981,0.06610975624431693,97.69119769119769,,
982,0.07036046090187749,97.11399711399712,,
983,0.066869901663867,97.40259740259741,,
984,0.06451884677571824,97.40259740259741,,
985,0.07254274913758607,97.54689754689754,,
986,0.07106015715018334,97.40259740259741,,
987,0.05196357473279491,98.55699855699855,,
988,0.05530867621626485,98.26839826839827,,
989,0.06390348517014759,96.96969696969697,,
990,0.05912493017715809,97.25829725829726,,
991,0.0742911251307523,97.25829725829726,,
992,0.07524374741281438,96.82539682539682,,
993,0.08278400760579419,96.82539682539682,,
994,0.06408022270869856,97.83549783549783,,
995,0.056391213831060376,97.97979797979798,,
996,0.0668849587328947,97.69119769119769,,
997,0.060222978936172324,97.83549783549783,,
998,0.07865824837447245,97.54689754689754,,
999,0.08207285673522846,96.96969696969697,,
1000,0.052580179869908567,98.55699855699855,0.9578434130201092,85.71428571428571
