epoch,train_loss,train_acc,test_loss,test_acc
1,0.6912554095661829,52.23665223665223,0.6843224500680899,55.84415584415584
2,0.6842427706993676,56.132756132756136,,
3,0.6869320798917938,55.55555555555556,,
4,0.6846291679152506,56.42135642135642,,
5,0.683066228595475,55.84415584415584,,
6,0.6829953236669345,56.42135642135642,,
7,0.6811863348253534,55.41125541125541,,
8,0.6791037519772848,55.84415584415584,,
9,0.6764411570189836,57.43145743145743,,
10,0.6739991600551303,55.98845598845599,,
11,0.6728347410027254,55.122655122655125,,
12,0.6672024449916801,56.998556998557,,
13,0.6617655370486591,59.884559884559884,,
14,0.6568489700856835,60.894660894660895,,
15,0.656723547291446,59.884559884559884,,
16,0.6482368778184723,61.47186147186147,,
17,0.6377168422481543,64.93506493506493,,
18,0.6381543922045875,62.62626262626262,,
19,0.624635825726549,67.24386724386724,,
20,0.6216843619319096,63.2034632034632,,
21,0.6132920366775078,68.54256854256855,,
22,0.6111056960764385,68.1096681096681,,
23,0.5895557241006331,71.57287157287158,,
24,0.6020587380830343,68.97546897546897,,
25,0.584611807292674,70.56277056277057,0.5991522754941668,64.93506493506493
26,0.5869186694745894,70.12987012987013,,
27,0.5722976150622787,71.28427128427128,,
28,0.5685087001168883,73.01587301587301,,
29,0.5735749290103004,72.005772005772,,
30,0.5603926986842961,72.15007215007215,,
31,0.5562984382607377,71.57287157287158,,
32,0.560245854470981,71.71717171717172,,
33,0.5560901717190102,73.73737373737374,,
34,0.5685318012172181,71.57287157287158,,
35,0.5472098335215195,72.87157287157287,,
36,0.5357885000337598,72.72727272727273,,
37,0.5373662723091258,74.45887445887446,,
38,0.5371947214544938,72.005772005772,,
39,0.5287216391742315,73.73737373737374,,
40,0.521160301019963,74.31457431457432,,
41,0.5202903635746129,75.03607503607503,,
42,0.5176876320209338,74.74747474747475,,
43,0.506064325829089,77.77777777777777,,
44,0.4923344397699678,77.2005772005772,,
45,0.5110169421198736,75.61327561327562,,
46,0.49177760616869465,76.62337662337663,,
47,0.5003723910704664,78.21067821067821,,
48,0.4879233445138986,76.91197691197691,,
49,0.5039366698282277,76.19047619047619,,
50,0.4906489852745984,76.62337662337663,0.5089677134891609,77.92207792207792
51,0.4683842603520397,78.64357864357865,,
52,0.49207390445952465,76.62337662337663,,
53,0.48985213522959237,75.9018759018759,,
54,0.47247400720742183,77.77777777777777,,
55,0.4881718664458304,77.05627705627705,,
56,0.4704376638881744,79.65367965367966,,
57,0.48581224344509505,76.76767676767676,,
58,0.46323177519470754,78.64357864357865,,
59,0.4893604340663376,76.76767676767676,,
60,0.46445013408537034,78.64357864357865,,
61,0.4545929668441651,79.65367965367966,,
62,0.45652062354493794,79.07647907647907,,
63,0.44599700971771283,79.36507936507937,,
64,0.4551855368273599,78.93217893217893,,
65,0.44859859162422827,80.37518037518038,,
66,0.4456554376889789,79.36507936507937,,
67,0.4587035063455287,78.78787878787878,,
68,0.44325911508494126,78.78787878787878,,
69,0.44790842342170284,79.22077922077922,,
70,0.4454988772304887,79.22077922077922,,
71,0.448735177774966,79.50937950937951,,
72,0.42806021905736663,80.8080808080808,,
73,0.4278141199295311,79.07647907647907,,
74,0.443280006727959,77.92207792207792,,
75,0.44138236943777504,79.79797979797979,0.4821304516358809,79.22077922077922
76,0.4499582379067271,79.36507936507937,,
77,0.4463372188385087,79.79797979797979,,
78,0.4393218701105957,80.8080808080808,,
79,0.4245775591415416,81.52958152958153,,
80,0.4291708211362104,80.08658008658008,,
81,0.4316215989479599,81.38528138528139,,
82,0.41287449281797095,81.0966810966811,,
83,0.42062246567243106,81.0966810966811,,
84,0.4334923035611666,80.66378066378067,,
85,0.41007291634189447,80.95238095238095,,
86,0.41757188593326366,81.67388167388168,,
87,0.4001639212708797,82.3953823953824,,
88,0.42643500131274026,80.51948051948052,,
89,0.4094993340074586,81.81818181818181,,
90,0.4187198139372326,80.51948051948052,,
91,0.39552714663838584,82.82828282828282,,
92,0.3894696043425308,84.27128427128427,,
93,0.4127096272306181,81.24098124098124,,
94,0.3899515415682937,82.82828282828282,,
95,0.39409486753772005,82.1067821067821,,
96,0.3978029063769749,82.25108225108225,,
97,0.39499494669929386,83.11688311688312,,
98,0.40391909478374716,80.8080808080808,,
99,0.4020571139725772,82.25108225108225,,
100,0.3983559182066938,82.82828282828282,0.4517246163510657,81.81818181818181
101,0.40058911177847123,83.40548340548341,,
102,0.386627227368981,82.25108225108225,,
103,0.3868320407977524,82.68398268398268,,
104,0.3902954936113536,81.67388167388168,,
105,0.37936307281298726,83.26118326118326,,
106,0.40591453506058944,81.52958152958153,,
107,0.40000921651226445,81.81818181818181,,
108,0.376376306726819,83.54978354978356,,
109,0.4002959117572889,82.53968253968254,,
110,0.3975086473412328,82.82828282828282,,
111,0.3741990126142598,85.13708513708514,,
112,0.3977588897659665,83.11688311688312,,
113,0.38346249948848377,83.26118326118326,,
114,0.3894240337532836,83.11688311688312,,
115,0.3970639010915509,83.54978354978356,,
116,0.3792272193779333,84.27128427128427,,
117,0.38115488571178,82.68398268398268,,
118,0.3715561561254196,83.40548340548341,,
119,0.3474937556969999,86.86868686868686,,
120,0.36242416879487416,84.12698412698413,,
121,0.39706343485507445,81.96248196248196,,
122,0.39298447248395557,82.1067821067821,,
123,0.39704285611493934,82.25108225108225,,
124,0.3837022121248479,82.68398268398268,,
125,0.353424485197659,86.58008658008659,0.4217094937702278,83.11688311688312
126,0.3810611653637576,82.82828282828282,,
127,0.3654938745399746,84.84848484848484,,
128,0.37097717952762677,84.12698412698413,,
129,0.3582282554879677,83.54978354978356,,
130,0.3498735332385802,86.2914862914863,,
131,0.36719569110165085,84.7041847041847,,
132,0.3760126322550863,83.83838383838383,,
133,0.35839679230859267,83.83838383838383,,
134,0.370855996059993,83.26118326118326,,
135,0.3790821409629709,84.12698412698413,,
136,0.34357899969274347,86.002886002886,,
137,0.38734071156679295,83.40548340548341,,
138,0.3535153496026735,85.42568542568543,,
139,0.3626563709879678,84.27128427128427,,
140,0.36230202842756437,84.27128427128427,,
141,0.35893071943848337,84.27128427128427,,
142,0.3319062189794378,85.85858585858585,,
143,0.33724880790469625,86.14718614718615,,
144,0.3580014343127544,84.99278499278499,,
145,0.3468489425866979,85.28138528138528,,
146,0.3520806694099569,84.99278499278499,,
147,0.36596633908896564,84.7041847041847,,
148,0.3307698246032473,85.42568542568543,,
149,0.3466936169248639,85.42568542568543,,
150,0.34572815250008654,85.56998556998558,0.4120841119196508,81.81818181818181
151,0.3497514802892659,85.71428571428571,,
152,0.3450497470118783,83.54978354978356,,
153,0.3473819958269166,85.42568542568543,,
154,0.35148578234995254,82.68398268398268,,
155,0.33291633308879914,86.58008658008659,,
156,0.37265617661661915,83.11688311688312,,
157,0.34771168283569864,85.13708513708514,,
158,0.32571886529310096,86.72438672438672,,
159,0.3327435374603987,85.71428571428571,,
160,0.3254502240197483,86.43578643578644,,
161,0.3505151623599285,84.12698412698413,,
162,0.357327668697803,84.41558441558442,,
163,0.3432787035794829,85.71428571428571,,
164,0.3432804604865944,84.55988455988457,,
165,0.3462716009881761,85.56998556998558,,
166,0.32980255010668164,87.5901875901876,,
167,0.3326727394632791,88.02308802308802,,
168,0.3192339078677767,85.85858585858585,,
169,0.3387332342640318,84.27128427128427,,
170,0.33245772392116757,86.2914862914863,,
171,0.33985955589605443,85.13708513708514,,
172,0.32711231235473875,85.56998556998558,,
173,0.3378983957512898,85.42568542568543,,
174,0.3393365687020069,87.01298701298701,,
175,0.32167278103326136,85.71428571428571,0.36579354010619125,84.41558441558442
176,0.3248024733809682,86.002886002886,,
177,0.3188264817644507,86.14718614718615,,
178,0.32137478795574514,86.002886002886,,
179,0.3476540953361713,85.56998556998558,,
180,0.3221665001964844,86.43578643578644,,
181,0.314965418396144,85.71428571428571,,
182,0.30194837086085463,88.60028860028861,,
183,0.31401381305113846,87.5901875901876,,
184,0.32036597882686413,85.56998556998558,,
185,0.3520927763776518,84.41558441558442,,
186,0.3212243563685066,86.86868686868686,,
187,0.3234119377438984,86.14718614718615,,
188,0.3046617264957483,88.31168831168831,,
189,0.3194609610162256,86.2914862914863,,
190,0.31546520494451424,87.01298701298701,,
191,0.3078316051894624,87.15728715728716,,
192,0.3074609773585635,86.86868686868686,,
193,0.3158530607970074,88.16738816738817,,
194,0.32950010887665665,84.99278499278499,,
195,0.31672367679350305,87.3015873015873,,
196,0.29714740922440697,87.73448773448773,,
197,0.3030762259793316,85.85858585858585,,
198,0.30231875379020173,88.31168831168831,,
199,0.30479770290301134,87.44588744588745,,
200,0.3099397268861231,87.15728715728716,0.34163525623160523,88.31168831168831
201,0.2774383730186529,87.87878787878788,,
202,0.2990700289671555,87.44588744588745,,
203,0.2986477875778341,87.01298701298701,,
204,0.31943309156581606,87.44588744588745,,
205,0.2938746029852445,87.01298701298701,,
206,0.31336027719241716,87.3015873015873,,
207,0.305095574986539,87.87878787878788,,
208,0.3086247501564232,87.87878787878788,,
209,0.29735048276521425,87.3015873015873,,
210,0.32743677742037425,86.58008658008659,,
211,0.30242220322033025,86.86868686868686,,
212,0.2923086022831833,87.87878787878788,,
213,0.2975409771886911,87.73448773448773,,
214,0.2994504291859884,86.14718614718615,,
215,0.3069933495480261,85.71428571428571,,
216,0.28903099490278555,88.02308802308802,,
217,0.2822371742877609,89.32178932178932,,
218,0.27429148898840294,88.31168831168831,,
219,0.3094443397174494,86.86868686868686,,
220,0.29927941337550357,88.45598845598846,,
221,0.29715633293422955,87.01298701298701,,
222,0.30050834940281435,88.45598845598846,,
223,0.29425168673885505,87.3015873015873,,
224,0.2952052526831799,87.5901875901876,,
225,0.3049026458896428,87.73448773448773,0.33936213014961836,85.71428571428571
226,0.2976781784800052,87.01298701298701,,
227,0.2868202780232285,88.88888888888889,,
228,0.3066658356145003,87.5901875901876,,
229,0.29694019595609944,87.44588744588745,,
230,0.2900849089004949,88.16738816738817,,
231,0.2750948208235043,88.88888888888889,,
232,0.3169040372017314,87.01298701298701,,
233,0.27838347837178395,88.02308802308802,,
234,0.2941114538783291,88.60028860028861,,
235,0.2837955406389883,87.5901875901876,,
236,0.28481430877510777,88.16738816738817,,
237,0.2720665546378704,88.16738816738817,,
238,0.2762413671264401,86.14718614718615,,
239,0.2907521176389802,88.45598845598846,,
240,0.2739944697329492,88.16738816738817,,
241,0.3086712486386127,87.5901875901876,,
242,0.2851264499568664,88.31168831168831,,
243,0.2765917168207155,88.31168831168831,,
244,0.266213681532707,88.31168831168831,,
245,0.2973377201141733,87.3015873015873,,
246,0.2619963236446096,89.75468975468975,,
247,0.2484636992689163,90.47619047619048,,
248,0.2760594476224024,89.17748917748918,,
249,0.28380492488715214,87.73448773448773,,
250,0.2903943524560199,87.15728715728716,0.3280374233598833,87.01298701298701
251,0.2548340708017349,89.75468975468975,,
252,0.27803041047348087,87.5901875901876,,
253,0.2689220084772482,89.03318903318903,,
254,0.2750822086354871,89.75468975468975,,
255,0.2805796978836624,89.03318903318903,,
256,0.27933503984114827,89.46608946608947,,
257,0.28367630829886786,88.16738816738817,,
258,0.25856215101471886,89.32178932178932,,
259,0.2628332710197306,89.17748917748918,,
260,0.255896365143692,89.46608946608947,,
261,0.2816440777431147,87.73448773448773,,
262,0.27048557420485636,88.16738816738817,,
263,0.27135663609656074,88.02308802308802,,
264,0.2754657003614638,88.31168831168831,,
265,0.2562217887324344,89.8989898989899,,
266,0.26566314277968883,88.60028860028861,,
267,0.2745747519992991,87.44588744588745,,
268,0.291637005561272,87.15728715728716,,
269,0.24180201362565826,88.88888888888889,,
270,0.2732685199719659,89.6103896103896,,
271,0.2710863420844594,89.8989898989899,,
272,0.2772811185487937,88.88888888888889,,
273,0.2722656276361939,89.8989898989899,,
274,0.27687330038688573,88.60028860028861,,
275,0.2504836256369884,89.8989898989899,0.3323735587008588,83.11688311688312
276,0.24912690273439042,90.18759018759019,,
277,0.2505784349524098,88.60028860028861,,
278,0.27959313111387807,88.74458874458874,,
279,0.27847036931120817,89.03318903318903,,
280,0.24516717713288586,89.8989898989899,,
281,0.2684547289625391,90.62049062049061,,
282,0.27870548528338235,88.31168831168831,,
283,0.26186563696008053,89.32178932178932,,
284,0.2604289572433304,89.03318903318903,,
285,0.25967137803677015,90.76479076479076,,
286,0.26031983225548594,88.31168831168831,,
287,0.24514847181060098,90.04329004329004,,
288,0.2630043639593138,87.44588744588745,,
289,0.27869292702337706,87.87878787878788,,
290,0.25433705203116885,90.47619047619048,,
291,0.2501946696514347,89.17748917748918,,
292,0.27284344940474536,88.74458874458874,,
293,0.25662628631141104,89.32178932178932,,
294,0.26393706406349743,89.6103896103896,,
295,0.29376532922231446,87.73448773448773,,
296,0.25475665361420247,90.18759018759019,,
297,0.25482052839851654,89.8989898989899,,
298,0.2741984284629381,90.04329004329004,,
299,0.26321657025624834,88.74458874458874,,
300,0.2440948293989183,90.62049062049061,0.3172560485152455,85.71428571428571
301,0.24290318661308907,90.04329004329004,,
302,0.25450270904650074,89.8989898989899,,
303,0.23387139945319205,90.47619047619048,,
304,0.2533720066128527,88.88888888888889,,
305,0.2519343952294896,89.75468975468975,,
306,0.21337938562444106,92.20779220779221,,
307,0.25106771735401895,89.6103896103896,,
308,0.26351455350716907,89.8989898989899,,
309,0.2732214048010274,88.74458874458874,,
310,0.257155026901852,90.18759018759019,,
311,0.23631458973557745,90.33189033189034,,
312,0.2403324827401325,90.33189033189034,,
313,0.23270185064916832,90.33189033189034,,
314,0.24282465399945796,89.8989898989899,,
315,0.26240595801052075,88.16738816738817,,
316,0.24464136645907447,89.6103896103896,,
317,0.2622315565400997,88.60028860028861,,
318,0.2673424893471414,89.75468975468975,,
319,0.24335849654966962,88.45598845598846,,
320,0.24818605894134158,89.32178932178932,,
321,0.23406436802848937,91.05339105339105,,
322,0.23571306536939066,90.18759018759019,,
323,0.24726529236651773,89.46608946608947,,
324,0.2551445465153258,89.32178932178932,,
325,0.23394714620550303,90.76479076479076,0.3287385632465412,85.71428571428571
326,0.2560806235064676,89.6103896103896,,
327,0.2445936475653325,89.17748917748918,,
328,0.23241817493201333,91.05339105339105,,
329,0.22900200507255516,89.46608946608947,,
330,0.2394511347897297,91.05339105339105,,
331,0.25219084562204275,89.32178932178932,,
332,0.24249040907918118,89.46608946608947,,
333,0.23446745600707258,89.46608946608947,,
334,0.24137252216021737,90.9090909090909,,
335,0.21925095489186813,90.76479076479076,,
336,0.24748436343274247,90.18759018759019,,
337,0.2534417309630313,90.18759018759019,,
338,0.24425517196779128,90.04329004329004,,
339,0.26586008080500373,89.32178932178932,,
340,0.24070367253080419,90.04329004329004,,
341,0.2570406457820496,89.6103896103896,,
342,0.25409781475904875,89.32178932178932,,
343,0.23066858319407074,90.76479076479076,,
344,0.29087438261268117,88.31168831168831,,
345,0.23809790224223942,90.33189033189034,,
346,0.22990008679045226,89.8989898989899,,
347,0.23126203342089577,91.48629148629149,,
348,0.23031626884727424,91.05339105339105,,
349,0.2400368077070338,89.8989898989899,,
350,0.24062094883657292,91.34199134199135,0.36114557687338295,84.41558441558442
351,0.21790664018404604,91.05339105339105,,
352,0.22609969392999427,91.05339105339105,,
353,0.24115680250598584,90.62049062049061,,
354,0.23058611421185998,91.05339105339105,,
355,0.25407052959327575,88.88888888888889,,
356,0.23841536573495872,91.05339105339105,,
357,0.249053852576198,90.33189033189034,,
358,0.23466468756161038,90.18759018759019,,
359,0.24390989636617993,90.62049062049061,,
360,0.23725897069714028,90.47619047619048,,
361,0.2480063611402312,90.04329004329004,,
362,0.24516575100790028,90.33189033189034,,
363,0.23041038397930746,90.62049062049061,,
364,0.2087880354939085,91.48629148629149,,
365,0.2315002932693019,91.63059163059162,,
366,0.23917199051999427,89.32178932178932,,
367,0.24483238407350205,90.33189033189034,,
368,0.23929629073321046,90.18759018759019,,
369,0.22455183426281075,90.18759018759019,,
370,0.23887811647929671,89.46608946608947,,
371,0.22421926887864502,91.63059163059162,,
372,0.23797630704670586,90.18759018759019,,
373,0.2543627905053279,89.8989898989899,,
374,0.2572836936982335,88.88888888888889,,
375,0.2188754380286858,91.05339105339105,0.3656622527481674,83.11688311688312
376,0.24276213711302347,90.62049062049061,,
377,0.22633514890896123,90.9090909090909,,
378,0.22744189159780698,90.9090909090909,,
379,0.21215622273272422,92.20779220779221,,
380,0.2405420835916098,89.6103896103896,,
381,0.2256084881712176,91.91919191919192,,
382,0.23178791169824367,89.8989898989899,,
383,0.23186213934920394,91.1976911976912,,
384,0.23641137729303488,90.47619047619048,,
385,0.21365307996111343,91.05339105339105,,
386,0.2033424008460272,92.64069264069263,,
387,0.2604990272069132,89.8989898989899,,
388,0.23857152689662245,91.1976911976912,,
389,0.20481272353582397,92.06349206349206,,
390,0.21744643094778748,91.63059163059162,,
391,0.23265279383327367,90.9090909090909,,
392,0.21167381165863633,92.06349206349206,,
393,0.21839203955377162,91.05339105339105,,
394,0.23915725236847288,91.1976911976912,,
395,0.21119469443462455,91.77489177489177,,
396,0.23576446676366086,91.1976911976912,,
397,0.23387711587621365,90.33189033189034,,
398,0.22620503408740264,90.62049062049061,,
399,0.2235767577934747,90.9090909090909,,
400,0.23622099046755318,90.62049062049061,0.34172054544671787,85.71428571428571
401,0.2511287266643876,88.88888888888889,,
402,0.2188288073605101,91.34199134199135,,
403,0.2235075572739432,89.8989898989899,,
404,0.23974619558535268,88.88888888888889,,
405,0.2020784424023883,91.91919191919192,,
406,0.21160339371638553,91.91919191919192,,
407,0.22661388414934772,90.9090909090909,,
408,0.22668377240154822,91.1976911976912,,
409,0.22109463727330148,90.33189033189034,,
410,0.22774113583530353,90.9090909090909,,
411,0.22856410473456115,90.62049062049061,,
412,0.20761267903219227,92.06349206349206,,
413,0.21648189270651186,91.05339105339105,,
414,0.24092728239289266,90.33189033189034,,
415,0.24633039734601803,90.47619047619048,,
416,0.22150292776492767,91.1976911976912,,
417,0.2070426923716051,91.91919191919192,,
418,0.21485837292017532,91.05339105339105,,
419,0.20645940325304887,92.06349206349206,,
420,0.20144950188857652,92.35209235209236,,
421,0.2203135040479821,90.33189033189034,,
422,0.2204413628057828,90.04329004329004,,
423,0.2148524263892511,91.05339105339105,,
424,0.22093489495190707,90.33189033189034,,
425,0.2285230118904967,90.33189033189034,0.3562987330672029,84.41558441558442
426,0.21562981665736497,92.35209235209236,,
427,0.22757010477961917,90.9090909090909,,
428,0.22893784230663664,89.8989898989899,,
429,0.23225713154088712,90.76479076479076,,
430,0.21444780253744744,90.04329004329004,,
431,0.2211086613920344,89.32178932178932,,
432,0.191039208704431,93.65079365079364,,
433,0.22518143479270164,90.18759018759019,,
434,0.21747296096012533,91.05339105339105,,
435,0.19874629533136046,92.20779220779221,,
436,0.22428980667592924,90.62049062049061,,
437,0.21890718914557672,91.34199134199135,,
438,0.21242084209021037,91.48629148629149,,
439,0.20992754363759944,91.1976911976912,,
440,0.2087688771161166,92.06349206349206,,
441,0.22615609526591213,90.9090909090909,,
442,0.20462134712702268,92.06349206349206,,
443,0.20079578277567592,91.48629148629149,,
444,0.21123564638960757,92.35209235209236,,
445,0.2004101953293166,92.20779220779221,,
446,0.2037571451880715,92.4963924963925,,
447,0.18918865069768473,91.63059163059162,,
448,0.2128145160613122,90.04329004329004,,
449,0.2044407744256277,91.48629148629149,,
450,0.20766721881958314,90.33189033189034,0.36329892006787384,85.71428571428571
451,0.18571798123478417,93.50649350649351,,
452,0.20028347641358643,91.48629148629149,,
453,0.2058877514683323,92.4963924963925,,
454,0.19413056509491342,92.20779220779221,,
455,0.24383525492308974,90.04329004329004,,
456,0.21747452065800177,90.9090909090909,,
457,0.21283707527973264,91.34199134199135,,
458,0.21444925111093563,90.62049062049061,,
459,0.20336240733816446,92.78499278499278,,
460,0.21253507251046264,92.35209235209236,,
461,0.19421483473086254,91.63059163059162,,
462,0.20049590921677207,92.35209235209236,,
463,0.2178596245262014,91.63059163059162,,
464,0.24377982359255893,91.1976911976912,,
465,0.22325140048587133,91.77489177489177,,
466,0.1893412989885432,93.36219336219337,,
467,0.19145783506774627,92.35209235209236,,
468,0.18521271929854438,92.35209235209236,,
469,0.1945771538419985,91.91919191919192,,
470,0.1897038726450561,93.50649350649351,,
471,0.21015716975213472,90.9090909090909,,
472,0.21819594957493516,91.63059163059162,,
473,0.20515364361187768,91.91919191919192,,
474,0.18973208832706379,92.4963924963925,,
475,0.22582637537996492,91.1976911976912,0.328820513440417,87.01298701298701
476,0.18265167955970352,91.63059163059162,,
477,0.2152565670230602,92.64069264069263,,
478,0.178743546809813,92.4963924963925,,
479,0.2111605816126988,91.34199134199135,,
480,0.19656728402392948,92.35209235209236,,
481,0.20542457763745328,92.64069264069263,,
482,0.19011192886000244,92.92929292929293,,
483,0.18904296979025909,93.21789321789322,,
484,0.23209071348583887,91.48629148629149,,
485,0.21556013143079794,90.62049062049061,,
486,0.21023103547474695,92.35209235209236,,
487,0.2121669863327843,91.91919191919192,,
488,0.19236968232461213,93.50649350649351,,
489,0.22543548462538837,90.33189033189034,,
490,0.21997759915339998,92.06349206349206,,
491,0.2077375849464325,91.63059163059162,,
492,0.21847561530736617,92.20779220779221,,
493,0.2134923507468869,92.4963924963925,,
494,0.19101225867501928,93.21789321789322,,
495,0.20467715940477185,91.77489177489177,,
496,0.23044049761340044,90.47619047619048,,
497,0.17465212541762712,93.50649350649351,,
498,0.2111801967820392,91.05339105339105,,
499,0.2117156039004202,92.20779220779221,,
500,0.19684524644934942,93.07359307359307,0.3171496631263138,87.01298701298701
501,0.18760832959267312,93.79509379509379,,
502,0.20346055858234993,91.77489177489177,,
503,0.1914940255802947,91.91919191919192,,
504,0.20799093767140506,91.34199134199135,,
505,0.19877457283275984,92.35209235209236,,
506,0.20421617715733736,90.47619047619048,,
507,0.20527424563319135,91.1976911976912,,
508,0.19856113541607906,91.63059163059162,,
509,0.18537058043703544,93.36219336219337,,
510,0.17194316814644167,93.07359307359307,,
511,0.2094266869203009,90.62049062049061,,
512,0.19749680161476135,91.77489177489177,,
513,0.2149071790611245,91.77489177489177,,
514,0.20382237004339265,91.48629148629149,,
515,0.18119384121542198,93.36219336219337,,
516,0.2006293913674733,92.64069264069263,,
517,0.19840954044164516,93.21789321789322,,
518,0.1733392887731307,93.21789321789322,,
519,0.19516542687216534,91.48629148629149,,
520,0.19227319889168373,92.78499278499278,,
521,0.19203200403057996,92.35209235209236,,
522,0.192027985178805,92.20779220779221,,
523,0.2113432947863404,92.4963924963925,,
524,0.18335710347644865,92.4963924963925,,
525,0.19424539834561974,92.20779220779221,0.3375816469068651,87.01298701298701
526,0.1958991821914438,91.77489177489177,,
527,0.2088998897863931,90.9090909090909,,
528,0.21019329726265967,92.20779220779221,,
529,0.18785591872911606,92.35209235209236,,
530,0.2027522415395767,91.05339105339105,,
531,0.18793013309159493,92.06349206349206,,
532,0.1786744806802634,93.07359307359307,,
533,0.18766901496942942,92.35209235209236,,
534,0.19051251361552426,90.9090909090909,,
535,0.1873940612911146,92.92929292929293,,
536,0.1836829199247374,92.20779220779221,,
537,0.20140886531193966,93.07359307359307,,
538,0.2081834039937108,91.63059163059162,,
539,0.19459167391620846,91.91919191919192,,
540,0.17668672118868148,93.65079365079364,,
541,0.15407445431723224,93.93939393939394,,
542,0.20154355413147382,92.92929292929293,,
543,0.21216700465820224,92.35209235209236,,
544,0.19123217075912638,92.4963924963925,,
545,0.199703642730245,92.20779220779221,,
546,0.19164452588919437,90.9090909090909,,
547,0.20599131281843777,91.77489177489177,,
548,0.1862687338009197,91.91919191919192,,
549,0.19955327900457176,92.06349206349206,,
550,0.16547748562577483,92.92929292929293,0.30702298647397525,88.31168831168831
551,0.17645391534804267,92.64069264069263,,
552,0.16957241223660038,93.21789321789322,,
553,0.18383647013364243,91.63059163059162,,
554,0.19133047125212213,91.91919191919192,,
555,0.18743170622580324,92.20779220779221,,
556,0.19900558470153018,91.77489177489177,,
557,0.18932966180522032,91.91919191919192,,
558,0.19054768546276107,91.05339105339105,,
559,0.1862854597200391,92.06349206349206,,
560,0.1895352683942577,92.06349206349206,,
561,0.17866396838409387,94.08369408369408,,
562,0.19553335570067726,92.35209235209236,,
563,0.18633145191888142,93.79509379509379,,
564,0.19430966208679507,92.20779220779221,,
565,0.22045921737497504,91.48629148629149,,
566,0.18050539902106336,92.78499278499278,,
567,0.17880796778726715,92.92929292929293,,
568,0.1838126073108951,93.21789321789322,,
569,0.1923716182123015,93.07359307359307,,
570,0.18378338841304806,93.36219336219337,,
571,0.1727255489489045,93.07359307359307,,
572,0.17505091205131784,92.4963924963925,,
573,0.22969397253116317,91.48629148629149,,
574,0.17887747343656477,93.50649350649351,,
575,0.1827678166082583,92.35209235209236,0.31933797876556197,89.6103896103896
576,0.1869107261622623,92.06349206349206,,
577,0.17107042096135935,93.79509379509379,,
578,0.18683543151397725,93.21789321789322,,
579,0.19520956074649637,92.4963924963925,,
580,0.20457183425603662,90.9090909090909,,
581,0.1987918329574329,91.91919191919192,,
582,0.2047532257764408,92.06349206349206,,
583,0.20874116946049412,91.48629148629149,,
584,0.18506576145144413,92.78499278499278,,
585,0.1659710830558645,93.79509379509379,,
586,0.1932671160193921,91.91919191919192,,
587,0.16428007424404525,94.08369408369408,,
588,0.1959435511246044,92.20779220779221,,
589,0.18965810382520998,92.4963924963925,,
590,0.18992782636810346,92.35209235209236,,
591,0.1939811749117715,92.35209235209236,,
592,0.1818731688231789,92.78499278499278,,
593,0.17749051910974248,92.92929292929293,,
594,0.18462760718525917,92.92929292929293,,
595,0.18731181137532554,92.06349206349206,,
596,0.1811248956612361,93.21789321789322,,
597,0.17286142917594524,92.78499278499278,,
598,0.17469010169887955,93.21789321789322,,
599,0.18290051728659035,93.21789321789322,,
600,0.1749019856748815,92.78499278499278,0.30813166847476714,84.41558441558442
601,0.18963877157903508,92.06349206349206,,
602,0.18044570623796224,92.35209235209236,,
603,0.20135771484258028,91.05339105339105,,
604,0.16950975068203814,93.50649350649351,,
605,0.18920428238938122,92.35209235209236,,
606,0.18475249005430533,92.35209235209236,,
607,0.19586578076019948,91.91919191919192,,
608,0.18210395844048494,93.36219336219337,,
609,0.1651471619847705,93.93939393939394,,
610,0.17977161441014441,93.07359307359307,,
611,0.18378949900726219,92.92929292929293,,
612,0.1776878559185141,93.65079365079364,,
613,0.1797648739247095,92.64069264069263,,
614,0.18296903702947828,92.35209235209236,,
615,0.17758826354537346,92.92929292929293,,
616,0.16492914699802838,94.8051948051948,,
617,0.1779577715730921,93.07359307359307,,
618,0.18196761804870712,92.64069264069263,,
619,0.18988828735176103,92.06349206349206,,
620,0.1758956727269408,92.4963924963925,,
621,0.195537552904085,91.34199134199135,,
622,0.18315124711691044,93.65079365079364,,
623,0.15531858118065509,93.36219336219337,,
624,0.1776698658412153,93.50649350649351,,
625,0.18961978009747393,93.07359307359307,0.34315370274828627,89.6103896103896
626,0.15346274689420478,93.79509379509379,,
627,0.18486447324828495,93.21789321789322,,
628,0.186488652040088,92.78499278499278,,
629,0.17451314677579752,93.65079365079364,,
630,0.1856180459669486,92.92929292929293,,
631,0.1788527039061119,92.78499278499278,,
632,0.1845727813837332,92.64069264069263,,
633,0.1910961429880123,92.78499278499278,,
634,0.1761597576746005,93.65079365079364,,
635,0.18107902343569035,92.92929292929293,,
636,0.17502202488170213,92.92929292929293,,
637,0.1570857245620195,93.65079365079364,,
638,0.1904228116139705,92.20779220779221,,
639,0.1633446811877116,93.93939393939394,,
640,0.18545292950709705,92.64069264069263,,
641,0.15399344785818977,94.37229437229438,,
642,0.16754935624301004,93.50649350649351,,
643,0.15904969060833837,94.08369408369408,,
644,0.15892105671062443,93.65079365079364,,
645,0.18584548371264772,92.4963924963925,,
646,0.16358230930644196,94.22799422799423,,
647,0.18406825741648158,92.92929292929293,,
648,0.1705535514482457,93.65079365079364,,
649,0.1862575611379132,92.78499278499278,,
650,0.17703700355895155,92.06349206349206,0.31565821170806885,85.71428571428571
651,0.16729967898190623,93.36219336219337,,
652,0.16100123296740423,94.66089466089466,,
653,0.14504810978495886,94.37229437229438,,
654,0.16528845877315404,92.92929292929293,,
655,0.17917634755329997,93.21789321789322,,
656,0.16126502674976081,93.50649350649351,,
657,0.16348401167864063,93.50649350649351,,
658,0.17505053098583634,92.35209235209236,,
659,0.17916252096902585,93.36219336219337,,
660,0.16306298627137794,92.92929292929293,,
661,0.17183431130424034,93.36219336219337,,
662,0.16762290845529684,93.07359307359307,,
663,0.1764084833094912,93.21789321789322,,
664,0.18802378540603285,91.91919191919192,,
665,0.19008943811596557,92.78499278499278,,
666,0.17473856460781498,92.92929292929293,,
667,0.19048864181552613,91.34199134199135,,
668,0.15788276908545612,92.92929292929293,,
669,0.15365262791879938,93.93939393939394,,
670,0.17896374531525683,91.77489177489177,,
671,0.1422680327494079,94.94949494949495,,
672,0.17289379540115896,92.35209235209236,,
673,0.15337868298243995,94.08369408369408,,
674,0.17021458093910163,92.64069264069263,,
675,0.16942501229383214,93.79509379509379,0.3760012217930385,87.01298701298701
676,0.16786747010260777,93.07359307359307,,
677,0.17169147523450645,93.50649350649351,,
678,0.16291844353085172,93.65079365079364,,
679,0.16307823142792066,93.21789321789322,,
680,0.17047631845931815,93.36219336219337,,
681,0.16861608821205246,92.78499278499278,,
682,0.16249009467994668,92.78499278499278,,
683,0.15845279289143427,94.08369408369408,,
684,0.18255612140180055,93.93939393939394,,
685,0.1676923374162952,93.21789321789322,,
686,0.17864051929972044,93.21789321789322,,
687,0.16065491639174423,94.66089466089466,,
688,0.1674994785462279,93.50649350649351,,
689,0.14459577673699434,93.50649350649351,,
690,0.19340842566620908,91.63059163059162,,
691,0.14764777140914964,94.94949494949495,,
692,0.17827294994828333,92.4963924963925,,
693,0.17227420786565,92.64069264069263,,
694,0.1556065988231015,93.21789321789322,,
695,0.1866103395454123,92.64069264069263,,
696,0.16927404404976668,94.37229437229438,,
697,0.1559014492392712,93.93939393939394,,
698,0.15699961673183443,93.50649350649351,,
699,0.16343974058945027,92.92929292929293,,
700,0.1725397017955092,92.4963924963925,0.32871762963084433,88.31168831168831
701,0.17871193850109243,93.21789321789322,,
702,0.18059750256084262,92.64069264069263,,
703,0.18282983298843503,93.21789321789322,,
704,0.1771391878955464,93.79509379509379,,
705,0.19686135322844656,91.34199134199135,,
706,0.16584718310170704,93.21789321789322,,
707,0.15939538333495115,93.50649350649351,,
708,0.1533077938044054,94.22799422799423,,
709,0.15763606979615158,94.51659451659452,,
710,0.14446428786925594,94.94949494949495,,
711,0.14657310350202724,93.79509379509379,,
712,0.1601455007151608,93.21789321789322,,
713,0.18501899622563503,93.50649350649351,,
714,0.17262204527091585,93.50649350649351,,
715,0.17452167888396403,92.20779220779221,,
716,0.15917520437921798,94.51659451659452,,
717,0.16685949355191826,93.21789321789322,,
718,0.1755339607574895,92.20779220779221,,
719,0.16974577223304202,93.21789321789322,,
720,0.1692646448977539,93.79509379509379,,
721,0.14715408481130696,93.93939393939394,,
722,0.17086169940740686,93.21789321789322,,
723,0.16742369155755635,94.08369408369408,,
724,0.15008601247404216,92.92929292929293,,
725,0.19712459530364213,92.78499278499278,0.37526919315387675,88.31168831168831
726,0.16392606999967005,94.51659451659452,,
727,0.16187447330996416,93.50649350649351,,
728,0.1640998192271285,93.07359307359307,,
729,0.13926337988345655,95.23809523809524,,
730,0.16366315361053224,92.92929292929293,,
731,0.14588161952481812,94.8051948051948,,
732,0.1721314090219411,93.21789321789322,,
733,0.14064759717015132,94.37229437229438,,
734,0.20056148171209842,91.91919191919192,,
735,0.1695633309572118,93.07359307359307,,
736,0.16442450070229572,93.21789321789322,,
737,0.168191825586652,93.36219336219337,,
738,0.15608974362617362,94.37229437229438,,
739,0.16130159100756844,93.50649350649351,,
740,0.15867369060510766,93.79509379509379,,
741,0.17218462920722163,93.36219336219337,,
742,0.16666588001221977,93.79509379509379,,
743,0.13937796968133503,94.66089466089466,,
744,0.1587161190678805,93.79509379509379,,
745,0.17279553148642848,93.65079365079364,,
746,0.17959793548477332,93.07359307359307,,
747,0.166378477238882,92.78499278499278,,
748,0.15619460709425279,93.65079365079364,,
749,0.16698873620399665,93.07359307359307,,
750,0.15009586475950815,94.37229437229438,0.2850884059806923,88.31168831168831
751,0.15231759260270158,93.21789321789322,,
752,0.17923405676714613,92.92929292929293,,
753,0.1788189790895663,92.92929292929293,,
754,0.1730581342657923,92.92929292929293,,
755,0.16215445387108632,94.22799422799423,,
756,0.1687306816572751,93.36219336219337,,
757,0.1815635547966496,93.79509379509379,,
758,0.1510131484190537,94.37229437229438,,
759,0.17232897244447581,93.07359307359307,,
760,0.16765963494734676,93.79509379509379,,
761,0.1569023301655596,93.93939393939394,,
762,0.1727399263056573,93.36219336219337,,
763,0.16978079520843245,93.65079365079364,,
764,0.1419907992471864,94.8051948051948,,
765,0.16127643924512905,93.07359307359307,,
766,0.153679487896172,93.50649350649351,,
767,0.1473758296952361,94.37229437229438,,
768,0.1803140574891502,93.50649350649351,,
769,0.14199735492758161,94.51659451659452,,
770,0.15445756202652342,94.08369408369408,,
771,0.179694498342181,92.35209235209236,,
772,0.1624893851868518,93.21789321789322,,
773,0.15615196145458138,93.93939393939394,,
774,0.16683186827197907,92.35209235209236,,
775,0.1608420441419015,93.79509379509379,0.26919771169687245,88.31168831168831
776,0.15692194982890098,93.65079365079364,,
777,0.14758920433029296,93.65079365079364,,
778,0.14406644373401076,93.93939393939394,,
779,0.1701599621932287,93.07359307359307,,
780,0.14096101636838432,95.0937950937951,,
781,0.17558153139757904,92.06349206349206,,
782,0.14705810965741695,93.79509379509379,,
783,0.1706768602648855,93.21789321789322,,
784,0.16417077882551356,93.93939393939394,,
785,0.16829858936939232,93.36219336219337,,
786,0.14924181019416963,93.93939393939394,,
787,0.15697832973768014,93.50649350649351,,
788,0.16171853263656816,93.93939393939394,,
789,0.1488827836375904,94.22799422799423,,
790,0.21069309709413572,93.79509379509379,,
791,0.1700658139895008,93.07359307359307,,
792,0.15556940348740952,94.08369408369408,,
793,0.17013913774688177,94.51659451659452,,
794,0.132459654570873,95.67099567099567,,
795,0.15401075607297396,94.08369408369408,,
796,0.1329066651896137,95.0937950937951,,
797,0.1515513736577261,93.65079365079364,,
798,0.19370349474294274,92.4963924963925,,
799,0.148116033723172,95.38239538239539,,
800,0.16357090110214587,94.37229437229438,0.33479746363379737,88.31168831168831
801,0.1494235565931594,94.08369408369408,,
802,0.13999538035447806,94.08369408369408,,
803,0.15212425723951445,93.65079365079364,,
804,0.14780123560846625,94.08369408369408,,
805,0.1585123181685101,94.22799422799423,,
806,0.17843756745038566,92.92929292929293,,
807,0.14944284685590395,94.37229437229438,,
808,0.15899714711424592,93.07359307359307,,
809,0.1396180023943191,94.66089466089466,,
810,0.16226903812269025,93.79509379509379,,
811,0.15434109103499036,93.36219336219337,,
812,0.15668628551872263,93.50649350649351,,
813,0.13286509234753865,94.22799422799423,,
814,0.14704158961299865,93.93939393939394,,
815,0.16047281598803972,93.65079365079364,,
816,0.17839416668953276,92.92929292929293,,
817,0.1319304457496083,94.8051948051948,,
818,0.15495249905326494,94.51659451659452,,
819,0.16256781690586009,93.36219336219337,,
820,0.14891089514048414,93.79509379509379,,
821,0.1368759112032117,94.94949494949495,,
822,0.1578125005418604,94.22799422799423,,
823,0.16505173655578928,93.93939393939394,,
824,0.1587786782844715,94.08369408369408,,
825,0.1395683606782818,94.94949494949495,0.3624697784324745,88.31168831168831
826,0.1907273679649159,93.36219336219337,,
827,0.1423369873567749,94.08369408369408,,
828,0.1569779191870366,93.21789321789322,,
829,0.14414285076042962,93.65079365079364,,
830,0.1647881246017343,93.79509379509379,,
831,0.1828384374713184,93.50649350649351,,
832,0.14831014582820096,93.50649350649351,,
833,0.16043308105260606,93.36219336219337,,
834,0.1478835278947288,94.66089466089466,,
835,0.1563767467183296,93.07359307359307,,
836,0.17301007984864591,93.36219336219337,,
837,0.15730798270279195,93.36219336219337,,
838,0.1529572606328633,95.23809523809524,,
839,0.13480703855231727,95.0937950937951,,
840,0.1714692921478511,93.79509379509379,,
841,0.13533111024126518,94.51659451659452,,
842,0.14827801369958454,94.51659451659452,,
843,0.13764373235630267,93.93939393939394,,
844,0.1581309305458272,93.07359307359307,,
845,0.14641714689535495,94.08369408369408,,
846,0.13875470048120356,94.94949494949495,,
847,0.14348560825398818,95.23809523809524,,
848,0.14507927789660588,94.08369408369408,,
849,0.1516972796676995,93.93939393939394,,
850,0.16639696372858373,92.78499278499278,0.32770953472558556,88.31168831168831
851,0.13644835401278038,94.37229437229438,,
852,0.16029868183004392,93.93939393939394,,
853,0.12684821599790716,95.52669552669553,,
854,0.1386271570453052,94.8051948051948,,
855,0.1366575320088674,95.38239538239539,,
856,0.16534776303347357,92.92929292929293,,
857,0.15856776662133257,93.07359307359307,,
858,0.1531509899710336,93.93939393939394,,
859,0.14540859345013402,94.08369408369408,,
860,0.15439642873870862,94.22799422799423,,
861,0.15376601631593223,94.08369408369408,,
862,0.15306545271501912,93.50649350649351,,
863,0.14166306369920487,94.22799422799423,,
864,0.14794320546488396,94.22799422799423,,
865,0.1483323893161735,94.51659451659452,,
866,0.16518106342738154,94.08369408369408,,
867,0.17192190627515058,92.20779220779221,,
868,0.13582873906977852,94.8051948051948,,
869,0.13939324346025614,94.37229437229438,,
870,0.13356540320927618,93.79509379509379,,
871,0.16254416563982227,93.50649350649351,,
872,0.1260330206640656,95.38239538239539,,
873,0.15610444203857735,94.08369408369408,,
874,0.16780441017850997,93.93939393939394,,
875,0.15323213372825717,94.66089466089466,0.3940726572817022,89.6103896103896
876,0.13544352731598922,94.66089466089466,,
877,0.13513262132599327,94.66089466089466,,
878,0.16173968263290295,92.92929292929293,,
879,0.14595933846624037,94.22799422799423,,
880,0.14336484712568712,94.22799422799423,,
881,0.16031613356795318,93.79509379509379,,
882,0.1577249135805931,93.93939393939394,,
883,0.1473339056383824,94.22799422799423,,
884,0.14356470417666736,94.8051948051948,,
885,0.15714359279146786,93.93939393939394,,
886,0.15007640199915842,93.93939393939394,,
887,0.14045228567216303,94.94949494949495,,
888,0.1390751635421922,95.38239538239539,,
889,0.18294327356147044,92.78499278499278,,
890,0.14955276382003857,93.50649350649351,,
891,0.14867839425759227,94.51659451659452,,
892,0.14378484509466014,93.79509379509379,,
893,0.1513353744239518,94.51659451659452,,
894,0.14754867295413393,93.79509379509379,,
895,0.14127937169049423,94.51659451659452,,
896,0.12323504146645424,95.95959595959596,,
897,0.14838758227113005,94.51659451659452,,
898,0.12901694742589115,95.23809523809524,,
899,0.1456176012130871,93.93939393939394,,
900,0.15983115134473141,94.8051948051948,0.35371134110859465,89.6103896103896
901,0.14692970880268283,94.37229437229438,,
902,0.12544510282393315,95.81529581529581,,
903,0.15564253276457501,93.65079365079364,,
904,0.16522789207887856,94.51659451659452,,
905,0.1573023157460349,94.37229437229438,,
906,0.12058369163826947,94.94949494949495,,
907,0.15656263117838387,94.51659451659452,,
908,0.16164133364461028,94.22799422799423,,
909,0.1530549062407894,94.37229437229438,,
910,0.14225706020517956,93.65079365079364,,
911,0.13077639292758952,95.67099567099567,,
912,0.13834248054342568,95.38239538239539,,
913,0.1590382166497119,94.08369408369408,,
914,0.14834793947078018,93.65079365079364,,
915,0.14458957951768567,94.08369408369408,,
916,0.12107634086967856,95.52669552669553,,
917,0.11856677914293641,95.81529581529581,,
918,0.1408771855211017,93.79509379509379,,
919,0.16846394850664154,93.36219336219337,,
920,0.14294241770327865,95.52669552669553,,
921,0.17830382975578996,93.65079365079364,,
922,0.15840565704594098,94.08369408369408,,
923,0.14233401207008747,94.22799422799423,,
924,0.14347618779578766,94.08369408369408,,
925,0.13967462438783604,93.50649350649351,0.3421657820800682,89.6103896103896
926,0.1632377121592153,94.08369408369408,,
927,0.15013950947043184,93.65079365079364,,
928,0.14266933548072028,95.67099567099567,,
929,0.1404608886737328,94.94949494949495,,
930,0.15984463399278825,94.08369408369408,,
931,0.15536184226193642,93.79509379509379,,
932,0.1108018166693344,96.1038961038961,,
933,0.1189673300724998,95.23809523809524,,
934,0.13514932321349607,94.51659451659452,,
935,0.13427344245183004,94.08369408369408,,
936,0.13948850444427988,94.22799422799423,,
937,0.15469211742045388,93.07359307359307,,
938,0.15476503280162124,93.21789321789322,,
939,0.13875914508044118,94.51659451659452,,
940,0.15011521546011536,94.08369408369408,,
941,0.15604989538117062,93.79509379509379,,
942,0.15468344337496406,93.50649350649351,,
943,0.14048453817119846,94.51659451659452,,
944,0.1265872252398153,94.51659451659452,,
945,0.12519009776875742,94.51659451659452,,
946,0.12020811516893047,95.38239538239539,,
947,0.13055285874856326,95.38239538239539,,
948,0.14338321042009247,93.79509379509379,,
949,0.16613249206703162,94.51659451659452,,
950,0.1251166102948127,94.51659451659452,0.33974224948263787,85.71428571428571
951,0.1406537274605612,93.65079365079364,,
952,0.14875764726334578,94.37229437229438,,
953,0.15349534069810164,94.22799422799423,,
954,0.1369471861880063,94.37229437229438,,
955,0.1479904804577645,95.0937950937951,,
956,0.14408106011745733,93.93939393939394,,
957,0.1425271387202571,94.94949494949495,,
958,0.12913921099521683,95.52669552669553,,
959,0.15505957670112022,94.8051948051948,,
960,0.13987625473344223,93.79509379509379,,
961,0.13526584201560907,95.23809523809524,,
962,0.1531292743239052,93.50649350649351,,
963,0.14981555418362694,93.36219336219337,,
964,0.12982224472522907,94.8051948051948,,
965,0.12743330382423484,94.08369408369408,,
966,0.12352955994474424,95.23809523809524,,
967,0.14053248279710526,94.37229437229438,,
968,0.13007390104814784,94.51659451659452,,
969,0.1521849323918809,93.79509379509379,,
970,0.1280489546740038,95.0937950937951,,
971,0.13376018985525354,94.08369408369408,,
972,0.13882962531513637,93.36219336219337,,
973,0.1428856799475752,93.36219336219337,,
974,0.1347621889169426,95.0937950937951,,
975,0.15248882631713478,92.92929292929293,0.33444195134299143,88.31168831168831
976,0.14693142152236827,93.93939393939394,,
977,0.14288872329875676,94.37229437229438,,
978,0.1308034292353696,95.52669552669553,,
979,0.14914682595674783,93.50649350649351,,
980,0.14001291659143236,94.22799422799423,,
981,0.13098139868186406,94.22799422799423,,
982,0.16873283657375696,93.36219336219337,,
983,0.16409344788409586,92.92929292929293,,
984,0.15022385732135043,94.51659451659452,,
985,0.12641230567451164,95.67099567099567,,
986,0.134826049638689,94.8051948051948,,
987,0.13142103664200716,94.37229437229438,,
988,0.15169419587857236,94.37229437229438,,
989,0.1277915011301185,95.23809523809524,,
990,0.1559108001049635,93.36219336219337,,
991,0.14973794997765175,93.79509379509379,,
992,0.11786517610405216,95.52669552669553,,
993,0.16356019033885105,94.08369408369408,,
994,0.14481163034578423,94.8051948051948,,
995,0.14285426020815775,94.37229437229438,,
996,0.1361443159771172,94.51659451659452,,
997,0.14054495190817212,94.22799422799423,,
998,0.13217738221304068,94.66089466089466,,
999,0.12463710623730141,95.81529581529581,,
1000,0.1448233373473905,94.8051948051948,0.31284450168733474,85.71428571428571
