epoch,train_loss,train_acc,test_loss,test_acc
1,0.6901037339524273,55.84415584415584,0.6858711327825274,55.84415584415584
2,0.6855149468646249,55.98845598845599,,
3,0.6850372769615867,55.98845598845599,,
4,0.6839985284970437,55.98845598845599,,
5,0.6808510386582577,55.98845598845599,,
6,0.6788023753255649,55.98845598845599,,
7,0.6779056030606466,55.98845598845599,,
8,0.67269397280777,55.98845598845599,,
9,0.6688932016126349,55.98845598845599,,
10,0.6613558344166688,55.98845598845599,,
11,0.656746754742632,56.132756132756136,,
12,0.6484272314872577,57.43145743145743,,
13,0.6404334416809192,58.58585858585859,,
14,0.6306756790754255,64.64646464646465,,
15,0.6210080295758158,61.76046176046176,,
16,0.6162876099735112,66.52236652236653,,
17,0.6129676197342371,65.07936507936508,,
18,0.603961608368597,67.53246753246754,,
19,0.5935498092425678,67.82106782106783,,
20,0.581546291214391,66.95526695526695,,
21,0.5864563602389712,68.83116883116882,,
22,0.5778940736301361,69.84126984126983,,
23,0.5647786183962746,71.57287157287158,,
24,0.5505058464377818,70.85137085137085,,
25,0.548060004243259,72.87157287157287,0.5478588060125128,67.53246753246754
26,0.546421217281925,70.70707070707071,,
27,0.5255979641003354,72.005772005772,,
28,0.5378049917379327,72.2943722943723,,
29,0.5227435662116839,73.44877344877345,,
30,0.509103028375177,73.5930735930736,,
31,0.5272767694309505,73.3044733044733,,
32,0.5119942576338202,75.61327561327562,,
33,0.5160406160062182,72.72727272727273,,
34,0.5149569971994921,73.5930735930736,,
35,0.4895897624210534,74.45887445887446,,
36,0.4972080702733512,75.61327561327562,,
37,0.4824694712440689,76.91197691197691,,
38,0.47349813038652594,76.91197691197691,,
39,0.4890545110767882,76.04617604617604,,
40,0.47257369490068885,76.91197691197691,,
41,0.49720819214893797,75.9018759018759,,
42,0.47991387797640517,76.19047619047619,,
43,0.4840612825205144,73.88167388167388,,
44,0.4901389325679983,74.17027417027417,,
45,0.4976010541895251,74.60317460317461,,
46,0.48486753567128643,77.92207792207792,,
47,0.4914727476768163,74.60317460317461,,
48,0.4760355227781409,76.33477633477634,,
49,0.46219793366319345,79.22077922077922,,
50,0.49042584730949235,74.45887445887446,0.48927476150648935,75.32467532467533
51,0.47427696505666295,76.33477633477634,,
52,0.46577541140938905,77.05627705627705,,
53,0.45385340466815843,77.92207792207792,,
54,0.4497390328375636,79.79797979797979,,
55,0.4670026484677974,77.05627705627705,,
56,0.4432674158703197,80.51948051948052,,
57,0.4499727866006276,79.07647907647907,,
58,0.4401071145593002,79.22077922077922,,
59,0.4608078466521369,77.34487734487735,,
60,0.4525175090519037,78.4992784992785,,
61,0.4488879299009001,78.4992784992785,,
62,0.4499693556781455,78.35497835497836,,
63,0.44379693106311396,78.78787878787878,,
64,0.42351524860827955,79.22077922077922,,
65,0.43299939269455306,80.37518037518038,,
66,0.4149435962863471,81.67388167388168,,
67,0.4177046709332459,79.79797979797979,,
68,0.464319314705517,77.4891774891775,,
69,0.43505132679987435,79.22077922077922,,
70,0.4239139477325896,78.78787878787878,,
71,0.4225919616084766,79.94227994227994,,
72,0.4308074215187827,78.64357864357865,,
73,0.44229780036477645,80.08658008658008,,
74,0.4151272343264686,81.96248196248196,,
75,0.42169853300931304,80.66378066378067,0.48306095522719544,77.92207792207792
76,0.41843175199984817,81.24098124098124,,
77,0.4081529981173134,82.25108225108225,,
78,0.4259218846650695,78.4992784992785,,
79,0.42383492233777287,79.22077922077922,,
80,0.4235788274551023,81.0966810966811,,
81,0.41195785268216595,82.1067821067821,,
82,0.42557499350235406,78.64357864357865,,
83,0.417393995301118,79.50937950937951,,
84,0.4131302039688628,79.65367965367966,,
85,0.4202445878352954,79.94227994227994,,
86,0.3957349286450968,81.0966810966811,,
87,0.4024455267156529,79.94227994227994,,
88,0.4045515496493418,81.38528138528139,,
89,0.4273191542078406,79.65367965367966,,
90,0.4062251431429369,79.07647907647907,,
91,0.40519608400256774,79.50937950937951,,
92,0.416614425087732,80.95238095238095,,
93,0.3931758747601406,82.25108225108225,,
94,0.38590915584977054,82.97258297258297,,
95,0.4205278806700163,79.36507936507937,,
96,0.38188642925686306,82.53968253968254,,
97,0.407748638519219,80.37518037518038,,
98,0.39219046709857464,81.81818181818181,,
99,0.3978992069266403,81.0966810966811,,
100,0.3770308266642462,81.24098124098124,0.47289590556900224,76.62337662337663
101,0.38941777634070207,81.52958152958153,,
102,0.3937619872079439,82.53968253968254,,
103,0.3916238367041468,81.24098124098124,,
104,0.4020093334529651,81.0966810966811,,
105,0.38175067417377345,83.40548340548341,,
106,0.380677080666176,81.81818181818181,,
107,0.384457880714411,82.25108225108225,,
108,0.3860567095991853,80.51948051948052,,
109,0.38583045706561464,82.82828282828282,,
110,0.39722808152652234,81.81818181818181,,
111,0.3902497221037079,81.24098124098124,,
112,0.3851147112994311,83.40548340548341,,
113,0.38788754117781293,81.67388167388168,,
114,0.37308127851283224,83.40548340548341,,
115,0.3834238513379558,82.53968253968254,,
116,0.38682750869450977,82.68398268398268,,
117,0.3768355999932145,83.11688311688312,,
118,0.394398219292126,81.96248196248196,,
119,0.39065635440841556,81.38528138528139,,
120,0.3620101611679595,83.40548340548341,,
121,0.39922078854765897,81.81818181818181,,
122,0.39310641885663866,81.96248196248196,,
123,0.38542524964950475,81.67388167388168,,
124,0.3659594790932076,83.54978354978356,,
125,0.37070098957974157,82.3953823953824,0.45543753558939154,76.62337662337663
126,0.3662402458263166,83.54978354978356,,
127,0.372487247807295,81.96248196248196,,
128,0.3547778079262027,84.27128427128427,,
129,0.3653012922659925,81.0966810966811,,
130,0.37463319163989883,82.1067821067821,,
131,0.36125042006738944,83.69408369408369,,
132,0.3638075359842994,83.40548340548341,,
133,0.35773380571629576,83.26118326118326,,
134,0.34883931428624093,84.84848484848484,,
135,0.35050976654839894,83.83838383838383,,
136,0.36640897657706106,83.83838383838383,,
137,0.3534965826061381,84.12698412698413,,
138,0.3674968672865225,82.53968253968254,,
139,0.35332875841795797,84.55988455988457,,
140,0.36217950671524196,83.83838383838383,,
141,0.3628918235479151,82.3953823953824,,
142,0.3636357808783973,83.54978354978356,,
143,0.36361944777581945,82.97258297258297,,
144,0.3631231649140431,83.69408369408369,,
145,0.38096970573476213,82.3953823953824,,
146,0.3498653480070838,82.97258297258297,,
147,0.38079797899052176,82.97258297258297,,
148,0.3548999678606939,84.27128427128427,,
149,0.3733603948724562,82.53968253968254,,
150,0.34826140563725394,85.13708513708514,0.4576953370849808,79.22077922077922
151,0.34326184389395115,85.13708513708514,,
152,0.36186089625778306,82.97258297258297,,
153,0.3415969131140826,86.72438672438672,,
154,0.3474181954134766,83.98268398268398,,
155,0.354988065804926,84.12698412698413,,
156,0.34796527369971914,82.82828282828282,,
157,0.3433251530577094,84.27128427128427,,
158,0.3318990021298974,86.43578643578644,,
159,0.3384404502389751,84.12698412698413,,
160,0.35177822228289957,83.69408369408369,,
161,0.36389895075929457,82.97258297258297,,
162,0.3353330304612329,84.41558441558442,,
163,0.33566998179684815,85.13708513708514,,
164,0.3464526366791856,84.7041847041847,,
165,0.3331239624284907,84.55988455988457,,
166,0.334718093985603,83.69408369408369,,
167,0.3402492742216776,83.26118326118326,,
168,0.3360719902690871,85.42568542568543,,
169,0.3256252106994089,85.56998556998558,,
170,0.34395600040409646,84.84848484848484,,
171,0.3144537501176886,85.85858585858585,,
172,0.33143550557491586,86.002886002886,,
173,0.3335176783292669,84.41558441558442,,
174,0.327875179753331,85.42568542568543,,
175,0.32036793120151646,86.14718614718615,0.4017392404667743,83.11688311688312
176,0.3187010111273797,85.56998556998558,,
177,0.31743470961053305,86.002886002886,,
178,0.3393227369410307,84.7041847041847,,
179,0.3265092627052621,85.56998556998558,,
180,0.32662598917752633,85.71428571428571,,
181,0.3480090509245406,85.42568542568543,,
182,0.32856214102384507,86.43578643578644,,
183,0.3501504265728795,83.69408369408369,,
184,0.33223024128921447,84.99278499278499,,
185,0.334077543833039,84.41558441558442,,
186,0.34425328794495885,85.13708513708514,,
187,0.3406268013332141,85.56998556998558,,
188,0.32090015573935077,85.85858585858585,,
189,0.33503733945185316,84.55988455988457,,
190,0.3148578407100441,84.41558441558442,,
191,0.32736706793910325,85.85858585858585,,
192,0.32117735346158344,86.002886002886,,
193,0.32731965136906455,85.56998556998558,,
194,0.32586641423672996,85.42568542568543,,
195,0.34749016944120115,82.53968253968254,,
196,0.3395286234254273,85.85858585858585,,
197,0.33313775079762953,84.41558441558442,,
198,0.32554199104701287,86.002886002886,,
199,0.3203790337492377,85.85858585858585,,
200,0.3317690737663753,85.56998556998558,0.4205862713324559,83.11688311688312
201,0.32310597357725857,85.42568542568543,,
202,0.3141817342366319,86.2914862914863,,
203,0.3393290354661955,84.55988455988457,,
204,0.30616324279903506,87.01298701298701,,
205,0.3142461336794354,86.002886002886,,
206,0.3274468200289326,85.56998556998558,,
207,0.3124146895835238,86.2914862914863,,
208,0.30562252266410456,85.56998556998558,,
209,0.31059886495788375,86.002886002886,,
210,0.3246512451729217,84.7041847041847,,
211,0.3086622820100055,87.44588744588745,,
212,0.310071915968672,86.002886002886,,
213,0.3173089139647298,85.42568542568543,,
214,0.3296218361775424,85.71428571428571,,
215,0.3200774974637217,85.56998556998558,,
216,0.3163526721330948,86.2914862914863,,
217,0.3173397958149642,84.84848484848484,,
218,0.3124147757651314,86.14718614718615,,
219,0.33402973877919184,85.42568542568543,,
220,0.3099438184052491,86.2914862914863,,
221,0.32421856920784514,84.84848484848484,,
222,0.327308731118666,85.13708513708514,,
223,0.2898027990631555,87.73448773448773,,
224,0.3022678114291049,86.58008658008659,,
225,0.3008147214484249,88.02308802308802,0.4325972547778836,77.92207792207792
226,0.32056198895923677,86.002886002886,,
227,0.32368634604616425,86.002886002886,,
228,0.31435001128679746,86.72438672438672,,
229,0.2937639719480044,85.42568542568543,,
230,0.30951758552595304,86.43578643578644,,
231,0.2945223121459006,87.73448773448773,,
232,0.3210673358017232,85.71428571428571,,
233,0.3097414156317195,85.56998556998558,,
234,0.2830795178251693,87.5901875901876,,
235,0.318315988151198,85.42568542568543,,
236,0.33100350388200767,86.2914862914863,,
237,0.28693223445747496,87.5901875901876,,
238,0.31942733477204394,85.71428571428571,,
239,0.30270459306188474,86.86868686868686,,
240,0.3056852607672005,86.58008658008659,,
241,0.29593083007640136,86.58008658008659,,
242,0.2960835950715201,87.73448773448773,,
243,0.30244914690653485,85.85858585858585,,
244,0.293363533580802,87.3015873015873,,
245,0.3103270713686083,86.2914862914863,,
246,0.3291018469982161,85.71428571428571,,
247,0.28793764536901983,86.86868686868686,,
248,0.2975943376663615,86.58008658008659,,
249,0.30506132833369365,87.5901875901876,,
250,0.30861604269620835,86.58008658008659,0.48766722772028537,81.81818181818181
251,0.28258239943399743,86.86868686868686,,
252,0.30363074898676784,85.85858585858585,,
253,0.33182061047523054,83.98268398268398,,
254,0.2816246657230465,88.60028860028861,,
255,0.2728912802345911,87.5901875901876,,
256,0.28899250969742285,87.3015873015873,,
257,0.29602423770431147,87.01298701298701,,
258,0.29526746464412107,86.72438672438672,,
259,0.3071068645297707,86.43578643578644,,
260,0.29775309278851464,87.3015873015873,,
261,0.2803640788337713,87.5901875901876,,
262,0.30537100777051496,86.2914862914863,,
263,0.27980005001436925,88.31168831168831,,
264,0.31138236285288096,87.01298701298701,,
265,0.2937446344122398,86.2914862914863,,
266,0.28609509730622884,87.44588744588745,,
267,0.2929264124036695,86.86868686868686,,
268,0.2706797445491279,89.03318903318903,,
269,0.3076609509740385,86.58008658008659,,
270,0.27083789977590417,88.16738816738817,,
271,0.27802074807030813,88.16738816738817,,
272,0.28832523363493223,87.44588744588745,,
273,0.28468253357069834,87.87878787878788,,
274,0.2813539631963099,87.3015873015873,,
275,0.3001953671332906,86.2914862914863,0.4743059378165703,77.92207792207792
276,0.276557064159608,89.17748917748918,,
277,0.2977837897826411,86.72438672438672,,
278,0.3009721658274553,86.43578643578644,,
279,0.31330009030573297,86.002886002886,,
280,0.3065318918073332,87.73448773448773,,
281,0.2852178917818771,87.87878787878788,,
282,0.26825016797190965,87.5901875901876,,
283,0.2893331548008224,87.44588744588745,,
284,0.26949434991909826,87.87878787878788,,
285,0.2647327443135937,89.8989898989899,,
286,0.25985851638760915,87.73448773448773,,
287,0.2878496681499963,86.58008658008659,,
288,0.30803847334429646,86.14718614718615,,
289,0.2996811828701011,87.3015873015873,,
290,0.2743102256611828,88.16738816738817,,
291,0.3063193111966699,86.14718614718615,,
292,0.29458326952798025,86.72438672438672,,
293,0.28564487399820987,87.15728715728716,,
294,0.30711082821177027,86.14718614718615,,
295,0.29959680959259793,86.14718614718615,,
296,0.2674168244025752,88.74458874458874,,
297,0.2964017281972657,85.56998556998558,,
298,0.29832265234698807,87.01298701298701,,
299,0.2790828902828057,87.73448773448773,,
300,0.2738074431730727,87.3015873015873,0.46463835819975124,84.41558441558442
301,0.2802960378095013,88.16738816738817,,
302,0.27957605870513175,87.44588744588745,,
303,0.2891385188006391,87.3015873015873,,
304,0.28737367046687856,87.44588744588745,,
305,0.27236461940437856,87.73448773448773,,
306,0.25960546499722964,88.74458874458874,,
307,0.2812890041442144,87.5901875901876,,
308,0.284841730029552,88.60028860028861,,
309,0.28864858999396814,87.73448773448773,,
310,0.2865255340009197,88.60028860028861,,
311,0.27154507678308526,88.16738816738817,,
312,0.2665583983192712,89.32178932178932,,
313,0.26095823997370954,89.03318903318903,,
314,0.2991938710556746,86.14718614718615,,
315,0.28565895781028494,87.15728715728716,,
316,0.28005687129101886,86.72438672438672,,
317,0.24903586584252196,88.31168831168831,,
318,0.2708591212656935,86.86868686868686,,
319,0.2818683677448382,88.02308802308802,,
320,0.26465717469803013,88.74458874458874,,
321,0.28700802704214534,87.3015873015873,,
322,0.2597490611874524,89.46608946608947,,
323,0.28410513142142635,87.3015873015873,,
324,0.2706785226861636,88.31168831168831,,
325,0.26054353760434434,89.46608946608947,0.4554952723639352,77.92207792207792
326,0.26727014547818667,87.73448773448773,,
327,0.2590473411661206,88.02308802308802,,
328,0.2748271066475052,89.17748917748918,,
329,0.26534785100219915,88.88888888888889,,
330,0.2901000521356753,88.02308802308802,,
331,0.27158686396105464,87.73448773448773,,
332,0.2886795477476643,86.43578643578644,,
333,0.2695356004079871,87.3015873015873,,
334,0.27336617495762494,87.5901875901876,,
335,0.26746316723966324,87.73448773448773,,
336,0.27501453937153625,88.74458874458874,,
337,0.2580645549800489,88.88888888888889,,
338,0.25575905722199066,89.32178932178932,,
339,0.2734257811075681,88.45598845598846,,
340,0.2650234012032656,89.03318903318903,,
341,0.26949711653039743,89.17748917748918,,
342,0.2847218783558877,86.002886002886,,
343,0.2579293700867745,87.73448773448773,,
344,0.2595656899490742,88.74458874458874,,
345,0.2846747961266216,88.02308802308802,,
346,0.25986510803345136,89.75468975468975,,
347,0.2754453308396525,87.44588744588745,,
348,0.25950198413059655,89.6103896103896,,
349,0.2781397247899318,87.5901875901876,,
350,0.2509644294283951,90.04329004329004,0.5082258504706544,84.41558441558442
351,0.27301939797263813,87.01298701298701,,
352,0.26109984469792197,88.02308802308802,,
353,0.2729300105296516,88.16738816738817,,
354,0.266167965458241,87.73448773448773,,
355,0.24404283063580293,88.74458874458874,,
356,0.25018738893977494,89.6103896103896,,
357,0.25796131800435496,88.88888888888889,,
358,0.25106124132656604,88.74458874458874,,
359,0.26343708482139555,88.02308802308802,,
360,0.2528938209855711,88.02308802308802,,
361,0.2621267497926563,87.73448773448773,,
362,0.2679055351199526,89.8989898989899,,
363,0.27533236085766494,87.01298701298701,,
364,0.25827740739176286,88.16738816738817,,
365,0.24825511268551043,88.45598845598846,,
366,0.26263280107517434,87.3015873015873,,
367,0.2519036524997645,88.74458874458874,,
368,0.287517967205199,87.01298701298701,,
369,0.2520265313454005,87.73448773448773,,
370,0.25990697148042324,90.33189033189034,,
371,0.26398406219688847,87.73448773448773,,
372,0.24558112838051535,89.6103896103896,,
373,0.2606982432660602,88.88888888888889,,
374,0.2465131874122317,88.60028860028861,,
375,0.26318895345631704,88.16738816738817,0.4907109532263372,81.81818181818181
376,0.2514354045789092,88.02308802308802,,
377,0.2588851990266925,88.16738816738817,,
378,0.23476198159728043,90.04329004329004,,
379,0.2389038372865487,89.8989898989899,,
380,0.2411744242794758,89.6103896103896,,
381,0.2602431809833384,87.3015873015873,,
382,0.24223823099253325,89.32178932178932,,
383,0.243462382456957,89.8989898989899,,
384,0.2643550623202909,89.03318903318903,,
385,0.25276565321682165,89.03318903318903,,
386,0.28581049905022843,86.14718614718615,,
387,0.27076078424550065,88.60028860028861,,
388,0.23565737076350965,89.75468975468975,,
389,0.2375183824938957,88.88888888888889,,
390,0.2551439161080475,88.45598845598846,,
391,0.2577512612966834,87.5901875901876,,
392,0.23306358062687718,89.75468975468975,,
393,0.2511503869320923,89.17748917748918,,
394,0.2372966276489811,89.32178932178932,,
395,0.2656746530773664,89.46608946608947,,
396,0.25941150004385527,88.60028860028861,,
397,0.24469508159728276,90.18759018759019,,
398,0.2562541234297584,88.02308802308802,,
399,0.2731791530368906,88.31168831168831,,
400,0.25584415310905095,89.46608946608947,0.47872990214979494,84.41558441558442
401,0.2743007013302775,88.45598845598846,,
402,0.26117529458813854,88.02308802308802,,
403,0.25378292790395013,88.74458874458874,,
404,0.26321395926317265,86.58008658008659,,
405,0.2410949088665314,90.04329004329004,,
406,0.25277522984693235,88.16738816738817,,
407,0.25853749365689604,88.45598845598846,,
408,0.23734265828201437,90.18759018759019,,
409,0.2291037214417306,90.33189033189034,,
410,0.25191544774720853,89.17748917748918,,
411,0.2448691740782574,88.88888888888889,,
412,0.25453493409772626,88.31168831168831,,
413,0.2524801589881875,89.46608946608947,,
414,0.24245966203284985,89.8989898989899,,
415,0.2410417129897108,88.88888888888889,,
416,0.2599332274393344,88.31168831168831,,
417,0.24960800016253198,88.45598845598846,,
418,0.23630473688567355,88.31168831168831,,
419,0.22418670797072793,89.75468975468975,,
420,0.22385762419019425,90.9090909090909,,
421,0.24789102693742832,89.17748917748918,,
422,0.2440770956086906,88.74458874458874,,
423,0.2854471541242338,87.87878787878788,,
424,0.24721325981238532,88.74458874458874,,
425,0.23772265457831765,89.46608946608947,0.5334745347499847,84.41558441558442
426,0.2538348684923301,88.88888888888889,,
427,0.2571033134002878,88.02308802308802,,
428,0.251724397293245,89.32178932178932,,
429,0.24373645583788553,89.17748917748918,,
430,0.23705799604025582,89.6103896103896,,
431,0.21603191470859026,91.34199134199135,,
432,0.23779977218370246,89.46608946608947,,
433,0.24776174654864302,89.32178932178932,,
434,0.2389117931519752,89.17748917748918,,
435,0.2302221508339198,89.75468975468975,,
436,0.22231560560617955,91.34199134199135,,
437,0.2417409744162064,89.03318903318903,,
438,0.24990578780614625,87.5901875901876,,
439,0.2651082885815812,88.16738816738817,,
440,0.2395045759121405,89.32178932178932,,
441,0.24988928253387477,87.87878787878788,,
442,0.2518605063487957,88.31168831168831,,
443,0.26695960613900277,88.16738816738817,,
444,0.23532179243120796,89.75468975468975,,
445,0.259829917895738,88.45598845598846,,
446,0.24580111463310958,89.6103896103896,,
447,0.24774575545244232,88.31168831168831,,
448,0.23880763365893826,89.8989898989899,,
449,0.22671826876173115,90.62049062049061,,
450,0.2172852379376066,90.33189033189034,0.48665531773071785,80.51948051948052
451,0.23563587975729938,90.33189033189034,,
452,0.2371311267518034,88.74458874458874,,
453,0.23640820577547147,88.60028860028861,,
454,0.2213237173371501,89.6103896103896,,
455,0.22562653425688523,90.9090909090909,,
456,0.23026094330853714,88.60028860028861,,
457,0.259031774054186,88.31168831168831,,
458,0.22441508183403622,89.8989898989899,,
459,0.23896079154585692,88.88888888888889,,
460,0.22211249779055128,90.76479076479076,,
461,0.21866630389345715,89.75468975468975,,
462,0.24439402612686845,88.60028860028861,,
463,0.22956109924233836,90.62049062049061,,
464,0.23527366293844207,90.47619047619048,,
465,0.23441933897494582,89.32178932178932,,
466,0.21910566822618976,91.05339105339105,,
467,0.2182675637036003,90.62049062049061,,
468,0.2350567223404737,90.33189033189034,,
469,0.24556002935762875,89.6103896103896,,
470,0.2271732326226059,89.8989898989899,,
471,0.2270865346510689,89.8989898989899,,
472,0.20430341513469966,92.20779220779221,,
473,0.23323078907241382,91.05339105339105,,
474,0.23610987612093337,89.6103896103896,,
475,0.22392418546250029,90.18759018759019,0.486498734006634,81.81818181818181
476,0.2382830377738025,89.03318903318903,,
477,0.21676734468293568,90.9090909090909,,
478,0.23947635669298847,90.47619047619048,,
479,0.23166881469421055,89.75468975468975,,
480,0.22374283054690342,90.76479076479076,,
481,0.23802466250278734,88.31168831168831,,
482,0.23062533582594316,91.05339105339105,,
483,0.2161336150100995,89.46608946608947,,
484,0.22874787871283714,89.75468975468975,,
485,0.24485555566406525,89.32178932178932,,
486,0.2501416706935668,88.88888888888889,,
487,0.2332700550728202,88.60028860028861,,
488,0.21743097294976702,90.62049062049061,,
489,0.22851452678657025,89.46608946608947,,
490,0.2369736103397427,88.88888888888889,,
491,0.22760398279536853,90.04329004329004,,
492,0.22555720737314155,89.6103896103896,,
493,0.2218273113042245,90.62049062049061,,
494,0.2327492768092761,89.46608946608947,,
495,0.22120392907405484,90.33189033189034,,
496,0.25496446295046016,88.74458874458874,,
497,0.2198231222825649,90.33189033189034,,
498,0.23031798882401866,90.33189033189034,,
499,0.2381027177040711,88.74458874458874,,
500,0.23852066697840396,89.8989898989899,0.5246515978466381,84.41558441558442
501,0.23552165482553397,89.46608946608947,,
502,0.21495136339083035,91.63059163059162,,
503,0.2282824121512376,89.8989898989899,,
504,0.22022371882140035,91.34199134199135,,
505,0.2222603007957533,90.04329004329004,,
506,0.25041154366723045,90.18759018759019,,
507,0.23159851344546886,90.04329004329004,,
508,0.24055375957063266,89.6103896103896,,
509,0.2537543682050911,89.03318903318903,,
510,0.2386800590338129,88.88888888888889,,
511,0.21686813770692587,91.63059163059162,,
512,0.22409292577106027,89.8989898989899,,
513,0.2318713722634969,90.33189033189034,,
514,0.22816529061543134,89.6103896103896,,
515,0.25141972294251985,88.45598845598846,,
516,0.23024792973527317,89.6103896103896,,
517,0.2524150293454807,90.04329004329004,,
518,0.18593550102535264,91.77489177489177,,
519,0.22769233356478583,90.18759018759019,,
520,0.221851700398141,89.46608946608947,,
521,0.2269931805426252,89.46608946608947,,
522,0.19564802157672453,90.9090909090909,,
523,0.24849232115270772,88.60028860028861,,
524,0.20464658113613102,92.35209235209236,,
525,0.22824442167302747,90.18759018759019,0.488360261762297,83.11688311688312
526,0.24024490132648363,89.46608946608947,,
527,0.2651393613946042,88.45598845598846,,
528,0.2066800177828402,91.48629148629149,,
529,0.21216862980937545,90.9090909090909,,
530,0.1933134991197187,92.06349206349206,,
531,0.22047772411187147,91.05339105339105,,
532,0.20727855797109837,90.76479076479076,,
533,0.20302008761127963,90.62049062049061,,
534,0.2041711789619011,90.33189033189034,,
535,0.21574744595077647,90.47619047619048,,
536,0.19810726546815463,91.63059163059162,,
537,0.23027914637783045,90.04329004329004,,
538,0.2192451043046398,89.03318903318903,,
539,0.2311605139384194,89.03318903318903,,
540,0.2073921739496022,90.62049062049061,,
541,0.2147500662060527,90.9090909090909,,
542,0.2062532818979687,89.8989898989899,,
543,0.204367231776532,91.77489177489177,,
544,0.227765018537017,89.8989898989899,,
545,0.2540482504758312,89.17748917748918,,
546,0.22012990360480195,91.63059163059162,,
547,0.21673758482778227,89.8989898989899,,
548,0.2201704859792713,90.76479076479076,,
549,0.21838968203095302,90.76479076479076,,
550,0.19211418497205468,91.91919191919192,0.5652797245360041,80.51948051948052
551,0.215956592026555,90.47619047619048,,
552,0.22252900149635593,88.74458874458874,,
553,0.20853703792649086,91.34199134199135,,
554,0.21711247053647798,91.05339105339105,,
555,0.21006004962785246,90.76479076479076,,
556,0.22940330788987712,90.9090909090909,,
557,0.21983515569862264,90.33189033189034,,
558,0.19403623480989476,92.06349206349206,,
559,0.22217081521582638,90.47619047619048,,
560,0.2077545565895704,91.48629148629149,,
561,0.2358595502238941,89.46608946608947,,
562,0.20540711328838812,91.63059163059162,,
563,0.21365859665911952,90.04329004329004,,
564,0.21091697828422204,90.62049062049061,,
565,0.20490702414753462,91.77489177489177,,
566,0.22479876540439986,89.17748917748918,,
567,0.22064415059048376,90.33189033189034,,
568,0.1967881199665916,91.34199134199135,,
569,0.20823706155387525,90.18759018759019,,
570,0.20336923759812314,90.47619047619048,,
571,0.21200822037342307,90.76479076479076,,
572,0.20716426053862552,91.34199134199135,,
573,0.23060348449331342,90.04329004329004,,
574,0.224178918641367,90.33189033189034,,
575,0.20364004390752333,91.05339105339105,0.5051625514185274,83.11688311688312
576,0.23544609864896854,90.33189033189034,,
577,0.22419425246841979,90.9090909090909,,
578,0.188597306095784,92.64069264069263,,
579,0.20612540604576232,90.04329004329004,,
580,0.2270062917159416,91.1976911976912,,
581,0.2181966184580653,90.76479076479076,,
582,0.2354721865612707,89.32178932178932,,
583,0.21065285097684008,91.05339105339105,,
584,0.2169672456310597,90.76479076479076,,
585,0.20833889298775324,90.9090909090909,,
586,0.22429572510254847,89.75468975468975,,
587,0.21788668675512118,90.04329004329004,,
588,0.18213659044339028,92.20779220779221,,
589,0.1919341887929309,91.48629148629149,,
590,0.22126188902197808,90.04329004329004,,
591,0.20585929379834758,91.1976911976912,,
592,0.18861599192345813,92.78499278499278,,
593,0.22438674773832765,91.34199134199135,,
594,0.20431789555848934,91.05339105339105,,
595,0.21305528455138378,91.63059163059162,,
596,0.19599278983465176,90.76479076479076,,
597,0.22614279056094252,90.33189033189034,,
598,0.2040005327319299,91.05339105339105,,
599,0.2056537378272969,90.62049062049061,,
600,0.2148714822436136,90.18759018759019,0.5137400452966814,81.81818181818181
601,0.19478335671266608,92.35209235209236,,
602,0.25786146379652475,89.6103896103896,,
603,0.21044125317086562,90.62049062049061,,
604,0.208264130115251,90.62049062049061,,
605,0.20662616049228463,90.9090909090909,,
606,0.21391758574562586,90.47619047619048,,
607,0.22456001805364656,89.75468975468975,,
608,0.1765640624845871,92.78499278499278,,
609,0.20952633092069695,90.76479076479076,,
610,0.20520655909744004,90.9090909090909,,
611,0.21733610050330773,90.18759018759019,,
612,0.2114656376632261,91.48629148629149,,
613,0.2206982434397996,91.63059163059162,,
614,0.20498456022182068,91.1976911976912,,
615,0.20571471838896066,91.05339105339105,,
616,0.2008666650299386,91.91919191919192,,
617,0.18972688047873854,91.63059163059162,,
618,0.1898977675328695,90.47619047619048,,
619,0.19413686297500632,91.63059163059162,,
620,0.22504740858834887,89.32178932178932,,
621,0.19802930989822784,91.48629148629149,,
622,0.2186354444097475,89.8989898989899,,
623,0.19504793716156466,91.1976911976912,,
624,0.21592476400634084,90.76479076479076,,
625,0.20309259229666227,92.35209235209236,0.620780327877441,83.11688311688312
626,0.18343453562964954,92.35209235209236,,
627,0.22087602668897413,88.74458874458874,,
628,0.20327289916392186,91.1976911976912,,
629,0.20920446604855822,90.76479076479076,,
630,0.206535589992785,91.05339105339105,,
631,0.22054683080569318,90.47619047619048,,
632,0.20441920038253542,91.63059163059162,,
633,0.24124006737792303,90.04329004329004,,
634,0.2055434464204191,90.9090909090909,,
635,0.19253471815181844,92.06349206349206,,
636,0.21549677523021005,90.47619047619048,,
637,0.22618614988667624,91.05339105339105,,
638,0.22367249852016804,90.9090909090909,,
639,0.21481195423338148,89.6103896103896,,
640,0.1830957229175265,91.91919191919192,,
641,0.17552264226119413,92.35209235209236,,
642,0.17893408105035366,91.77489177489177,,
643,0.18666415264854183,90.9090909090909,,
644,0.20256107082270614,90.9090909090909,,
645,0.1916119721200731,92.06349206349206,,
646,0.1897475469647806,91.63059163059162,,
647,0.21932868750881496,90.62049062049061,,
648,0.19321451941437878,91.77489177489177,,
649,0.22012766399037786,90.18759018759019,,
650,0.19715175432560247,92.20779220779221,0.5840942728054987,84.41558441558442
651,0.19214984886402003,91.1976911976912,,
652,0.1995596657486963,91.05339105339105,,
653,0.19737900976322775,91.05339105339105,,
654,0.17904786785465127,92.4963924963925,,
655,0.22698121615732558,90.04329004329004,,
656,0.22714492573280526,89.46608946608947,,
657,0.20378355043275015,90.62049062049061,,
658,0.20227584226693943,92.92929292929293,,
659,0.2103272182557834,91.91919191919192,,
660,0.18208291146146272,90.47619047619048,,
661,0.1979725817581276,91.05339105339105,,
662,0.1902105597534565,92.06349206349206,,
663,0.20443062907861598,90.76479076479076,,
664,0.20842859158924046,90.33189033189034,,
665,0.21329405155532805,90.18759018759019,,
666,0.20800486918737707,89.8989898989899,,
667,0.20206825264217534,92.4963924963925,,
668,0.18968314858097018,92.20779220779221,,
669,0.19985323602502997,91.63059163059162,,
670,0.20689211680431557,91.1976911976912,,
671,0.20299485967659847,91.34199134199135,,
672,0.21316104560746432,90.9090909090909,,
673,0.1958136416831918,91.05339105339105,,
674,0.22474404692133784,90.47619047619048,,
675,0.2212804075744417,90.9090909090909,0.5504336953163147,83.11688311688312
676,0.20432834984119147,89.75468975468975,,
677,0.21936582323448656,90.18759018759019,,
678,0.1880693653165692,91.48629148629149,,
679,0.18026126078282945,92.06349206349206,,
680,0.18681934998944552,92.64069264069263,,
681,0.2104825359402281,92.92929292929293,,
682,0.22793991480984901,91.63059163059162,,
683,0.18561705405061896,92.92929292929293,,
684,0.18767014134024818,92.35209235209236,,
685,0.18927937341802908,91.1976911976912,,
686,0.21778049263001176,90.18759018759019,,
687,0.20173038449810352,90.76479076479076,,
688,0.1961503794354966,92.64069264069263,,
689,0.1904048090760326,91.48629148629149,,
690,0.22596300413770248,89.32178932178932,,
691,0.20964999286213307,92.78499278499278,,
692,0.20131519122901245,90.9090909090909,,
693,0.18815744602663004,92.06349206349206,,
694,0.21577406750956998,91.05339105339105,,
695,0.21200354249467926,90.62049062049061,,
696,0.20072572208500183,91.34199134199135,,
697,0.20998891349478718,90.76479076479076,,
698,0.18402348792054093,90.62049062049061,,
699,0.18026666061530724,91.77489177489177,,
700,0.19813361698909412,91.77489177489177,0.560331927878516,81.81818181818181
701,0.19869993749635045,92.06349206349206,,
702,0.20045448347259565,90.62049062049061,,
703,0.1953905099226111,91.63059163059162,,
704,0.18711999488771391,92.20779220779221,,
705,0.20980449375652133,90.04329004329004,,
706,0.2143806853206643,90.18759018759019,,
707,0.22065896448419894,91.34199134199135,,
708,0.19588557952238195,91.63059163059162,,
709,0.18024298200359593,91.34199134199135,,
710,0.21367399762203168,90.62049062049061,,
711,0.19429533909280577,91.63059163059162,,
712,0.18153872294687434,92.35209235209236,,
713,0.18810597487858363,92.06349206349206,,
714,0.20267429453297955,91.05339105339105,,
715,0.19593461272326898,91.91919191919192,,
716,0.21228117488249384,91.1976911976912,,
717,0.1841392367218136,92.64069264069263,,
718,0.21227318237698267,90.04329004329004,,
719,0.19230449181937037,91.1976911976912,,
720,0.19040534574361073,92.06349206349206,,
721,0.1935398659170276,92.64069264069263,,
722,0.19725366580215367,91.34199134199135,,
723,0.1843880336317751,92.35209235209236,,
724,0.22760677488163264,89.46608946608947,,
725,0.20538424158638174,92.06349206349206,0.5981195541945371,83.11688311688312
726,0.17923577110488692,92.4963924963925,,
727,0.20045819818371474,91.91919191919192,,
728,0.19585365353724657,92.4963924963925,,
729,0.2103238126792519,90.04329004329004,,
730,0.19187854415324515,90.9090909090909,,
731,0.1905139816701842,91.91919191919192,,
732,0.204968089106107,91.48629148629149,,
733,0.17356479351783727,92.06349206349206,,
734,0.18964071346051764,89.8989898989899,,
735,0.20062189476099537,91.48629148629149,,
736,0.19622588672636218,91.1976911976912,,
737,0.17504102131419025,93.21789321789322,,
738,0.19228988503136848,91.34199134199135,,
739,0.18360693729113017,91.77489177489177,,
740,0.17704061495105253,92.06349206349206,,
741,0.1906491583280405,90.9090909090909,,
742,0.18109692824523344,91.1976911976912,,
743,0.2028125509899244,91.77489177489177,,
744,0.1873633870357731,91.34199134199135,,
745,0.17542968619437443,92.35209235209236,,
746,0.21403986642414013,90.62049062049061,,
747,0.1977695371380444,92.06349206349206,,
748,0.17362206148636805,93.07359307359307,,
749,0.20127461835591479,91.48629148629149,,
750,0.2117083077607905,89.8989898989899,0.5594301761744859,81.81818181818181
751,0.21125957036248447,91.1976911976912,,
752,0.20261692809422122,90.9090909090909,,
753,0.1920080665300075,92.06349206349206,,
754,0.19953636994953625,90.18759018759019,,
755,0.17473378629674988,92.20779220779221,,
756,0.17822834027966036,92.4963924963925,,
757,0.1725343611161258,92.64069264069263,,
758,0.18963210028831404,91.91919191919192,,
759,0.17931659880912665,92.64069264069263,,
760,0.20299849060362724,91.05339105339105,,
761,0.18499479063317545,92.20779220779221,,
762,0.18025199967889385,92.20779220779221,,
763,0.17211029404427583,92.64069264069263,,
764,0.17985568699443075,91.77489177489177,,
765,0.16760148709535083,93.07359307359307,,
766,0.19388753390759444,91.1976911976912,,
767,0.18398634068033567,92.06349206349206,,
768,0.17278567225300046,92.64069264069263,,
769,0.18796543374894156,91.1976911976912,,
770,0.17550133919131017,92.20779220779221,,
771,0.18782436477845538,91.63059163059162,,
772,0.20330319477280154,91.34199134199135,,
773,0.18972983496185677,92.4963924963925,,
774,0.1960045997198526,92.06349206349206,,
775,0.18144558218521473,91.77489177489177,0.5862510750046024,83.11688311688312
776,0.20505272850802794,91.63059163059162,,
777,0.1955154405269788,90.62049062049061,,
778,0.16682790934872876,92.64069264069263,,
779,0.18428345607300686,91.63059163059162,,
780,0.1666766470472878,92.4963924963925,,
781,0.18582324188035976,91.91919191919192,,
782,0.16748738933951307,92.92929292929293,,
783,0.17352278554250325,92.4963924963925,,
784,0.19678268288121079,91.48629148629149,,
785,0.19046077464437072,90.62049062049061,,
786,0.1938989608834832,90.76479076479076,,
787,0.18156567673920554,92.06349206349206,,
788,0.17549880444573462,93.07359307359307,,
789,0.17038971772699646,91.91919191919192,,
790,0.1709758568377722,92.06349206349206,,
791,0.17708357235397956,92.20779220779221,,
792,0.19619177128114398,90.62049062049061,,
793,0.1836092375315629,91.91919191919192,,
794,0.20240271942956106,90.47619047619048,,
795,0.22088756409042326,91.34199134199135,,
796,0.16491853816684707,93.21789321789322,,
797,0.20556363506406589,90.18759018759019,,
798,0.18926854623000516,91.34199134199135,,
799,0.17172868726143417,92.78499278499278,,
800,0.17439953290452861,91.91919191919192,0.5701123789533392,83.11688311688312
801,0.20468659533394706,91.1976911976912,,
802,0.18824465207293264,91.63059163059162,,
803,0.17688466447256343,91.77489177489177,,
804,0.18596189819050557,92.35209235209236,,
805,0.1677199581054726,92.92929292929293,,
806,0.1875072226981924,91.1976911976912,,
807,0.17424526483809621,91.63059163059162,,
808,0.17383527311712804,91.77489177489177,,
809,0.19162875583679598,91.1976911976912,,
810,0.2027898272566637,90.62049062049061,,
811,0.1860389101384866,91.1976911976912,,
812,0.1768622381604595,93.36219336219337,,
813,0.1724244076853536,92.06349206349206,,
814,0.18443130208300307,91.91919191919192,,
815,0.16786924940984144,92.4963924963925,,
816,0.1772358902605065,92.06349206349206,,
817,0.2012784762729986,91.91919191919192,,
818,0.16169516279927923,92.4963924963925,,
819,0.17119421898071557,92.64069264069263,,
820,0.15399387502481068,94.37229437229438,,
821,0.15651108468593802,93.50649350649351,,
822,0.16385767762623135,92.78499278499278,,
823,0.18805565634503166,91.48629148629149,,
824,0.18321761151326854,91.48629148629149,,
825,0.16503510053281661,91.91919191919192,0.5349106769283096,80.51948051948052
826,0.17916128802695144,91.63059163059162,,
827,0.174991454826977,91.77489177489177,,
828,0.16358046968901613,93.65079365079364,,
829,0.16518720846843582,92.78499278499278,,
830,0.18798579910466337,91.34199134199135,,
831,0.1821933299690098,90.9090909090909,,
832,0.15117016583036036,93.36219336219337,,
833,0.21295304065314893,90.76479076479076,,
834,0.16053025960965245,93.21789321789322,,
835,0.16947690800133378,92.92929292929293,,
836,0.18497994038965795,91.91919191919192,,
837,0.15188976080515684,93.50649350649351,,
838,0.18148093835099952,92.06349206349206,,
839,0.1905698592184598,90.47619047619048,,
840,0.1779938940318976,92.35209235209236,,
841,0.1798096238212152,92.35209235209236,,
842,0.19932946045634378,91.91919191919192,,
843,0.16216651265325313,93.07359307359307,,
844,0.1706527898364941,93.21789321789322,,
845,0.1671845039828515,92.92929292929293,,
846,0.1950330403331038,92.06349206349206,,
847,0.17666377094916966,92.4963924963925,,
848,0.16259160148675997,92.64069264069263,,
849,0.18176115288911185,91.91919191919192,,
850,0.17595048165446064,92.06349206349206,0.5733513665663732,83.11688311688312
851,0.15210615943520617,93.36219336219337,,
852,0.1826980086030038,92.20779220779221,,
853,0.18840061276506037,92.4963924963925,,
854,0.16738349418619494,93.50649350649351,,
855,0.19228941219365614,92.78499278499278,,
856,0.16886264932964098,92.35209235209236,,
857,0.17321833166123124,92.20779220779221,,
858,0.18042379959579155,91.1976911976912,,
859,0.1905148970917362,90.62049062049061,,
860,0.19107443705996738,91.63059163059162,,
861,0.17667598013926034,91.63059163059162,,
862,0.18737894993323784,92.4963924963925,,
863,0.1730194976082956,92.06349206349206,,
864,0.18349023313835414,90.9090909090909,,
865,0.1569321286927742,93.07359307359307,,
866,0.15836376657045592,92.06349206349206,,
867,0.17204216905314512,92.4963924963925,,
868,0.16486814929895416,93.36219336219337,,
869,0.1781911530234941,91.48629148629149,,
870,0.17400640890023752,92.06349206349206,,
871,0.19624703650028158,90.76479076479076,,
872,0.1877185438704525,91.34199134199135,,
873,0.1785505927647605,93.21789321789322,,
874,0.17381929296564747,92.92929292929293,,
875,0.17743587248769158,92.35209235209236,0.5545862348048718,81.81818181818181
876,0.16202320030542336,92.4963924963925,,
877,0.16898839625101242,92.06349206349206,,
878,0.1578993271461125,92.92929292929293,,
879,0.18197050952980184,92.06349206349206,,
880,0.1805859717498782,91.77489177489177,,
881,0.16211156351397735,93.65079365079364,,
882,0.17836535596228265,92.20779220779221,,
883,0.16712218658490616,93.36219336219337,,
884,0.15976392071355472,93.36219336219337,,
885,0.17528825843489015,92.35209235209236,,
886,0.19032851708743823,92.78499278499278,,
887,0.18886218552207534,91.05339105339105,,
888,0.1738747711203358,92.35209235209236,,
889,0.1728697968391543,92.06349206349206,,
890,0.14099797622594998,94.51659451659452,,
891,0.16900131347203495,93.36219336219337,,
892,0.15637616879840263,93.50649350649351,,
893,0.18151732724466366,91.91919191919192,,
894,0.17151048684877063,92.92929292929293,,
895,0.1658608464881627,93.07359307359307,,
896,0.1846697409388651,92.35209235209236,,
897,0.16488102763826712,92.35209235209236,,
898,0.17204457104292095,92.35209235209236,,
899,0.1585404851821938,92.06349206349206,,
900,0.17223490727326227,91.1976911976912,0.541526253347273,80.51948051948052
901,0.14908613529040185,93.93939393939394,,
902,0.17185044370344363,92.20779220779221,,
903,0.17721131441827115,91.91919191919192,,
904,0.17861271486382443,92.20779220779221,,
905,0.16866536151945677,92.92929292929293,,
906,0.1658258978089299,92.64069264069263,,
907,0.185542006943305,92.06349206349206,,
908,0.1601353683340945,92.64069264069263,,
909,0.17014127066641144,92.35209235209236,,
910,0.17248828876844216,92.64069264069263,,
911,0.16121105376690154,92.92929292929293,,
912,0.16565320048411344,92.20779220779221,,
913,0.19856029026436084,91.34199134199135,,
914,0.16473241710516626,92.4963924963925,,
915,0.1793485730812545,92.78499278499278,,
916,0.16053243097546813,92.78499278499278,,
917,0.19266143755135254,90.9090909090909,,
918,0.15645298406933295,94.51659451659452,,
919,0.17757455816742404,91.77489177489177,,
920,0.15468143366685763,93.36219336219337,,
921,0.1770510214231747,91.91919191919192,,
922,0.1649526001141013,93.36219336219337,,
923,0.17346294776873844,91.77489177489177,,
924,0.17821844384439753,92.78499278499278,,
925,0.16902820037040875,91.77489177489177,0.6315153829463116,80.51948051948052
926,0.17716512219472366,92.4963924963925,,
927,0.18534040444599084,92.78499278499278,,
928,0.17606799784526336,90.47619047619048,,
929,0.17984009771722048,91.48629148629149,,
930,0.1731317826206722,91.77489177489177,,
931,0.18042204042017718,92.35209235209236,,
932,0.17872985774949515,90.76479076479076,,
933,0.17111886691565464,92.20779220779221,,
934,0.1707057115685028,92.92929292929293,,
935,0.1817013327392493,92.06349206349206,,
936,0.17191832872782262,92.78499278499278,,
937,0.18017522136789638,92.78499278499278,,
938,0.17748197096078772,92.35209235209236,,
939,0.16320192482736376,93.07359307359307,,
940,0.1739662622476553,91.77489177489177,,
941,0.16239790568964133,92.4963924963925,,
942,0.17399016295762634,92.20779220779221,,
943,0.15855307486257683,92.78499278499278,,
944,0.18031463930101105,92.78499278499278,,
945,0.1718248174906121,93.65079365079364,,
946,0.15879436299570368,92.78499278499278,,
947,0.16677146827503717,92.78499278499278,,
948,0.1620059178935157,92.20779220779221,,
949,0.15662646553819143,92.78499278499278,,
950,0.15438240041894485,93.36219336219337,0.6048043308319984,80.51948051948052
951,0.1626516017595153,92.35209235209236,,
952,0.15575088076239713,93.50649350649351,,
953,0.1478326566091337,93.21789321789322,,
954,0.15807442716490827,93.65079365079364,,
955,0.18315224588175358,92.20779220779221,,
956,0.16763978048320458,92.78499278499278,,
957,0.15961411792511446,92.64069264069263,,
958,0.18582408180699547,91.91919191919192,,
959,0.16980565955370536,94.51659451659452,,
960,0.16945789909207976,91.91919191919192,,
961,0.14670938141590245,93.93939393939394,,
962,0.16963075413865886,92.64069264069263,,
963,0.16733985085680028,92.4963924963925,,
964,0.17348467689786984,92.92929292929293,,
965,0.15271069510459556,93.07359307359307,,
966,0.17506880484102091,92.20779220779221,,
967,0.16775118101597863,92.20779220779221,,
968,0.18043875148382796,92.92929292929293,,
969,0.17580947864795315,92.4963924963925,,
970,0.1932995778687895,93.21789321789322,,
971,0.16006060322803078,92.06349206349206,,
972,0.1724837910045277,92.4963924963925,,
973,0.16165399508386807,92.64069264069263,,
974,0.19438650066632385,92.06349206349206,,
975,0.15430789235522394,94.22799422799423,0.5680618448690935,80.51948051948052
976,0.1516085770639657,93.50649350649351,,
977,0.17898734735290037,91.48629148629149,,
978,0.1461866142558845,94.37229437229438,,
979,0.20137972934480655,92.4963924963925,,
980,0.1729882959099043,91.77489177489177,,
981,0.16574758759459204,92.78499278499278,,
982,0.17740676326819657,91.1976911976912,,
983,0.1789576971062162,92.4963924963925,,
984,0.15710575964629736,92.78499278499278,,
985,0.15159398156069057,93.07359307359307,,
986,0.15214863415232296,93.07359307359307,,
987,0.17433964343900116,92.4963924963925,,
988,0.16378018628768246,92.78499278499278,,
989,0.18496135032022154,92.4963924963925,,
990,0.15765488500374908,93.79509379509379,,
991,0.17016033580980947,91.77489177489177,,
992,0.16276837573595032,92.06349206349206,,
993,0.16723217059351492,92.4963924963925,,
994,0.15166357141337525,93.50649350649351,,
995,0.15065169325810662,93.50649350649351,,
996,0.14887029367994953,93.79509379509379,,
997,0.17305147430683454,93.36219336219337,,
998,0.1611296202057454,93.50649350649351,,
999,0.16439749085455918,93.21789321789322,,
1000,0.16132221399963675,91.1976911976912,0.4896077420804408,85.71428571428571
