epoch,train_loss,train_acc,test_loss,test_acc
1,0.6881274951656832,55.699855699855696,0.6849897836709952,55.84415584415584
2,0.6867514979443681,56.132756132756136,,
3,0.6852786133299659,55.98845598845599,,
4,0.6816526739972323,55.98845598845599,,
5,0.6762196080165164,55.84415584415584,,
6,0.6745302172278257,55.84415584415584,,
7,0.6684686152793973,57.287157287157285,,
8,0.6616971263121733,57.72005772005772,,
9,0.657481315676096,57.43145743145743,,
10,0.6511680949129928,61.03896103896104,,
11,0.6454735416354556,61.47186147186147,,
12,0.6398006756756385,65.07936507936508,,
13,0.6380964776482245,63.05916305916306,,
14,0.6166477789954533,65.80086580086581,,
15,0.6136970747944941,68.25396825396825,,
16,0.6132867208118906,67.67676767676768,,
17,0.6068982638493933,66.81096681096682,,
18,0.6060398260580341,67.82106782106783,,
19,0.5896655905986417,71.13997113997114,,
20,0.5879720046062662,68.97546897546897,,
21,0.5848807784558031,69.11976911976912,,
22,0.5636985063724875,72.2943722943723,,
23,0.5548191992579429,73.73737373737374,,
24,0.5559196578819858,74.17027417027417,,
25,0.559129724426875,72.43867243867244,0.5724295188080181,68.83116883116882
26,0.5546783557185879,70.56277056277057,,
27,0.534686517749858,73.73737373737374,,
28,0.5239111418589885,74.02597402597402,,
29,0.5209230706203207,76.19047619047619,,
30,0.5269479507319683,73.5930735930736,,
31,0.5178577258301331,75.46897546897547,,
32,0.5141402272262958,75.18037518037518,,
33,0.49791874101151634,75.46897546897547,,
34,0.4946029937112486,77.92207792207792,,
35,0.5095630884170532,75.9018759018759,,
36,0.4985928596098186,76.33477633477634,,
37,0.4863816712153766,75.46897546897547,,
38,0.4900428878108488,77.2005772005772,,
39,0.4794177860881687,78.4992784992785,,
40,0.45459298172382395,78.64357864357865,,
41,0.48117368527477095,75.9018759018759,,
42,0.45501635398871626,78.35497835497836,,
43,0.4756630524928436,75.9018759018759,,
44,0.45193899980871194,78.78787878787878,,
45,0.48437456229720455,78.78787878787878,,
46,0.4610911032338163,77.92207792207792,,
47,0.45500912324862736,78.21067821067821,,
48,0.4527856886472881,78.93217893217893,,
49,0.45154766289014664,77.77777777777777,,
50,0.44848204493350624,80.51948051948052,0.5094437084414742,75.32467532467533
51,0.4372925901997829,79.94227994227994,,
52,0.4588613504111165,76.76767676767676,,
53,0.4588188667920073,79.36507936507937,,
54,0.44359317606833765,78.06637806637806,,
55,0.4649526369348061,77.77777777777777,,
56,0.4355985672786982,80.95238095238095,,
57,0.4258504096219722,80.66378066378067,,
58,0.4354575231649831,78.93217893217893,,
59,0.42975500901196084,80.51948051948052,,
60,0.4366352424391076,80.8080808080808,,
61,0.4282095793521766,79.65367965367966,,
62,0.4427848423886265,80.08658008658008,,
63,0.4301725727053088,80.23088023088023,,
64,0.4380894744551027,79.79797979797979,,
65,0.4392813913749926,80.23088023088023,,
66,0.42065808510281477,82.97258297258297,,
67,0.4126732358426759,81.0966810966811,,
68,0.4187720519897742,81.52958152958153,,
69,0.4101582006114558,80.23088023088023,,
70,0.42533013377268764,78.78787878787878,,
71,0.3961324849600056,84.12698412698413,,
72,0.4077395771833037,81.67388167388168,,
73,0.4028547120644761,82.1067821067821,,
74,0.4039249440808317,81.81818181818181,,
75,0.4042725045271594,82.53968253968254,0.5071567200221024,79.22077922077922
76,0.4072763444197298,82.1067821067821,,
77,0.40010146386007556,81.0966810966811,,
78,0.39300662451148205,82.82828282828282,,
79,0.41458161181701725,78.78787878787878,,
80,0.3995141178842575,81.81818181818181,,
81,0.4068182362794532,82.3953823953824,,
82,0.41042206151488886,81.52958152958153,,
83,0.37033366987113486,83.69408369408369,,
84,0.39792993653990316,81.52958152958153,,
85,0.3919812148439592,82.97258297258297,,
86,0.40448713164996963,81.38528138528139,,
87,0.40626128660824046,81.67388167388168,,
88,0.3942755868424585,82.3953823953824,,
89,0.3684743253183571,85.56998556998558,,
90,0.39074105866156617,82.3953823953824,,
91,0.38897313940920697,84.55988455988457,,
92,0.38351466017540053,81.96248196248196,,
93,0.3891621325783227,81.81818181818181,,
94,0.38690691769209085,82.82828282828282,,
95,0.3833527716809365,81.52958152958153,,
96,0.3919327354534364,81.81818181818181,,
97,0.3628583725912746,83.83838383838383,,
98,0.3764777306526426,83.11688311688312,,
99,0.3711991829187495,82.82828282828282,,
100,0.3861544734729833,82.68398268398268,0.4973288964141499,77.92207792207792
101,0.3768000025812854,84.12698412698413,,
102,0.3730327371739034,83.40548340548341,,
103,0.35556767375610265,86.2914862914863,,
104,0.37343463336062466,83.69408369408369,,
105,0.3664343427614044,83.11688311688312,,
106,0.3849047457672989,83.83838383838383,,
107,0.3672373690904477,83.98268398268398,,
108,0.35810757147801386,84.27128427128427,,
109,0.3714546421905617,83.69408369408369,,
110,0.37571873654534804,82.53968253968254,,
111,0.3769634109726888,85.56998556998558,,
112,0.35660236476131674,83.83838383838383,,
113,0.3660973814271745,83.40548340548341,,
114,0.3437879387864475,85.56998556998558,,
115,0.36060982736158165,83.83838383838383,,
116,0.3672977015053555,82.97258297258297,,
117,0.35446755822430787,84.41558441558442,,
118,0.34684611016193684,85.13708513708514,,
119,0.3588544809801066,84.12698412698413,,
120,0.37693191752977356,84.27128427128427,,
121,0.34976242205281277,84.27128427128427,,
122,0.3507610316701438,84.41558441558442,,
123,0.3500439010313235,84.84848484848484,,
124,0.3422338462032883,85.28138528138528,,
125,0.3545140812622348,85.13708513708514,0.4886429166639006,80.51948051948052
126,0.3517192348429307,84.99278499278499,,
127,0.33869421017634405,86.2914862914863,,
128,0.3684541479849712,83.69408369408369,,
129,0.34179648851591443,83.26118326118326,,
130,0.36068184360926286,83.40548340548341,,
131,0.36206489018719606,83.83838383838383,,
132,0.35422362354926734,85.56998556998558,,
133,0.35101953273555764,84.12698412698413,,
134,0.34029771707962775,85.28138528138528,,
135,0.3389002103654165,85.42568542568543,,
136,0.3529348115384321,83.54978354978356,,
137,0.3265211232124813,85.85858585858585,,
138,0.33822358667334435,86.14718614718615,,
139,0.3394729891552726,84.41558441558442,,
140,0.3440313076044058,86.002886002886,,
141,0.33687702909348505,86.002886002886,,
142,0.3269402450555331,86.002886002886,,
143,0.3246887229049705,86.002886002886,,
144,0.3390077724945322,84.99278499278499,,
145,0.3471343303139592,85.71428571428571,,
146,0.3360290288667142,85.56998556998558,,
147,0.34458710438159296,85.42568542568543,,
148,0.314478585708881,88.16738816738817,,
149,0.32953341212795584,84.84848484848484,,
150,0.3306359587637721,84.55988455988457,0.5124491197722298,79.22077922077922
151,0.3230599060031071,87.15728715728716,,
152,0.3513893327886752,84.55988455988457,,
153,0.33969642933656985,85.42568542568543,,
154,0.32921835593072885,84.7041847041847,,
155,0.3249602891063965,85.56998556998558,,
156,0.33199416881515864,87.01298701298701,,
157,0.3461577082093144,83.69408369408369,,
158,0.3210885813311925,85.56998556998558,,
159,0.32893436360152767,85.42568542568543,,
160,0.3131373699265297,86.72438672438672,,
161,0.3068945343790288,87.3015873015873,,
162,0.3305731382204857,88.02308802308802,,
163,0.32570801045299436,86.002886002886,,
164,0.3308733156620166,85.71428571428571,,
165,0.31167134264158824,85.71428571428571,,
166,0.32527472648613726,86.2914862914863,,
167,0.29583323074969725,88.31168831168831,,
168,0.31987908396541986,86.86868686868686,,
169,0.35529885689417523,85.85858585858585,,
170,0.30318217392349656,86.86868686868686,,
171,0.31128553588152963,86.58008658008659,,
172,0.3056883671378762,87.3015873015873,,
173,0.3074038726684851,86.43578643578644,,
174,0.31070987865178273,85.71428571428571,,
175,0.3004833741965576,87.15728715728716,0.5511661837627362,80.51948051948052
176,0.3049560750889744,87.73448773448773,,
177,0.3194402781399814,87.87878787878788,,
178,0.3140663038858604,87.44588744588745,,
179,0.30256968465718354,87.44588744588745,,
180,0.3251999776815783,85.71428571428571,,
181,0.29907451365761256,88.02308802308802,,
182,0.3039128901208462,88.16738816738817,,
183,0.31752888972281035,86.72438672438672,,
184,0.29702767807167846,86.72438672438672,,
185,0.3016118098905076,87.3015873015873,,
186,0.31606498081102685,86.43578643578644,,
187,0.3065097058920289,87.44588744588745,,
188,0.28787356133412834,88.16738816738817,,
189,0.30439062070364903,87.5901875901876,,
190,0.30612778455062,88.31168831168831,,
191,0.31107648458831755,86.58008658008659,,
192,0.3004242784060097,88.45598845598846,,
193,0.29754552077421376,88.16738816738817,,
194,0.2884762626017671,88.45598845598846,,
195,0.29343497194080986,89.03318903318903,,
196,0.2911445600817902,88.45598845598846,,
197,0.29577047286439595,87.5901875901876,,
198,0.30764020039749695,87.3015873015873,,
199,0.2943906479583674,87.44588744588745,,
200,0.29526404578448373,86.72438672438672,0.5629780578922916,80.51948051948052
201,0.3071907063325246,87.01298701298701,,
202,0.2948513108414489,87.5901875901876,,
203,0.2957199126439005,87.5901875901876,,
204,0.3060007186722102,86.72438672438672,,
205,0.29889400911881636,87.87878787878788,,
206,0.2901223680544725,87.5901875901876,,
207,0.30094225642313,86.58008658008659,,
208,0.30448976277358947,86.002886002886,,
209,0.2858603414777037,87.01298701298701,,
210,0.28742195723892805,87.87878787878788,,
211,0.29664474747225666,87.5901875901876,,
212,0.28866320388313665,87.44588744588745,,
213,0.2911801086187707,87.73448773448773,,
214,0.29126540002712786,87.87878787878788,,
215,0.2991115009629881,86.58008658008659,,
216,0.27746429037394116,88.88888888888889,,
217,0.2891551650103725,89.17748917748918,,
218,0.28900544050796034,87.73448773448773,,
219,0.29260039940196886,88.31168831168831,,
220,0.29112335124616157,88.60028860028861,,
221,0.3020765666579787,86.86868686868686,,
222,0.29129881814960795,88.16738816738817,,
223,0.2862339108795315,87.3015873015873,,
224,0.30008293445320183,87.44588744588745,,
225,0.28357072761564545,88.31168831168831,0.5441832039263341,79.22077922077922
226,0.27524055860409835,89.75468975468975,,
227,0.2807447230940601,88.45598845598846,,
228,0.2840019893680644,87.87878787878788,,
229,0.2811611281199889,87.15728715728716,,
230,0.29552658401096366,88.74458874458874,,
231,0.298520772853627,86.58008658008659,,
232,0.27181589947462426,87.5901875901876,,
233,0.26651682305817653,89.32178932178932,,
234,0.2710387134147757,89.17748917748918,,
235,0.29024329622414546,87.73448773448773,,
236,0.2874411118107957,87.87878787878788,,
237,0.2564293607144817,89.6103896103896,,
238,0.26958437747500763,88.16738816738817,,
239,0.28342896033331083,90.04329004329004,,
240,0.2696728164499456,88.88888888888889,,
241,0.26771189825015324,89.6103896103896,,
242,0.2734773422323952,89.17748917748918,,
243,0.28734624635261546,87.5901875901876,,
244,0.28233424505329063,87.87878787878788,,
245,0.2605774514215849,90.18759018759019,,
246,0.26802966777036374,89.03318903318903,,
247,0.28667483013257666,88.60028860028861,,
248,0.2804223523941563,88.31168831168831,,
249,0.2776617446718106,88.60028860028861,,
250,0.2556562450369027,88.88888888888889,0.5558651902458884,80.51948051948052
251,0.2841409578983918,87.15728715728716,,
252,0.27876290737034437,89.17748917748918,,
253,0.26461774078540473,89.17748917748918,,
254,0.26159221557483703,89.03318903318903,,
255,0.26205842061476275,89.32178932178932,,
256,0.2699275068282909,89.46608946608947,,
257,0.26431948950710404,88.60028860028861,,
258,0.2610005580888682,89.46608946608947,,
259,0.27885609457718175,88.60028860028861,,
260,0.2780122422810757,87.5901875901876,,
261,0.2636706389562048,90.76479076479076,,
262,0.2771329927066016,89.17748917748918,,
263,0.281040955587555,89.17748917748918,,
264,0.26583337336563617,88.60028860028861,,
265,0.2663034592657034,89.17748917748918,,
266,0.27657386959459185,88.16738816738817,,
267,0.276795662154711,87.87878787878788,,
268,0.26161200190325834,89.03318903318903,,
269,0.25996815199287765,89.8989898989899,,
270,0.2799537196475878,88.60028860028861,,
271,0.25567640559841887,89.03318903318903,,
272,0.26529083837463396,89.03318903318903,,
273,0.26574315339283855,88.60028860028861,,
274,0.2643941648164697,89.46608946608947,,
275,0.24007283639254165,90.62049062049061,0.5728303236620766,77.92207792207792
276,0.26494485920383815,89.32178932178932,,
277,0.25989119835402197,89.32178932178932,,
278,0.27404561161478874,88.74458874458874,,
279,0.25804644926285847,89.46608946608947,,
280,0.2886500369332742,86.86868686868686,,
281,0.26358754771612425,88.31168831168831,,
282,0.2468790217782512,89.8989898989899,,
283,0.2533180742466777,89.75468975468975,,
284,0.25124971650293554,89.46608946608947,,
285,0.24494668336055667,91.63059163059162,,
286,0.24325329803930215,90.62049062049061,,
287,0.25360103246109483,89.32178932178932,,
288,0.23575433587701117,91.34199134199135,,
289,0.2512512764373383,89.03318903318903,,
290,0.2521124166069609,88.88888888888889,,
291,0.24627722601955931,90.33189033189034,,
292,0.2742395911897932,89.6103896103896,,
293,0.25916974072332505,89.6103896103896,,
294,0.2572114272809132,88.60028860028861,,
295,0.27847564433302197,88.88888888888889,,
296,0.2570832986680288,89.8989898989899,,
297,0.2707925376308945,88.31168831168831,,
298,0.25081720240790434,88.88888888888889,,
299,0.2570195586499886,89.8989898989899,,
300,0.2614276707064882,88.88888888888889,0.5981617260288883,77.92207792207792
301,0.2596409013131996,90.9090909090909,,
302,0.23500289102481386,90.62049062049061,,
303,0.2288865711093809,90.76479076479076,,
304,0.2553839577848433,89.8989898989899,,
305,0.2473230706836926,90.18759018759019,,
306,0.2403143426728627,90.9090909090909,,
307,0.23763548923605277,89.46608946608947,,
308,0.26295283312598866,88.74458874458874,,
309,0.2330663309877397,90.62049062049061,,
310,0.2676253981060452,87.73448773448773,,
311,0.26311755931867664,89.46608946608947,,
312,0.2415706313727222,91.05339105339105,,
313,0.2284216649002499,91.05339105339105,,
314,0.25092340655313083,90.04329004329004,,
315,0.2494146857426796,90.04329004329004,,
316,0.24098285039265951,89.75468975468975,,
317,0.24345760316215725,90.18759018759019,,
318,0.2366158581979863,90.62049062049061,,
319,0.2654731738317925,89.32178932178932,,
320,0.24753221822163415,90.62049062049061,,
321,0.22869190680129187,90.04329004329004,,
322,0.23613042409113819,90.62049062049061,,
323,0.25181204011773994,89.75468975468975,,
324,0.230569303734564,91.05339105339105,,
325,0.2437713723979127,90.62049062049061,0.5725831780340764,80.51948051948052
326,0.22985606084202792,90.47619047619048,,
327,0.24648587358376337,90.18759018759019,,
328,0.23688169255917207,90.76479076479076,,
329,0.22741152257974356,90.47619047619048,,
330,0.21979995497635432,90.47619047619048,,
331,0.2511130598028329,90.9090909090909,,
332,0.2316442070499299,90.47619047619048,,
333,0.24009781560361987,90.62049062049061,,
334,0.22318960302663915,91.05339105339105,,
335,0.2350616595703802,90.76479076479076,,
336,0.23267524774370427,89.46608946608947,,
337,0.24312676688787913,90.18759018759019,,
338,0.24434742031546383,90.04329004329004,,
339,0.22966651913063524,91.63059163059162,,
340,0.23656532757554047,90.04329004329004,,
341,0.22334376842987658,90.33189033189034,,
342,0.2428613416689299,89.8989898989899,,
343,0.2507679199243521,88.74458874458874,,
344,0.2335361861455836,88.88888888888889,,
345,0.22681131974013166,91.91919191919192,,
346,0.22707111966859383,90.76479076479076,,
347,0.23515918089713886,90.9090909090909,,
348,0.22766270369162292,91.1976911976912,,
349,0.2122170975886038,90.76479076479076,,
350,0.24814156725637151,89.6103896103896,0.5774015552037722,81.81818181818181
351,0.21800751700287774,90.9090909090909,,
352,0.2203574183183315,91.63059163059162,,
353,0.21428259043896525,91.48629148629149,,
354,0.21948581349849164,90.62049062049061,,
355,0.2185083200878223,90.76479076479076,,
356,0.2274061692999555,90.76479076479076,,
357,0.21850633664220614,91.1976911976912,,
358,0.2277396803004143,90.47619047619048,,
359,0.22854662479088247,90.76479076479076,,
360,0.22554421387908477,91.63059163059162,,
361,0.21493859212807934,90.9090909090909,,
362,0.22731763034155875,91.48629148629149,,
363,0.21548136010830538,91.48629148629149,,
364,0.25385311826483,89.32178932178932,,
365,0.23819726800161695,90.76479076479076,,
366,0.22137089797213652,91.1976911976912,,
367,0.20779151885540453,93.07359307359307,,
368,0.23681940131889276,89.6103896103896,,
369,0.21481709885390807,90.9090909090909,,
370,0.22655688232673712,89.8989898989899,,
371,0.21799929134687476,91.63059163059162,,
372,0.2566900442516993,88.74458874458874,,
373,0.21633206370244984,91.1976911976912,,
374,0.21379812012331137,91.34199134199135,,
375,0.21556719366735194,92.35209235209236,0.623183184629911,80.51948051948052
376,0.21961274574823883,90.9090909090909,,
377,0.22231460309991932,91.63059163059162,,
378,0.21457324659218005,91.77489177489177,,
379,0.22480551959761294,90.9090909090909,,
380,0.23246370623638105,90.76479076479076,,
381,0.21150236999317681,92.06349206349206,,
382,0.21893634081617921,91.63059163059162,,
383,0.2437581843111938,90.33189033189034,,
384,0.2374318026188992,91.05339105339105,,
385,0.21028453812626705,91.63059163059162,,
386,0.22852899030947582,91.77489177489177,,
387,0.21992295309578702,91.05339105339105,,
388,0.2282527330563999,90.47619047619048,,
389,0.22670764539492938,90.33189033189034,,
390,0.22231619561045374,90.76479076479076,,
391,0.24928793706763186,90.9090909090909,,
392,0.20943621669400048,91.34199134199135,,
393,0.21808020263093203,90.9090909090909,,
394,0.19562873672989625,92.20779220779221,,
395,0.2214609964778929,90.9090909090909,,
396,0.21599062403709685,90.62049062049061,,
397,0.19826913783044525,92.4963924963925,,
398,0.1935518246794504,92.64069264069263,,
399,0.20291504883718062,92.20779220779221,,
400,0.20423381513288355,91.34199134199135,0.662165385562104,79.22077922077922
401,0.2207433767132945,90.33189033189034,,
402,0.21049621873259716,91.1976911976912,,
403,0.20740825324863582,91.77489177489177,,
404,0.2502663576972777,90.04329004329004,,
405,0.20731158797531074,91.34199134199135,,
406,0.20952175619970326,91.63059163059162,,
407,0.21722829754734452,90.9090909090909,,
408,0.21093618755818788,91.34199134199135,,
409,0.20358662442727524,92.35209235209236,,
410,0.21982807016422137,91.1976911976912,,
411,0.21177849195048234,90.76479076479076,,
412,0.24202753064017019,90.47619047619048,,
413,0.2242043831131675,91.1976911976912,,
414,0.20135431750684246,92.06349206349206,,
415,0.20660259967070466,91.63059163059162,,
416,0.2336724287847764,90.62049062049061,,
417,0.21502667892331856,91.1976911976912,,
418,0.21136373651320112,91.1976911976912,,
419,0.18762577034688915,92.92929292929293,,
420,0.20411303260969738,92.92929292929293,,
421,0.20918913940330605,91.91919191919192,,
422,0.2316541387921288,90.76479076479076,,
423,0.1990537609136294,91.1976911976912,,
424,0.21343448786078423,91.91919191919192,,
425,0.20434806402369496,91.34199134199135,0.6783179594324781,79.22077922077922
426,0.19684163849763195,92.4963924963925,,
427,0.18924673907942585,93.21789321789322,,
428,0.22660732215531115,91.63059163059162,,
429,0.21913445882047666,90.76479076479076,,
430,0.2188318899656615,91.34199134199135,,
431,0.21771399683250495,90.9090909090909,,
432,0.20922967843163065,92.35209235209236,,
433,0.20295736985482696,91.1976911976912,,
434,0.19896211106367787,92.35209235209236,,
435,0.20565822843091314,91.1976911976912,,
436,0.20502629095599764,90.62049062049061,,
437,0.2209681383029035,91.34199134199135,,
438,0.19623700543313488,92.64069264069263,,
439,0.19062279842116617,92.06349206349206,,
440,0.2243830036979389,91.63059163059162,,
441,0.2012609090510901,92.06349206349206,,
442,0.18119625087080235,93.07359307359307,,
443,0.20673490161933597,92.78499278499278,,
444,0.20363738137320178,92.20779220779221,,
445,0.18717537336535267,92.35209235209236,,
446,0.19786872298686536,92.64069264069263,,
447,0.20103021806796736,91.77489177489177,,
448,0.2135304840440186,91.05339105339105,,
449,0.20500818208870605,91.63059163059162,,
450,0.1815725269728753,91.91919191919192,0.6829615568185782,83.11688311688312
451,0.19983331577430383,91.05339105339105,,
452,0.1820583873324924,92.64069264069263,,
453,0.19251985140521116,91.1976911976912,,
454,0.20977173885397754,91.34199134199135,,
455,0.2031844611700307,91.91919191919192,,
456,0.19846042274654685,92.20779220779221,,
457,0.1906357291886989,92.35209235209236,,
458,0.20082233393024573,91.77489177489177,,
459,0.21009404426185255,90.9090909090909,,
460,0.18507054013779325,91.77489177489177,,
461,0.19978719321852295,91.77489177489177,,
462,0.19860346677671437,91.77489177489177,,
463,0.17943179925626834,93.50649350649351,,
464,0.18585996815738567,91.63059163059162,,
465,0.19352159304020208,92.4963924963925,,
466,0.19481195842720903,92.35209235209236,,
467,0.2184439492862118,90.04329004329004,,
468,0.20138106231737618,91.63059163059162,,
469,0.2023480206319436,91.91919191919192,,
470,0.20865918573363001,91.34199134199135,,
471,0.1931613494479467,93.21789321789322,,
472,0.19970089751920658,91.05339105339105,,
473,0.19317556205938044,92.35209235209236,,
474,0.17839366821155575,93.21789321789322,,
475,0.1990487953543147,91.77489177489177,0.668281366298725,83.11688311688312
476,0.19622900834895704,91.1976911976912,,
477,0.18022384558915877,92.4963924963925,,
478,0.2080305778188967,91.77489177489177,,
479,0.1818488063922348,93.07359307359307,,
480,0.1752130187951125,93.50649350649351,,
481,0.19327895261594571,91.91919191919192,,
482,0.18251054989332588,92.92929292929293,,
483,0.20395668465671,91.34199134199135,,
484,0.1977174108979678,92.06349206349206,,
485,0.1781646448145869,92.20779220779221,,
486,0.2109762369769304,91.34199134199135,,
487,0.17278939412441777,93.07359307359307,,
488,0.19656586558873862,92.20779220779221,,
489,0.19317711431742746,91.1976911976912,,
490,0.19235269721022244,92.64069264069263,,
491,0.18992598503182978,92.06349206349206,,
492,0.196163248620164,91.77489177489177,,
493,0.17973068609704704,92.64069264069263,,
494,0.20014263497071522,90.47619047619048,,
495,0.1933989336802846,92.06349206349206,,
496,0.18720186595276836,92.20779220779221,,
497,0.19744009099911475,91.77489177489177,,
498,0.20332745129368865,91.91919191919192,,
499,0.18839236044608498,92.4963924963925,,
500,0.2135308552721534,90.62049062049061,0.6665437840796137,80.51948051948052
501,0.18820564897158445,92.64069264069263,,
502,0.19822411170339516,92.06349206349206,,
503,0.19920764160362672,92.4963924963925,,
504,0.1877706309654152,92.06349206349206,,
505,0.1793795359464736,92.64069264069263,,
506,0.19997333274001167,92.06349206349206,,
507,0.15856331386899072,94.51659451659452,,
508,0.167064243860403,92.64069264069263,,
509,0.1898955555597769,92.64069264069263,,
510,0.18251891162187334,92.35209235209236,,
511,0.17089000811953564,92.92929292929293,,
512,0.18670824707672537,92.20779220779221,,
513,0.17297135800940305,92.78499278499278,,
514,0.1952443149096694,93.07359307359307,,
515,0.18149508850872087,92.35209235209236,,
516,0.17148336791265406,93.07359307359307,,
517,0.1697475646621135,92.64069264069263,,
518,0.18847623901793795,91.91919191919192,,
519,0.18417519838434965,92.78499278499278,,
520,0.1738331261672843,92.78499278499278,,
521,0.18212365356917676,92.20779220779221,,
522,0.17405222779916651,93.21789321789322,,
523,0.1973019078438416,91.91919191919192,,
524,0.1731080184294204,93.21789321789322,,
525,0.17385183619859415,93.07359307359307,0.7006470173984379,81.81818181818181
526,0.18426614601439212,92.4963924963925,,
527,0.18206945272675926,93.07359307359307,,
528,0.19388435266557194,92.06349206349206,,
529,0.20358978876303802,92.4963924963925,,
530,0.19991700566262222,92.78499278499278,,
531,0.18047375625475146,93.79509379509379,,
532,0.19594216691316635,93.36219336219337,,
533,0.15633046504481013,93.65079365079364,,
534,0.17354410306199805,92.92929292929293,,
535,0.18508577804802817,92.4963924963925,,
536,0.18913805215991764,92.64069264069263,,
537,0.16851742331255737,93.21789321789322,,
538,0.1559085545988826,94.22799422799423,,
539,0.17550271063569992,93.93939393939394,,
540,0.20432648046579197,91.48629148629149,,
541,0.19556371560172428,92.35209235209236,,
542,0.1713366305501258,93.21789321789322,,
543,0.18252740088651362,92.06349206349206,,
544,0.18533732488342866,92.20779220779221,,
545,0.1791480015452634,92.92929292929293,,
546,0.1644554033681944,94.08369408369408,,
547,0.16110762854847213,93.93939393939394,,
548,0.18079096397645716,92.06349206349206,,
549,0.17921001163094935,93.21789321789322,,
550,0.1891960013996471,92.20779220779221,0.7068721388841605,80.51948051948052
551,0.17932355042122317,92.20779220779221,,
552,0.1821927587470795,92.06349206349206,,
553,0.16924221955594562,92.92929292929293,,
554,0.1662957945147806,93.36219336219337,,
555,0.16410096478883665,94.08369408369408,,
556,0.17944757185586088,94.08369408369408,,
557,0.1661978842902923,93.79509379509379,,
558,0.19191801062049976,91.48629148629149,,
559,0.18477930393322636,92.35209235209236,,
560,0.1961332161549323,92.4963924963925,,
561,0.16101379387220435,93.79509379509379,,
562,0.17826807936505665,93.93939393939394,,
563,0.15823869546942554,94.22799422799423,,
564,0.16494502790519514,93.21789321789322,,
565,0.1439562847577089,94.51659451659452,,
566,0.16907407437460592,92.92929292929293,,
567,0.1699507614492854,93.07359307359307,,
568,0.15845598072931708,93.36219336219337,,
569,0.1789251570233707,92.92929292929293,,
570,0.16833796559646189,93.36219336219337,,
571,0.18313819126993375,92.20779220779221,,
572,0.16890119747252003,93.65079365079364,,
573,0.17132291868651583,93.50649350649351,,
574,0.16848229433034922,93.21789321789322,,
575,0.1879251344508423,92.20779220779221,0.7498877660020605,79.22077922077922
576,0.16977982824563465,93.79509379509379,,
577,0.16648701067831137,94.37229437229438,,
578,0.15841955657306558,93.50649350649351,,
579,0.16764970182899444,92.92929292929293,,
580,0.1750114213186081,93.07359307359307,,
581,0.15611662364109255,93.36219336219337,,
582,0.15580793656140007,94.22799422799423,,
583,0.16767842293190158,93.36219336219337,,
584,0.16345172101822594,93.65079365079364,,
585,0.17414559720119013,93.50649350649351,,
586,0.19132015797138902,92.4963924963925,,
587,0.16359012510525373,94.08369408369408,,
588,0.15310442869109336,93.36219336219337,,
589,0.1826433503266537,92.4963924963925,,
590,0.18122795626284585,92.78499278499278,,
591,0.15536030400194992,93.65079365079364,,
592,0.15468897000707763,94.51659451659452,,
593,0.14605391846934782,94.22799422799423,,
594,0.15089301203752492,94.8051948051948,,
595,0.172858548929853,93.36219336219337,,
596,0.15554490984346273,94.22799422799423,,
597,0.15805360006133543,94.37229437229438,,
598,0.17278651052395158,93.07359307359307,,
599,0.1803241018609051,92.78499278499278,,
600,0.18404096057490696,92.64069264069263,0.714408524624713,79.22077922077922
601,0.1580966752758962,94.22799422799423,,
602,0.17005233826790364,93.79509379509379,,
603,0.14488283833986065,94.66089466089466,,
604,0.1701990223528675,92.20779220779221,,
605,0.1602285144713534,93.65079365079364,,
606,0.17042350184177768,92.92929292929293,,
607,0.1440228753189676,94.94949494949495,,
608,0.14705543187252026,93.93939393939394,,
609,0.1443519162882286,94.08369408369408,,
610,0.15548267629411486,93.65079365079364,,
611,0.1684229164283513,93.07359307359307,,
612,0.17009865765931545,93.21789321789322,,
613,0.15456381328350194,93.65079365079364,,
614,0.15439443285933133,94.51659451659452,,
615,0.1732126164262171,92.35209235209236,,
616,0.16164625537666408,94.51659451659452,,
617,0.1723729149367214,92.35209235209236,,
618,0.17246746166486931,93.79509379509379,,
619,0.1536242975215031,93.50649350649351,,
620,0.1564577091995944,94.37229437229438,,
621,0.1614223705661116,93.50649350649351,,
622,0.17314299132572797,92.92929292929293,,
623,0.17159864638661926,92.4963924963925,,
624,0.15432702666108225,93.07359307359307,,
625,0.14878008902357814,94.22799422799423,0.761714648890805,80.51948051948052
626,0.1608069808495165,93.65079365079364,,
627,0.1594967520856238,93.07359307359307,,
628,0.15500173935986528,94.37229437229438,,
629,0.12733002044099234,96.1038961038961,,
630,0.16048617243852795,93.50649350649351,,
631,0.15255664865261892,93.93939393939394,,
632,0.16993675140252748,93.21789321789322,,
633,0.15904069565032294,93.79509379509379,,
634,0.16831170891184483,93.07359307359307,,
635,0.16056259658085492,93.79509379509379,,
636,0.1541917689123109,93.50649350649351,,
637,0.1553823215534849,94.22799422799423,,
638,0.159118554335824,93.36219336219337,,
639,0.15662022754227445,93.36219336219337,,
640,0.18624727018876336,91.77489177489177,,
641,0.15480506368529745,95.0937950937951,,
642,0.15724311676548328,93.21789321789322,,
643,0.1542141046294402,94.66089466089466,,
644,0.15092490050097737,93.93939393939394,,
645,0.1632748394774496,93.07359307359307,,
646,0.17863627566188617,92.92929292929293,,
647,0.1645139849289155,93.93939393939394,,
648,0.16279760045019578,94.94949494949495,,
649,0.14250859605285512,94.22799422799423,,
650,0.14289115367169675,94.37229437229438,0.819343935359608,79.22077922077922
651,0.1545938425435326,93.79509379509379,,
652,0.15494427402620709,94.51659451659452,,
653,0.16183911796933387,93.93939393939394,,
654,0.1503187572586244,94.8051948051948,,
655,0.1471934775253395,94.22799422799423,,
656,0.16245886665993353,93.07359307359307,,
657,0.15501028382653453,93.36219336219337,,
658,0.15976072720979026,93.50649350649351,,
659,0.14761158879873212,94.08369408369408,,
660,0.12978685355891742,94.8051948051948,,
661,0.13941898128934324,94.8051948051948,,
662,0.16638027862638965,92.4963924963925,,
663,0.1387878686168149,94.37229437229438,,
664,0.14664946063347753,94.94949494949495,,
665,0.13631762922734753,94.66089466089466,,
666,0.14125548570160182,95.23809523809524,,
667,0.1523188626525378,94.8051948051948,,
668,0.167946402902727,92.92929292929293,,
669,0.1572018586324923,94.66089466089466,,
670,0.12569900511792212,95.67099567099567,,
671,0.13238116470938294,95.67099567099567,,
672,0.1418597653486684,94.37229437229438,,
673,0.15042241540714604,93.50649350649351,,
674,0.15648230597441332,93.50649350649351,,
675,0.13631633289620645,94.94949494949495,0.8010937726342833,81.81818181818181
676,0.133045735887237,94.66089466089466,,
677,0.14504033727047247,94.66089466089466,,
678,0.14456287525260947,94.66089466089466,,
679,0.17490112963219914,93.50649350649351,,
680,0.14314788640147508,94.51659451659452,,
681,0.1475195696773639,93.65079365079364,,
682,0.16945118225928166,93.07359307359307,,
683,0.17437477700121992,94.22799422799423,,
684,0.14238594758390177,93.93939393939394,,
685,0.15634241721674821,93.07359307359307,,
686,0.14214411063971802,94.22799422799423,,
687,0.13310024202472032,94.66089466089466,,
688,0.14853896488789012,93.36219336219337,,
689,0.15535959001485403,93.07359307359307,,
690,0.14914149914506666,95.38239538239539,,
691,0.14557430594299434,94.37229437229438,,
692,0.1503024430875633,94.08369408369408,,
693,0.14355836318426834,94.51659451659452,,
694,0.1399475700325436,95.38239538239539,,
695,0.15393803770752007,94.37229437229438,,
696,0.12874231119821597,94.8051948051948,,
697,0.14050917828544265,95.23809523809524,,
698,0.15129689844311744,94.22799422799423,,
699,0.14368204534870893,93.93939393939394,,
700,0.17284774059405575,94.08369408369408,0.8150712576779452,80.51948051948052
701,0.1486365082976106,93.07359307359307,,
702,0.15977734150996628,93.65079365079364,,
703,0.17545978506707183,92.35209235209236,,
704,0.15514617728292512,94.08369408369408,,
705,0.15098283049606143,94.08369408369408,,
706,0.15210005562499831,93.93939393939394,,
707,0.13082221568619878,94.66089466089466,,
708,0.1612462152822365,93.50649350649351,,
709,0.141834735311299,93.50649350649351,,
710,0.15530789294112124,94.37229437229438,,
711,0.1569872952427871,92.92929292929293,,
712,0.1559745745053367,93.21789321789322,,
713,0.12835377321442829,95.52669552669553,,
714,0.15302344514957453,93.21789321789322,,
715,0.12267544610804809,95.23809523809524,,
716,0.14626138081604784,94.22799422799423,,
717,0.13226852367106626,95.38239538239539,,
718,0.14992473056220046,94.8051948051948,,
719,0.1339907856633911,94.8051948051948,,
720,0.15774126376682546,94.08369408369408,,
721,0.13605280622603402,94.66089466089466,,
722,0.1597095856182331,94.66089466089466,,
723,0.1392128128682036,94.8051948051948,,
724,0.14220490193190685,93.79509379509379,,
725,0.1382358412420939,94.37229437229438,0.8206728874862969,80.51948051948052
726,0.15281721386214528,93.93939393939394,,
727,0.1428653307871901,94.8051948051948,,
728,0.13785900644323698,94.51659451659452,,
729,0.15255528486845812,93.21789321789322,,
730,0.14248165603280927,94.51659451659452,,
731,0.13111240677481778,95.0937950937951,,
732,0.1460655704463199,93.79509379509379,,
733,0.14761712231161275,93.36219336219337,,
734,0.15374925780455442,93.65079365079364,,
735,0.14927277609727427,94.22799422799423,,
736,0.15654696932688764,93.79509379509379,,
737,0.14538903457003755,94.51659451659452,,
738,0.13890077121028996,94.66089466089466,,
739,0.14894724509801077,93.65079365079364,,
740,0.14035050648373443,94.51659451659452,,
741,0.15015959765487935,92.92929292929293,,
742,0.1344637812947126,94.51659451659452,,
743,0.1515703307085739,93.07359307359307,,
744,0.13774403685053427,95.0937950937951,,
745,0.11580814651252559,95.81529581529581,,
746,0.14564545182874064,94.51659451659452,,
747,0.13046584606794223,94.8051948051948,,
748,0.13494157201972015,94.66089466089466,,
749,0.14938711710973046,93.79509379509379,,
750,0.13989708795175923,94.37229437229438,0.7850190888751637,80.51948051948052
751,0.14397592107196908,94.08369408369408,,
752,0.14067277028447106,94.8051948051948,,
753,0.13541066642813007,94.8051948051948,,
754,0.13558489105746171,94.08369408369408,,
755,0.12721457649667411,95.67099567099567,,
756,0.14363218371959305,93.93939393939394,,
757,0.1540256112512916,93.65079365079364,,
758,0.14521349959000193,94.22799422799423,,
759,0.14733796197152327,93.79509379509379,,
760,0.14691755557224467,95.23809523809524,,
761,0.15278420314020752,93.65079365079364,,
762,0.13698999157973699,94.66089466089466,,
763,0.13985860543419618,94.51659451659452,,
764,0.13745294586576598,93.93939393939394,,
765,0.13318834063821455,95.0937950937951,,
766,0.1383303633714995,94.08369408369408,,
767,0.14955720942451325,94.37229437229438,,
768,0.1420160810964405,94.08369408369408,,
769,0.13224463077049708,95.0937950937951,,
770,0.12326897898471201,95.23809523809524,,
771,0.14708775901175164,94.51659451659452,,
772,0.14405154910417003,94.37229437229438,,
773,0.1317578301439801,94.8051948051948,,
774,0.1379641086443678,94.8051948051948,,
775,0.1317326258572321,94.8051948051948,0.8014702549228421,79.22077922077922
776,0.12142544476285813,95.52669552669553,,
777,0.1321716292036904,94.8051948051948,,
778,0.1254957833073356,95.38239538239539,,
779,0.1180896637820159,95.0937950937951,,
780,0.14146470748328888,94.51659451659452,,
781,0.12718904282881585,94.51659451659452,,
782,0.14385629901165226,94.66089466089466,,
783,0.1551479935151502,94.22799422799423,,
784,0.13671644808238032,94.37229437229438,,
785,0.1441586765031966,94.37229437229438,,
786,0.13183000236534625,94.37229437229438,,
787,0.12627947926091254,94.94949494949495,,
788,0.1355975063418241,94.94949494949495,,
789,0.11783900541961623,95.67099567099567,,
790,0.1297398175168003,95.38239538239539,,
791,0.13398535720584712,94.51659451659452,,
792,0.12370489283987626,94.94949494949495,,
793,0.1202439447760066,95.67099567099567,,
794,0.12965585392446918,93.93939393939394,,
795,0.14424605073587374,94.66089466089466,,
796,0.12431103534174043,95.81529581529581,,
797,0.12566033302447496,95.0937950937951,,
798,0.12117859557765559,96.1038961038961,,
799,0.1318538227369861,93.65079365079364,,
800,0.13726973008971882,93.93939393939394,0.8509478793515788,80.51948051948052
801,0.13280638641695267,95.38239538239539,,
802,0.1316099710773252,95.23809523809524,,
803,0.1252036439066734,96.1038961038961,,
804,0.11623341789600825,95.95959595959596,,
805,0.13172307051449456,94.66089466089466,,
806,0.13576403856922536,94.8051948051948,,
807,0.14881922311081,93.65079365079364,,
808,0.14680362132097047,94.8051948051948,,
809,0.13173062166986613,94.8051948051948,,
810,0.1250762761198253,95.81529581529581,,
811,0.14139244093695416,94.51659451659452,,
812,0.13677392816130732,94.51659451659452,,
813,0.1366977902646022,95.23809523809524,,
814,0.13991304423557904,93.50649350649351,,
815,0.13399386931678434,95.0937950937951,,
816,0.13218875507814715,94.94949494949495,,
817,0.13894413452471835,95.23809523809524,,
818,0.1353856370519594,94.51659451659452,,
819,0.11515227390767692,95.67099567099567,,
820,0.1100339511299202,95.95959595959596,,
821,0.1287404585624326,94.51659451659452,,
822,0.1449238686764567,93.79509379509379,,
823,0.11330048013129104,95.52669552669553,,
824,0.11270151456111094,95.38239538239539,,
825,0.12169843211146489,95.38239538239539,0.8725009754106596,80.51948051948052
826,0.12031825620030599,95.81529581529581,,
827,0.12757166839657622,95.52669552669553,,
828,0.13915734296237237,94.66089466089466,,
829,0.12934928191194114,95.23809523809524,,
830,0.12898857848286027,94.66089466089466,,
831,0.12876842383827483,94.94949494949495,,
832,0.14137652512064572,94.8051948051948,,
833,0.11945909303633166,94.37229437229438,,
834,0.12385794425767566,95.0937950937951,,
835,0.11598580333835636,95.95959595959596,,
836,0.10674900907759714,96.1038961038961,,
837,0.121348430643135,95.52669552669553,,
838,0.11940708936529414,95.23809523809524,,
839,0.12830347134523407,95.81529581529581,,
840,0.11943583786057531,95.38239538239539,,
841,0.12740842807462807,94.8051948051948,,
842,0.12359684474045925,94.08369408369408,,
843,0.12893935790739705,94.8051948051948,,
844,0.1388420375631141,94.66089466089466,,
845,0.11116486194329861,95.81529581529581,,
846,0.12685830040712548,96.1038961038961,,
847,0.12293725735998429,94.94949494949495,,
848,0.10708181309536594,95.81529581529581,,
849,0.14433888895343047,94.08369408369408,,
850,0.1300831747605515,95.67099567099567,0.8882657637843838,79.22077922077922
851,0.10930935839059377,95.38239538239539,,
852,0.12430204230281397,95.0937950937951,,
853,0.10902946280022548,96.53679653679653,,
854,0.14094577940963046,94.51659451659452,,
855,0.13913172242617367,94.08369408369408,,
856,0.12548401887282665,96.24819624819625,,
857,0.11291913206529136,96.3924963924964,,
858,0.11612851557040972,95.23809523809524,,
859,0.11744587331967264,94.66089466089466,,
860,0.148201570086837,94.66089466089466,,
861,0.15499543276592595,93.21789321789322,,
862,0.1199963501994572,95.23809523809524,,
863,0.13400680291188227,94.8051948051948,,
864,0.11233093803493148,95.81529581529581,,
865,0.12177917156986688,95.0937950937951,,
866,0.13371999183079883,94.66089466089466,,
867,0.1229433539883915,94.66089466089466,,
868,0.11842066261508807,94.94949494949495,,
869,0.1155816779013664,96.24819624819625,,
870,0.12160043747394116,94.94949494949495,,
871,0.13168204259154256,94.66089466089466,,
872,0.11574676226217079,94.8051948051948,,
873,0.11540082915622908,95.67099567099567,,
874,0.10701658771323608,95.81529581529581,,
875,0.11518958225996807,95.23809523809524,0.9364031460378077,80.51948051948052
876,0.12721754158988144,94.37229437229438,,
877,0.10646899336946303,96.1038961038961,,
878,0.1730435611881735,93.79509379509379,,
879,0.13825313254524274,95.38239538239539,,
880,0.12514823579537168,94.94949494949495,,
881,0.1121379682823779,95.23809523809524,,
882,0.15202903321811131,94.08369408369408,,
883,0.10716478538956133,96.3924963924964,,
884,0.11077124435148197,96.1038961038961,,
885,0.13259019121033117,94.51659451659452,,
886,0.12965625648965998,94.51659451659452,,
887,0.12451433588201005,94.22799422799423,,
888,0.10749700166668721,95.67099567099567,,
889,0.11130245454598643,95.38239538239539,,
890,0.11964458408315289,95.0937950937951,,
891,0.10989212294742143,96.1038961038961,,
892,0.11756119132579491,95.67099567099567,,
893,0.13344300776440515,94.94949494949495,,
894,0.11946952871946029,95.67099567099567,,
895,0.12691548952636608,95.38239538239539,,
896,0.11310690177287396,94.94949494949495,,
897,0.12347155834130223,95.52669552669553,,
898,0.11429912341062469,95.67099567099567,,
899,0.1149494092438429,95.23809523809524,,
900,0.1065020767211226,96.68109668109668,0.9142656643669327,80.51948051948052
901,0.12227015758489633,94.66089466089466,,
902,0.12122898770853727,95.52669552669553,,
903,0.12517088966667222,94.22799422799423,,
904,0.11921598332225847,95.0937950937951,,
905,0.1143824086056869,95.81529581529581,,
906,0.15336724501345064,93.79509379509379,,
907,0.10016481491265358,96.3924963924964,,
908,0.0932293896431313,96.53679653679653,,
909,0.11657190445910005,95.67099567099567,,
910,0.11774858849561232,95.81529581529581,,
911,0.09276497963490704,96.82539682539682,,
912,0.11144592381831027,95.52669552669553,,
913,0.11301341189611112,95.95959595959596,,
914,0.08757592373209082,96.96969696969697,,
915,0.14542678431816086,94.08369408369408,,
916,0.13505689248249128,95.81529581529581,,
917,0.10578263052275558,95.81529581529581,,
918,0.10183832257002334,96.82539682539682,,
919,0.10177151895360685,95.95959595959596,,
920,0.13778256341642975,94.66089466089466,,
921,0.1085600745884371,95.38239538239539,,
922,0.09841056417507182,96.1038961038961,,
923,0.10871243157557078,95.38239538239539,,
924,0.09731752446800213,95.95959595959596,,
925,0.11291528847014792,95.95959595959596,0.9441896862797923,79.22077922077922
926,0.10321004497368443,97.11399711399712,,
927,0.1266137839309753,94.51659451659452,,
928,0.10948439129503258,96.24819624819625,,
929,0.11995656716362318,94.66089466089466,,
930,0.12327194697671122,94.94949494949495,,
931,0.12817769531499257,94.37229437229438,,
932,0.11288316205982522,95.81529581529581,,
933,0.12230021051469851,95.0937950937951,,
934,0.10438496429166752,95.81529581529581,,
935,0.0976798286040624,96.3924963924964,,
936,0.0989388911353228,95.52669552669553,,
937,0.12008767313771433,94.94949494949495,,
938,0.11825534657267436,95.38239538239539,,
939,0.12977364100784622,94.94949494949495,,
940,0.10591375631042373,96.24819624819625,,
941,0.1351089891272061,94.8051948051948,,
942,0.11271784822275112,95.95959595959596,,
943,0.10192668139074444,96.3924963924964,,
944,0.09723156463747244,96.24819624819625,,
945,0.09558663952660251,96.68109668109668,,
946,0.11932983816686002,94.22799422799423,,
947,0.09975080938222261,96.24819624819625,,
948,0.11203436766889532,96.3924963924964,,
949,0.11736623400991614,95.38239538239539,,
950,0.10926976584403374,95.95959595959596,0.9343620461302918,79.22077922077922
951,0.11530137751762141,95.67099567099567,,
952,0.10324255724317928,95.81529581529581,,
953,0.1140236710500601,95.95959595959596,,
954,0.13143314335167322,95.0937950937951,,
955,0.12369559619247827,95.23809523809524,,
956,0.08470290289683775,96.3924963924964,,
957,0.10946614018938414,96.3924963924964,,
958,0.11306873452009748,95.52669552669553,,
959,0.10930994326117063,95.0937950937951,,
960,0.10471169804296797,95.52669552669553,,
961,0.10647814589435663,95.67099567099567,,
962,0.11650792426533169,94.66089466089466,,
963,0.10938787101237117,96.1038961038961,,
964,0.11986851167541218,95.0937950937951,,
965,0.10526762045328579,95.81529581529581,,
966,0.13725365046814922,92.4963924963925,,
967,0.1115275484873963,95.38239538239539,,
968,0.11069787952721033,95.67099567099567,,
969,0.13139432748513563,94.8051948051948,,
970,0.09331084522828567,96.96969696969697,,
971,0.10153358876382634,96.68109668109668,,
972,0.0989118717223793,96.96969696969697,,
973,0.11935826237239534,95.67099567099567,,
974,0.11672917234175133,96.24819624819625,,
975,0.10303430926877183,96.53679653679653,0.9552251193430517,79.22077922077922
976,0.10207960372965401,95.81529581529581,,
977,0.10857034750917086,96.68109668109668,,
978,0.10298965368312374,95.38239538239539,,
979,0.09666700545069459,96.24819624819625,,
980,0.1109612300067409,95.95959595959596,,
981,0.11207775194816087,95.81529581529581,,
982,0.11398679147035012,96.24819624819625,,
983,0.13003890996047632,95.38239538239539,,
984,0.1002098883587523,96.1038961038961,,
985,0.08126685331598418,97.25829725829726,,
986,0.10695008791628338,95.95959595959596,,
987,0.0964227681724196,97.25829725829726,,
988,0.1045458595635313,95.67099567099567,,
989,0.11354172084088106,95.23809523809524,,
990,0.11065772657442574,96.24819624819625,,
991,0.10333488838583188,95.95959595959596,,
992,0.09608515419676082,96.82539682539682,,
993,0.10920380318233633,95.23809523809524,,
994,0.09687993752039044,95.23809523809524,,
995,0.11330336262707157,95.23809523809524,,
996,0.1097571887304364,95.52669552669553,,
997,0.09860231303226896,96.3924963924964,,
998,0.10287968877536308,95.95959595959596,,
999,0.11548733448107092,95.0937950937951,,
1000,0.10697303442512927,95.81529581529581,0.9646525119806265,83.11688311688312
