epoch,train_loss,train_acc,test_loss,test_acc
1,0.6936701432967083,51.22655122655123,0.6835459803606009,55.84415584415584
2,0.6874382820136276,56.56565656565657,,
3,0.6838935393447656,55.699855699855696,,
4,0.6812685054618043,55.84415584415584,,
5,0.6759065912571476,56.70995670995671,,
6,0.6738094486199416,54.68975468975469,,
7,0.6693429140129474,57.72005772005772,,
8,0.6657594149934953,56.132756132756136,,
9,0.660371526667222,59.01875901875902,,
10,0.6569735799172912,59.16305916305916,,
11,0.6481185772202231,60.17316017316017,,
12,0.6482129318029506,61.76046176046176,,
13,0.6423044355228694,62.48196248196248,,
14,0.641346715487443,62.62626262626262,,
15,0.6336386922806029,62.77056277056277,,
16,0.636152463213878,64.93506493506493,,
17,0.6191264064108999,68.54256854256855,,
18,0.6198657920522264,67.82106782106783,,
19,0.6222822197415956,67.38816738816739,,
20,0.6050074358093102,70.70707070707071,,
21,0.6009225595909108,68.54256854256855,,
22,0.5929832252073082,66.95526695526695,,
23,0.5836629649089357,69.84126984126983,,
24,0.5891673924430968,71.42857142857143,,
25,0.5738864399998047,69.84126984126983,0.6150969050147317,64.93506493506493
26,0.5597951508531667,73.16017316017316,,
27,0.5682480632828771,70.99567099567099,,
28,0.5586161049241456,71.86147186147186,,
29,0.554391851156821,72.72727272727273,,
30,0.5512143555829707,73.5930735930736,,
31,0.5434026620088718,73.16017316017316,,
32,0.5163676742179397,75.9018759018759,,
33,0.542341125045848,72.87157287157287,,
34,0.529461118652019,73.44877344877345,,
35,0.512973327442337,75.46897546897547,,
36,0.5144719942479594,76.33477633477634,,
37,0.5102975008979677,75.9018759018759,,
38,0.5126787467952415,75.61327561327562,,
39,0.5170408768571301,75.9018759018759,,
40,0.5007891605942796,76.91197691197691,,
41,0.49643215162929516,75.75757575757575,,
42,0.4871565906430392,75.9018759018759,,
43,0.499889637054647,76.04617604617604,,
44,0.49633501790474677,76.47907647907648,,
45,0.48612688290436373,76.47907647907648,,
46,0.4873050886487204,76.33477633477634,,
47,0.48651176355617903,77.4891774891775,,
48,0.48492046472486133,77.92207792207792,,
49,0.48879846900400487,75.75757575757575,,
50,0.4710188268927097,78.06637806637806,0.5360495633893199,71.42857142857143
51,0.46833567706193413,77.63347763347764,,
52,0.46163801859639597,76.91197691197691,,
53,0.4641203328988597,77.4891774891775,,
54,0.4658692701038344,79.22077922077922,,
55,0.46583375588467973,77.92207792207792,,
56,0.4658900651150796,78.21067821067821,,
57,0.4706926134241608,78.78787878787878,,
58,0.45241161548730097,79.50937950937951,,
59,0.4606757957869966,80.08658008658008,,
60,0.46027943225306006,79.50937950937951,,
61,0.44820389056962634,79.50937950937951,,
62,0.45108669622119885,79.50937950937951,,
63,0.4562991742705886,78.06637806637806,,
64,0.45281443928743337,78.93217893217893,,
65,0.43646416399214005,79.65367965367966,,
66,0.44612790332384095,79.07647907647907,,
67,0.44468829835648144,79.07647907647907,,
68,0.4339286568016889,81.24098124098124,,
69,0.4552841812673241,79.22077922077922,,
70,0.43111294366064523,80.66378066378067,,
71,0.4258120757504803,80.37518037518038,,
72,0.4173095488617086,82.3953823953824,,
73,0.42229697663030585,79.94227994227994,,
74,0.4226815468735165,80.95238095238095,,
75,0.4296278922158746,81.24098124098124,0.5173778533935547,70.12987012987013
76,0.42169262307546873,80.66378066378067,,
77,0.44109426501165394,77.05627705627705,,
78,0.41407973047286745,80.66378066378067,,
79,0.415603399362743,81.0966810966811,,
80,0.43050719687949013,78.35497835497836,,
81,0.4193544975262872,81.24098124098124,,
82,0.39401065417354414,82.68398268398268,,
83,0.43759161552137454,80.37518037518038,,
84,0.4164272622456626,81.81818181818181,,
85,0.4141993866682397,82.25108225108225,,
86,0.3949807949826487,82.68398268398268,,
87,0.4135721449728136,81.38528138528139,,
88,0.3992720248035194,83.11688311688312,,
89,0.4138602742987106,80.66378066378067,,
90,0.3810669007196399,84.27128427128427,,
91,0.3978968049368645,83.98268398268398,,
92,0.38235589599540565,84.27128427128427,,
93,0.3790599787648106,83.40548340548341,,
94,0.40880826876793075,81.67388167388168,,
95,0.3793924903284764,83.40548340548341,,
96,0.3968774927900983,81.52958152958153,,
97,0.38786981694540074,83.98268398268398,,
98,0.38844901959789435,81.96248196248196,,
99,0.4014196155907272,82.68398268398268,,
100,0.38753621402756994,81.52958152958153,0.4872887270017104,80.51948051948052
101,0.37017082591765543,83.69408369408369,,
102,0.38788290545451864,84.7041847041847,,
103,0.393937885761261,82.97258297258297,,
104,0.3840328925443762,82.97258297258297,,
105,0.3896644893834773,81.96248196248196,,
106,0.3882634067776227,82.1067821067821,,
107,0.38165398593588823,82.97258297258297,,
108,0.36334181167346574,87.01298701298701,,
109,0.3871058557198677,84.12698412698413,,
110,0.3862907299059638,82.82828282828282,,
111,0.3847181404393817,83.11688311688312,,
112,0.3630913719427362,84.27128427128427,,
113,0.3883103619922291,82.68398268398268,,
114,0.38397525214357636,82.53968253968254,,
115,0.37914400114469543,83.83838383838383,,
116,0.38562049253334385,83.26118326118326,,
117,0.3727690586107978,82.3953823953824,,
118,0.3683331807454427,83.40548340548341,,
119,0.4003840513516642,81.67388167388168,,
120,0.39451219147934025,81.96248196248196,,
121,0.39050750109712457,83.69408369408369,,
122,0.38296274537647956,82.53968253968254,,
123,0.36180299060341253,84.27128427128427,,
124,0.36398584592393984,83.98268398268398,,
125,0.357876146080518,84.12698412698413,0.4785321734168313,83.11688311688312
126,0.338163060973389,84.99278499278499,,
127,0.37409969323555287,82.53968253968254,,
128,0.3581563982612643,84.12698412698413,,
129,0.36159607843317165,85.85858585858585,,
130,0.36109618023360446,83.26118326118326,,
131,0.3466449420345466,85.71428571428571,,
132,0.37438919142555194,82.82828282828282,,
133,0.3666797862596498,84.27128427128427,,
134,0.36182387282838036,85.85858585858585,,
135,0.367364999105748,82.97258297258297,,
136,0.3764868237153448,84.7041847041847,,
137,0.3395572409227297,85.28138528138528,,
138,0.36308872220234095,83.26118326118326,,
139,0.3311379853364559,85.85858585858585,,
140,0.3451793279611703,83.69408369408369,,
141,0.3532121719047965,84.55988455988457,,
142,0.3553310598301853,84.7041847041847,,
143,0.33104422669132033,84.99278499278499,,
144,0.3694865669608976,83.98268398268398,,
145,0.33242451680171026,87.01298701298701,,
146,0.35704925806835447,85.28138528138528,,
147,0.3414922316611071,84.99278499278499,,
148,0.36324767857617973,83.98268398268398,,
149,0.3523788025110831,84.7041847041847,,
150,0.34061837652200916,85.42568542568543,0.5030024639971844,83.11688311688312
151,0.3436074863694619,85.85858585858585,,
152,0.35990566866738455,83.54978354978356,,
153,0.31832643347815176,86.58008658008659,,
154,0.3304232640613897,86.14718614718615,,
155,0.3289835140818641,85.56998556998558,,
156,0.34687087047323695,84.55988455988457,,
157,0.3399827749956222,84.41558441558442,,
158,0.3354412567993951,85.71428571428571,,
159,0.3399977765730105,85.28138528138528,,
160,0.34949376422261436,84.7041847041847,,
161,0.34779186295224473,86.002886002886,,
162,0.3341614982008418,86.2914862914863,,
163,0.3186436661910185,86.58008658008659,,
164,0.34991910572003837,84.27128427128427,,
165,0.353046749641885,83.26118326118326,,
166,0.3547371117583601,83.54978354978356,,
167,0.35347352266139626,85.13708513708514,,
168,0.34981580523701455,85.28138528138528,,
169,0.32728758424219456,86.14718614718615,,
170,0.31591980840908673,87.01298701298701,,
171,0.34135228851312854,84.7041847041847,,
172,0.3356429009361013,85.85858585858585,,
173,0.33370858211537974,86.002886002886,,
174,0.3266649746576601,86.86868686868686,,
175,0.314305079791797,86.86868686868686,0.5408215193779438,79.22077922077922
176,0.3285790714092585,86.72438672438672,,
177,0.32582677915842845,86.002886002886,,
178,0.322880073715254,85.85858585858585,,
179,0.33199977762943395,84.84848484848484,,
180,0.3334793292770826,87.3015873015873,,
181,0.34970701658966563,85.42568542568543,,
182,0.34977732831007474,83.69408369408369,,
183,0.3378568162649741,85.71428571428571,,
184,0.32283006666542646,85.56998556998558,,
185,0.33216413313692267,86.14718614718615,,
186,0.3179700400406148,86.43578643578644,,
187,0.32834081863514103,85.71428571428571,,
188,0.3350878364768035,85.85858585858585,,
189,0.322511530520252,85.28138528138528,,
190,0.3214274954916251,86.002886002886,,
191,0.32040111088391504,87.44588744588745,,
192,0.336385515592401,86.2914862914863,,
193,0.3223863491764316,86.002886002886,,
194,0.3119677213191298,86.2914862914863,,
195,0.3069011998426002,85.13708513708514,,
196,0.2838506250713467,88.16738816738817,,
197,0.3139343590275378,87.44588744588745,,
198,0.3159393128894624,86.86868686868686,,
199,0.33271272551445735,84.41558441558442,,
200,0.29772475830576295,86.2914862914863,0.5608231359488004,79.22077922077922
201,0.31422033351221124,86.002886002886,,
202,0.2929121790854274,87.73448773448773,,
203,0.31340498656765553,84.99278499278499,,
204,0.3148692489788474,85.71428571428571,,
205,0.337775579778663,84.41558441558442,,
206,0.3193923887752351,85.71428571428571,,
207,0.30019436740083955,87.87878787878788,,
208,0.30142225383164045,87.5901875901876,,
209,0.301921063515359,87.15728715728716,,
210,0.305060550678,86.86868686868686,,
211,0.30078499846988255,87.5901875901876,,
212,0.3170217303142575,86.002886002886,,
213,0.30066605084300213,87.87878787878788,,
214,0.3188504580338452,88.88888888888889,,
215,0.32847434944576687,85.42568542568543,,
216,0.31650900870862636,86.002886002886,,
217,0.30382686337351283,87.15728715728716,,
218,0.295304773227563,86.86868686868686,,
219,0.3020355812398902,87.44588744588745,,
220,0.2809351952733071,87.87878787878788,,
221,0.2942665974686156,87.73448773448773,,
222,0.29822536580490344,87.73448773448773,,
223,0.3029615974959529,87.01298701298701,,
224,0.3021765241633246,87.15728715728716,,
225,0.32828348161166193,86.002886002886,0.5608633899843538,79.22077922077922
226,0.27932926010431836,88.16738816738817,,
227,0.2961373737708143,86.72438672438672,,
228,0.3075821829306615,87.87878787878788,,
229,0.3119284910127026,87.87878787878788,,
230,0.3135534374185799,86.72438672438672,,
231,0.2884204727832717,86.43578643578644,,
232,0.3088399442759427,87.01298701298701,,
233,0.31179936189328095,87.44588744588745,,
234,0.30217550400359633,88.16738816738817,,
235,0.28195808399710565,88.45598845598846,,
236,0.28652025378627693,88.74458874458874,,
237,0.3038381744514812,87.3015873015873,,
238,0.3050668943151939,86.43578643578644,,
239,0.2835757565532756,87.3015873015873,,
240,0.30171233746740556,86.43578643578644,,
241,0.28563416606248027,88.60028860028861,,
242,0.3225572547871313,85.42568542568543,,
243,0.30165849479848,86.14718614718615,,
244,0.2915279784845927,87.01298701298701,,
245,0.3057268735822317,86.86868686868686,,
246,0.31115302056461186,86.72438672438672,,
247,0.30646716481851466,86.2914862914863,,
248,0.30434476875553573,87.3015873015873,,
249,0.29849672979778713,87.5901875901876,,
250,0.2900333964463436,87.3015873015873,0.5733988362473327,79.22077922077922
251,0.31775696706806256,87.3015873015873,,
252,0.29602708892216756,87.5901875901876,,
253,0.3071328062902797,87.15728715728716,,
254,0.2894697869666899,88.31168831168831,,
255,0.306299424962736,87.44588744588745,,
256,0.2850694220733505,87.87878787878788,,
257,0.2962677482230667,87.73448773448773,,
258,0.2852027283559458,89.32178932178932,,
259,0.2997741194772514,86.43578643578644,,
260,0.288018523614644,88.45598845598846,,
261,0.2963445808034267,86.58008658008659,,
262,0.28745645091131133,88.31168831168831,,
263,0.27677192411037405,88.02308802308802,,
264,0.2762082451779777,87.3015873015873,,
265,0.30569450303503615,86.43578643578644,,
266,0.2670539381442132,88.02308802308802,,
267,0.2702059427123049,88.88888888888889,,
268,0.280997450862612,87.3015873015873,,
269,0.2961485352539182,87.01298701298701,,
270,0.28476608195174136,87.73448773448773,,
271,0.2846877144335152,89.03318903318903,,
272,0.27781995351481403,88.16738816738817,,
273,0.2948146657682256,87.01298701298701,,
274,0.2731782966877991,88.88888888888889,,
275,0.2971435600372964,86.72438672438672,0.591328750183056,80.51948051948052
276,0.2845681226700759,87.73448773448773,,
277,0.2790988360412021,87.73448773448773,,
278,0.28008683144100127,89.03318903318903,,
279,0.29545987839306587,87.5901875901876,,
280,0.29032263953190346,87.01298701298701,,
281,0.2658913219817961,88.02308802308802,,
282,0.28036938164743336,87.87878787878788,,
283,0.2812775709863865,88.31168831168831,,
284,0.27748815945388605,88.60028860028861,,
285,0.2736891939010455,87.87878787878788,,
286,0.2732604702270736,88.88888888888889,,
287,0.26001467711653714,89.17748917748918,,
288,0.278148318825002,89.8989898989899,,
289,0.2713302742867243,90.18759018759019,,
290,0.2813719234941326,88.74458874458874,,
291,0.2909501727138247,87.73448773448773,,
292,0.2825349493255949,88.31168831168831,,
293,0.25661716140365876,89.03318903318903,,
294,0.27533622707467403,89.6103896103896,,
295,0.26821293573272864,86.86868686868686,,
296,0.26507138568386546,90.04329004329004,,
297,0.27605695095757216,88.16738816738817,,
298,0.2798632920476437,87.44588744588745,,
299,0.2776088582574891,88.31168831168831,,
300,0.28372318184737005,88.02308802308802,0.6013348439297119,80.51948051948052
301,0.2824992873795965,88.16738816738817,,
302,0.27718932786889233,88.88888888888889,,
303,0.28234935443294684,87.3015873015873,,
304,0.2665940634099952,86.86868686868686,,
305,0.28771999043991725,87.3015873015873,,
306,0.27485915111084863,89.17748917748918,,
307,0.275071844566092,89.17748917748918,,
308,0.26971901026467054,88.02308802308802,,
309,0.27192731794039754,87.87878787878788,,
310,0.27471508857663746,88.60028860028861,,
311,0.2528428290937026,89.8989898989899,,
312,0.2815217359843536,87.3015873015873,,
313,0.27472917303378447,88.16738816738817,,
314,0.26286739616252985,89.32178932178932,,
315,0.2575915205530274,89.8989898989899,,
316,0.2555544183711813,89.46608946608947,,
317,0.2672010627917913,88.60028860028861,,
318,0.2756242276442171,87.87878787878788,,
319,0.2632212539083858,89.46608946608947,,
320,0.26344375241370427,88.45598845598846,,
321,0.2500484162594849,89.8989898989899,,
322,0.26633796246364866,88.02308802308802,,
323,0.2639568495802033,89.03318903318903,,
324,0.25590363450208614,89.75468975468975,,
325,0.2792930112987714,87.44588744588745,0.6143085724347598,79.22077922077922
326,0.2583015537397428,88.45598845598846,,
327,0.2667949173658613,87.15728715728716,,
328,0.26545524672963916,89.6103896103896,,
329,0.2581782570218971,89.46608946608947,,
330,0.26075212762813377,90.18759018759019,,
331,0.2571134316005232,88.88888888888889,,
332,0.24139009607474698,90.04329004329004,,
333,0.2617069419586297,89.32178932178932,,
334,0.24823894404401683,88.45598845598846,,
335,0.24951112354214575,89.75468975468975,,
336,0.2517029180219679,89.17748917748918,,
337,0.2616696918294543,89.03318903318903,,
338,0.24973837792615353,89.75468975468975,,
339,0.2573606257056777,89.6103896103896,,
340,0.27204075787877624,88.31168831168831,,
341,0.2446374778258164,90.18759018759019,,
342,0.2647383541384817,89.6103896103896,,
343,0.25015999374623593,89.03318903318903,,
344,0.24582101886320595,88.74458874458874,,
345,0.24042324117595842,89.46608946608947,,
346,0.2534014194730728,89.6103896103896,,
347,0.26403132614291247,88.45598845598846,,
348,0.238129645596765,91.34199134199135,,
349,0.24157186770679975,89.32178932178932,,
350,0.23650028736130327,91.1976911976912,0.6375758640177838,79.22077922077922
351,0.24505596183251166,90.76479076479076,,
352,0.24765748628462203,89.75468975468975,,
353,0.26100320586179415,89.8989898989899,,
354,0.26095055013594,89.17748917748918,,
355,0.24142234345621189,90.04329004329004,,
356,0.2549268047702949,88.45598845598846,,
357,0.25723156741515213,88.74458874458874,,
358,0.247163968770879,91.05339105339105,,
359,0.2736954503245168,89.46608946608947,,
360,0.23455736969972585,90.33189033189034,,
361,0.26258372161725557,89.17748917748918,,
362,0.2621105221868652,90.04329004329004,,
363,0.24327165550655788,89.03318903318903,,
364,0.25068747238249317,90.33189033189034,,
365,0.2335308523147137,91.05339105339105,,
366,0.24319194213985795,89.17748917748918,,
367,0.2716877062900414,86.43578643578644,,
368,0.2692841670299849,88.88888888888889,,
369,0.24178702507872257,89.75468975468975,,
370,0.24662877118260657,90.47619047619048,,
371,0.23020046162398863,90.76479076479076,,
372,0.22166701294427998,92.06349206349206,,
373,0.24690145196078658,89.32178932178932,,
374,0.23811604931929067,91.34199134199135,,
375,0.2513413987462483,89.17748917748918,0.6818474422801625,80.51948051948052
376,0.23415950872810373,90.33189033189034,,
377,0.24612621023369385,88.88888888888889,,
378,0.2396466920601169,90.62049062049061,,
379,0.2443821473211093,89.03318903318903,,
380,0.23197385008630986,90.47619047619048,,
381,0.24899284079305364,90.18759018759019,,
382,0.2364582151260555,90.47619047619048,,
383,0.24229487544530398,90.76479076479076,,
384,0.23100088878627464,90.04329004329004,,
385,0.23943772976532643,89.8989898989899,,
386,0.23332496484120688,90.62049062049061,,
387,0.2378374994618208,90.76479076479076,,
388,0.23298453098810767,89.75468975468975,,
389,0.2662861603937108,89.03318903318903,,
390,0.2353893281168924,90.62049062049061,,
391,0.25690241833721406,89.32178932178932,,
392,0.24420620688112268,88.60028860028861,,
393,0.2598374404690482,89.6103896103896,,
394,0.25207762584670795,88.88888888888889,,
395,0.25333554429925365,88.74458874458874,,
396,0.23025827286133346,90.33189033189034,,
397,0.22740473824016977,90.33189033189034,,
398,0.24378339017366435,89.8989898989899,,
399,0.27049349527940436,88.16738816738817,,
400,0.24862118987810045,89.46608946608947,0.6353189627845566,80.51948051948052
401,0.23584331111366957,89.8989898989899,,
402,0.23189169778602808,89.8989898989899,,
403,0.2584468425180317,88.45598845598846,,
404,0.22864373886223996,90.9090909090909,,
405,0.2254903736224594,90.33189033189034,,
406,0.24665952278207046,89.8989898989899,,
407,0.2215425337719883,90.62049062049061,,
408,0.22627614638506077,91.48629148629149,,
409,0.24748781512654017,89.32178932178932,,
410,0.24020140085901534,88.88888888888889,,
411,0.21968829455485764,90.9090909090909,,
412,0.25658868515560296,91.1976911976912,,
413,0.23090716568594544,90.47619047619048,,
414,0.243201853328453,89.8989898989899,,
415,0.21948692109301407,91.63059163059162,,
416,0.23005888146626485,90.9090909090909,,
417,0.23197435240380865,91.63059163059162,,
418,0.2246805162828894,90.04329004329004,,
419,0.2233870512393302,90.9090909090909,,
420,0.22464101362710048,90.76479076479076,,
421,0.22601910324667784,91.1976911976912,,
422,0.23164931468633346,90.18759018759019,,
423,0.2512807053921027,89.8989898989899,,
424,0.24167000191638308,90.47619047619048,,
425,0.21897827271603232,90.18759018759019,0.6939057761972601,79.22077922077922
426,0.23959461085681102,89.46608946608947,,
427,0.25096824279251206,88.31168831168831,,
428,0.2111106872300565,92.06349206349206,,
429,0.22833032399674,90.76479076479076,,
430,0.2131489414995883,91.77489177489177,,
431,0.22650269037287302,90.18759018759019,,
432,0.22414664644613583,89.8989898989899,,
433,0.23265950435511823,91.34199134199135,,
434,0.22598225178941547,90.33189033189034,,
435,0.2175864041292392,91.1976911976912,,
436,0.22740610398642427,90.18759018759019,,
437,0.2485684956333897,90.62049062049061,,
438,0.20478901443371353,92.35209235209236,,
439,0.24952676711660443,90.04329004329004,,
440,0.2009608725362698,91.1976911976912,,
441,0.21167694590716996,90.76479076479076,,
442,0.22302013300197981,91.77489177489177,,
443,0.20559397695685533,92.06349206349206,,
444,0.22619657556043904,91.63059163059162,,
445,0.22553374787085673,90.33189033189034,,
446,0.21328766499934945,91.91919191919192,,
447,0.2375688035750673,90.62049062049061,,
448,0.22395378020074633,89.17748917748918,,
449,0.22246138302106705,91.34199134199135,,
450,0.2504105246686316,88.88888888888889,0.7425401458492527,81.81818181818181
451,0.21862415986573713,91.63059163059162,,
452,0.22007519006729126,91.1976911976912,,
453,0.22394361963003745,90.62049062049061,,
454,0.23625888698028796,90.47619047619048,,
455,0.22595200483374092,90.47619047619048,,
456,0.22261613459040075,91.63059163059162,,
457,0.22562741063545966,91.05339105339105,,
458,0.22556759191281867,91.05339105339105,,
459,0.20952797176862004,91.1976911976912,,
460,0.22648038900044745,90.9090909090909,,
461,0.2046569674390047,92.4963924963925,,
462,0.2152899626701597,92.20779220779221,,
463,0.21190457786789532,91.63059163059162,,
464,0.222502758815175,90.04329004329004,,
465,0.2284100917510656,89.32178932178932,,
466,0.22337855237386958,91.48629148629149,,
467,0.20709354833069474,91.48629148629149,,
468,0.2279122495031976,90.04329004329004,,
469,0.24031311677819894,89.8989898989899,,
470,0.2027858387770247,91.77489177489177,,
471,0.19579982486638156,92.35209235209236,,
472,0.22435581365877072,90.47619047619048,,
473,0.22213838507473727,91.48629148629149,,
474,0.22506966810635845,90.9090909090909,,
475,0.19900303715665274,93.07359307359307,0.761299611686112,84.41558441558442
476,0.22556074946301669,89.8989898989899,,
477,0.23936135187465563,90.18759018759019,,
478,0.2310947415030536,90.76479076479076,,
479,0.22669946627011375,91.34199134199135,,
480,0.2178402981501809,90.62049062049061,,
481,0.21679977248563911,91.48629148629149,,
482,0.21724965721691325,89.6103896103896,,
483,0.23358343057818226,91.34199134199135,,
484,0.20259494010848228,90.76479076479076,,
485,0.2059253541938154,92.06349206349206,,
486,0.2276025572502757,89.03318903318903,,
487,0.20429550028509563,90.76479076479076,,
488,0.2063075855460346,90.9090909090909,,
489,0.22476961180933283,91.48629148629149,,
490,0.1984285567423482,91.91919191919192,,
491,0.2147870006800386,90.9090909090909,,
492,0.2219981501016008,90.76479076479076,,
493,0.23077735266128144,90.18759018759019,,
494,0.1934772219621774,92.35209235209236,,
495,0.2211651657136832,90.62049062049061,,
496,0.1831022271776268,93.50649350649351,,
497,0.2170601406740764,91.63059163059162,,
498,0.21236053393000648,90.47619047619048,,
499,0.2103649800129955,91.05339105339105,,
500,0.20978063430965033,90.76479076479076,0.7695241175688706,81.81818181818181
501,0.19008047851326662,92.06349206349206,,
502,0.21010451373599826,90.76479076479076,,
503,0.21026223044826356,91.1976911976912,,
504,0.19079939348013025,92.64069264069263,,
505,0.19437283113018258,92.20779220779221,,
506,0.21161775611351752,92.06349206349206,,
507,0.21204521108491273,91.77489177489177,,
508,0.21407143729718733,91.05339105339105,,
509,0.21325419479806357,91.05339105339105,,
510,0.20458051978380648,90.76479076479076,,
511,0.22157794639231668,89.46608946608947,,
512,0.20667587373604593,92.64069264069263,,
513,0.21609528885796817,91.77489177489177,,
514,0.23076101675264074,91.05339105339105,,
515,0.18365487009071857,92.92929292929293,,
516,0.20724340791654106,91.1976911976912,,
517,0.1901727562332136,91.91919191919192,,
518,0.20736707729780657,90.76479076479076,,
519,0.21085667769823754,92.4963924963925,,
520,0.21972833505010536,90.18759018759019,,
521,0.22486738131675885,90.04329004329004,,
522,0.23400812560603731,90.04329004329004,,
523,0.20582814829647111,91.05339105339105,,
524,0.194521612935252,91.77489177489177,,
525,0.20151575387040258,90.9090909090909,0.787531905360036,77.92207792207792
526,0.2049628184815334,92.06349206349206,,
527,0.2000200388493476,92.92929292929293,,
528,0.21379816846070007,91.05339105339105,,
529,0.21381148501349045,92.20779220779221,,
530,0.22035873630776207,90.9090909090909,,
531,0.2075116437621963,89.8989898989899,,
532,0.20589492845242846,91.1976911976912,,
533,0.2097406659119401,90.33189033189034,,
534,0.20018973226241046,91.77489177489177,,
535,0.20696959957415922,91.34199134199135,,
536,0.21049547430885818,91.63059163059162,,
537,0.20681513106506882,91.1976911976912,,
538,0.213319925518779,91.05339105339105,,
539,0.21146042996004202,90.62049062049061,,
540,0.18514430402505277,92.35209235209236,,
541,0.1935998708074227,92.4963924963925,,
542,0.20091914625308901,92.20779220779221,,
543,0.2030748947258786,91.1976911976912,,
544,0.21124397481362972,90.76479076479076,,
545,0.1935487673839643,91.34199134199135,,
546,0.19952564262939565,92.20779220779221,,
547,0.1857608818861657,92.92929292929293,,
548,0.18956227142035875,91.91919191919192,,
549,0.2130678960083195,89.75468975468975,,
550,0.17861300666008847,92.78499278499278,0.7496533165504407,81.81818181818181
551,0.1839069307366491,92.20779220779221,,
552,0.17674964530632695,94.51659451659452,,
553,0.19888114516353195,91.91919191919192,,
554,0.19637866535400073,91.48629148629149,,
555,0.2004049580334585,92.78499278499278,,
556,0.19612919445677754,91.91919191919192,,
557,0.1905080380528348,92.4963924963925,,
558,0.19215475854935585,92.4963924963925,,
559,0.19079090334464288,92.78499278499278,,
560,0.21045932447078167,90.18759018759019,,
561,0.19521536411446067,92.20779220779221,,
562,0.19705168681399302,92.64069264069263,,
563,0.193280930868733,91.63059163059162,,
564,0.21585649615328378,91.1976911976912,,
565,0.2002429792289266,92.06349206349206,,
566,0.19390079889763656,92.06349206349206,,
567,0.19655437993280817,91.48629148629149,,
568,0.18948022468609554,92.35209235209236,,
569,0.17265116879219272,92.78499278499278,,
570,0.22083920558637699,90.04329004329004,,
571,0.2134136480062899,90.62049062049061,,
572,0.1929115994496091,91.91919191919192,,
573,0.1944266360731524,92.92929292929293,,
574,0.20910461822223633,92.06349206349206,,
575,0.1891811394158208,92.64069264069263,0.7393066132223451,81.81818181818181
576,0.20142559018012937,92.20779220779221,,
577,0.19427145748771457,92.35209235209236,,
578,0.20481775380660272,90.47619047619048,,
579,0.19920416932128382,91.63059163059162,,
580,0.174603632174185,92.92929292929293,,
581,0.2000921487077146,92.4963924963925,,
582,0.19013931934451644,92.64069264069263,,
583,0.19772547358192752,91.48629148629149,,
584,0.17925831262683456,93.21789321789322,,
585,0.18505602059039203,93.36219336219337,,
586,0.1780719922809804,92.35209235209236,,
587,0.20239389770560795,91.77489177489177,,
588,0.17204355360593374,92.92929292929293,,
589,0.19562018463793943,92.20779220779221,,
590,0.19996432669751055,92.92929292929293,,
591,0.19795906029790802,91.91919191919192,,
592,0.19979326222710106,91.48629148629149,,
593,0.2100350537255385,91.63059163059162,,
594,0.18633047141898074,92.64069264069263,,
595,0.18569856026299933,91.63059163059162,,
596,0.1852589359703174,92.20779220779221,,
597,0.19360444701208182,92.78499278499278,,
598,0.18794638700621985,93.36219336219337,,
599,0.2001569184325474,91.63059163059162,,
600,0.20110035867230028,91.77489177489177,0.7661535794084723,81.81818181818181
601,0.17465489710886756,94.37229437229438,,
602,0.18659794391878756,92.4963924963925,,
603,0.1867764765910084,92.78499278499278,,
604,0.18708851465802173,92.4963924963925,,
605,0.19977430727273698,91.63059163059162,,
606,0.18665441565355353,92.20779220779221,,
607,0.18443764666630247,91.77489177489177,,
608,0.18734626244070898,93.07359307359307,,
609,0.17221742768974876,92.64069264069263,,
610,0.18121518520705543,94.08369408369408,,
611,0.201175611041497,90.76479076479076,,
612,0.19250235391557646,91.05339105339105,,
613,0.1635925637297386,93.50649350649351,,
614,0.1763577400175868,92.92929292929293,,
615,0.18006514333199286,92.4963924963925,,
616,0.2054889803754991,90.47619047619048,,
617,0.17036326218821096,93.65079365079364,,
618,0.1734683754898253,93.21789321789322,,
619,0.18172338058766177,92.35209235209236,,
620,0.1913468600351573,91.48629148629149,,
621,0.16138700895753258,93.50649350649351,,
622,0.19013041941634504,91.1976911976912,,
623,0.16825458880454774,93.93939393939394,,
624,0.18607292084552854,92.35209235209236,,
625,0.1954260178953194,91.48629148629149,0.745624445088498,81.81818181818181
626,0.19261099224504283,91.91919191919192,,
627,0.20044567574670305,91.48629148629149,,
628,0.1772322343127509,93.07359307359307,,
629,0.16401683191888433,93.07359307359307,,
630,0.17960429050211094,94.08369408369408,,
631,0.1748142885030778,92.78499278499278,,
632,0.18003230171028153,92.35209235209236,,
633,0.17829850060169142,91.91919191919192,,
634,0.164478470774268,92.64069264069263,,
635,0.17016358181167646,92.92929292929293,,
636,0.19288986325694024,92.20779220779221,,
637,0.18830426172776657,92.4963924963925,,
638,0.16738860872486797,93.21789321789322,,
639,0.18445897867841293,92.20779220779221,,
640,0.17798592937199068,92.78499278499278,,
641,0.16968610130175196,92.20779220779221,,
642,0.17629409705061588,93.93939393939394,,
643,0.19161753307001242,91.77489177489177,,
644,0.1820141871340175,92.92929292929293,,
645,0.16311125635756732,93.65079365079364,,
646,0.18983803098163907,91.48629148629149,,
647,0.18227384640454902,93.07359307359307,,
648,0.17937287064685795,92.78499278499278,,
649,0.1691317716626851,93.79509379509379,,
650,0.1905602594719283,92.35209235209236,0.824659196587352,81.81818181818181
651,0.15270149364830957,93.65079365079364,,
652,0.16426974427476418,93.79509379509379,,
653,0.18301017584566776,92.78499278499278,,
654,0.17435070149826282,92.78499278499278,,
655,0.1797393009894424,92.20779220779221,,
656,0.17793752387983114,93.21789321789322,,
657,0.1548069382320235,94.22799422799423,,
658,0.18926646706646827,91.48629148629149,,
659,0.18861320868543044,91.34199134199135,,
660,0.16873288592108637,93.79509379509379,,
661,0.17513107447139112,93.79509379509379,,
662,0.19798709862848038,91.48629148629149,,
663,0.18484485665441075,92.06349206349206,,
664,0.17271794823319536,93.07359307359307,,
665,0.1850229147042203,92.35209235209236,,
666,0.1809917233809076,91.63059163059162,,
667,0.162200767455507,92.4963924963925,,
668,0.17815660802488892,93.07359307359307,,
669,0.16129822647373743,93.50649350649351,,
670,0.1670551754394479,93.07359307359307,,
671,0.1725531607909292,92.92929292929293,,
672,0.17022333595724332,92.06349206349206,,
673,0.17033144114014906,92.78499278499278,,
674,0.1706112509036993,92.92929292929293,,
675,0.17741622213505392,93.79509379509379,0.7907039646978502,80.51948051948052
676,0.17723826169537604,92.92929292929293,,
677,0.17729565144273282,92.20779220779221,,
678,0.1665029043592459,92.78499278499278,,
679,0.15568090182921243,94.08369408369408,,
680,0.18260070134335954,92.64069264069263,,
681,0.17214544399132117,93.36219336219337,,
682,0.17351729765770926,92.92929292929293,,
683,0.15983358906611564,93.93939393939394,,
684,0.16519794477657837,93.79509379509379,,
685,0.16906362946157333,92.35209235209236,,
686,0.18327789965474073,92.4963924963925,,
687,0.17066160231441646,93.07359307359307,,
688,0.17062908832472984,92.4963924963925,,
689,0.16934889715170276,92.64069264069263,,
690,0.17710613402636105,92.20779220779221,,
691,0.16752872202131483,91.77489177489177,,
692,0.16950622262785273,93.21789321789322,,
693,0.17695342345918497,92.20779220779221,,
694,0.18757464336486693,92.35209235209236,,
695,0.19424092619106023,91.63059163059162,,
696,0.17171843656846744,93.79509379509379,,
697,0.16209640019555802,93.79509379509379,,
698,0.1571990859575172,93.36219336219337,,
699,0.16725120120406323,93.21789321789322,,
700,0.15895186758144594,93.65079365079364,0.8700454494395813,80.51948051948052
701,0.20661277318585658,91.34199134199135,,
702,0.1729189694434415,92.92929292929293,,
703,0.17175523642165663,92.35209235209236,,
704,0.16791224307656116,93.50649350649351,,
705,0.17576582800774349,92.35209235209236,,
706,0.15476000708935064,94.37229437229438,,
707,0.1529812602511732,93.79509379509379,,
708,0.18834733008306265,93.50649350649351,,
709,0.1923481561404802,92.92929292929293,,
710,0.18729561287775356,91.91919191919192,,
711,0.16537508637272091,93.50649350649351,,
712,0.1521400635978704,93.65079365079364,,
713,0.15324016192237191,93.65079365079364,,
714,0.16546820673935686,93.79509379509379,,
715,0.17989559442310193,92.78499278499278,,
716,0.15421441592501872,93.50649350649351,,
717,0.14790414270513502,94.37229437229438,,
718,0.14207661184139583,95.81529581529581,,
719,0.15795042672198573,93.07359307359307,,
720,0.16925948509384717,93.21789321789322,,
721,0.15187153254580532,93.93939393939394,,
722,0.16236158095913017,93.07359307359307,,
723,0.16594174391930067,94.22799422799423,,
724,0.15826034859833435,93.79509379509379,,
725,0.15720904609631925,93.36219336219337,0.8812736237978006,79.22077922077922
726,0.16772240088529572,93.50649350649351,,
727,0.1599262844647508,94.08369408369408,,
728,0.14764920251194016,94.66089466089466,,
729,0.1656139011764939,92.4963924963925,,
730,0.16279131660041699,93.36219336219337,,
731,0.14427822926263142,94.66089466089466,,
732,0.16052227717801434,93.65079365079364,,
733,0.18546516591787854,91.91919191919192,,
734,0.15037842690514625,93.50649350649351,,
735,0.14532607947550122,94.94949494949495,,
736,0.1514637836646208,93.36219336219337,,
737,0.15381634006583136,93.79509379509379,,
738,0.16458737644841318,93.65079365079364,,
739,0.15854483066613195,93.79509379509379,,
740,0.16186917873172016,93.21789321789322,,
741,0.16928941722351837,94.22799422799423,,
742,0.14837710017507727,94.51659451659452,,
743,0.14635575543363372,94.08369408369408,,
744,0.12470422166401002,95.38239538239539,,
745,0.149881358851086,93.79509379509379,,
746,0.14080012842346235,93.93939393939394,,
747,0.14967027009823622,93.07359307359307,,
748,0.16221893354067726,93.07359307359307,,
749,0.15130004419005794,94.37229437229438,,
750,0.14485612371331685,94.22799422799423,0.8516246715149323,81.81818181818181
751,0.16007848596805102,93.50649350649351,,
752,0.14805154891585204,93.79509379509379,,
753,0.1633525306700284,93.50649350649351,,
754,0.1439667838755968,93.93939393939394,,
755,0.14692759801987101,94.08369408369408,,
756,0.14689180495763066,93.79509379509379,,
757,0.1466851159701766,93.65079365079364,,
758,0.14207153450724538,95.0937950937951,,
759,0.16352444590428175,93.07359307359307,,
760,0.15153547682534652,93.79509379509379,,
761,0.14164940074010932,94.08369408369408,,
762,0.15751342696082626,93.65079365079364,,
763,0.146840668429888,94.51659451659452,,
764,0.1763578396973242,92.92929292929293,,
765,0.14990514492102688,94.37229437229438,,
766,0.15100446597150222,94.8051948051948,,
767,0.14372472146802823,94.08369408369408,,
768,0.1496257981524667,93.79509379509379,,
769,0.13594571955254756,94.22799422799423,,
770,0.14618725285020054,94.51659451659452,,
771,0.146488111041497,94.51659451659452,,
772,0.1431032470810465,94.51659451659452,,
773,0.17369506496285636,92.64069264069263,,
774,0.15640290257820663,93.65079365079364,,
775,0.15052472067859782,93.65079365079364,0.8693259304220026,83.11688311688312
776,0.15068298167566543,94.66089466089466,,
777,0.1725886208455456,93.21789321789322,,
778,0.17171200228825448,91.91919191919192,,
779,0.1398244680780353,94.94949494949495,,
780,0.15177436078351642,93.93939393939394,,
781,0.14197981178029448,94.51659451659452,,
782,0.15813246455371466,94.8051948051948,,
783,0.15332572332020275,93.65079365079364,,
784,0.14380891842587515,94.22799422799423,,
785,0.15815956788446653,93.21789321789322,,
786,0.15462321426832315,93.65079365079364,,
787,0.1653348096091338,93.36219336219337,,
788,0.15134012374441,93.79509379509379,,
789,0.17043276111800948,92.92929292929293,,
790,0.1559157350448647,94.51659451659452,,
791,0.16204046671954755,93.36219336219337,,
792,0.13532760267348862,95.0937950937951,,
793,0.15223389852141578,93.93939393939394,,
794,0.1501598705633034,94.22799422799423,,
795,0.15618835917497953,93.79509379509379,,
796,0.15993994612026352,93.50649350649351,,
797,0.16471749089771148,92.06349206349206,,
798,0.1490977727290657,93.36219336219337,,
799,0.13283403708047165,95.38239538239539,,
800,0.17594879925853074,93.65079365079364,0.9084652716463263,80.51948051948052
801,0.1467794633186913,94.08369408369408,,
802,0.15890498420634827,93.36219336219337,,
803,0.1390367734741855,94.66089466089466,,
804,0.13916697377852374,94.51659451659452,,
805,0.15226323382248955,93.93939393939394,,
806,0.13499053280590934,94.37229437229438,,
807,0.12136336761119562,95.23809523809524,,
808,0.15893520654312202,94.08369408369408,,
809,0.16583169709143872,93.50649350649351,,
810,0.15501156285899714,93.79509379509379,,
811,0.14619559625870565,94.51659451659452,,
812,0.14732117523018587,94.94949494949495,,
813,0.16256287355314603,93.07359307359307,,
814,0.14153127526544562,94.51659451659452,,
815,0.15998363183088288,92.78499278499278,,
816,0.15258629491060843,93.21789321789322,,
817,0.16270869230639196,94.22799422799423,,
818,0.16458519781478728,93.36219336219337,,
819,0.16220031218525308,93.50649350649351,,
820,0.15690082707274355,94.22799422799423,,
821,0.14960730796166485,93.93939393939394,,
822,0.1403678044418752,93.93939393939394,,
823,0.12138264816560787,95.38239538239539,,
824,0.15544259933080165,92.78499278499278,,
825,0.1414115507193286,94.8051948051948,0.8962886240575221,79.22077922077922
826,0.16256614283135787,93.93939393939394,,
827,0.14678055671558407,93.93939393939394,,
828,0.1539263894504627,93.65079365079364,,
829,0.1417052462847546,94.8051948051948,,
830,0.15195348385780577,93.65079365079364,,
831,0.13825045916296186,93.79509379509379,,
832,0.1426948695934094,93.50649350649351,,
833,0.13974583632760235,94.66089466089466,,
834,0.15297016789558818,94.66089466089466,,
835,0.14790449389303573,94.66089466089466,,
836,0.12998736411075054,96.24819624819625,,
837,0.15732464168494914,92.78499278499278,,
838,0.15064748287372948,93.21789321789322,,
839,0.1348388155903479,94.37229437229438,,
840,0.14702143073942067,94.08369408369408,,
841,0.14470090846091638,93.65079365079364,,
842,0.1478667091497611,94.66089466089466,,
843,0.1367806416719851,94.66089466089466,,
844,0.155007606374925,94.08369408369408,,
845,0.1542365514225774,93.07359307359307,,
846,0.15073719853266515,93.79509379509379,,
847,0.1382440630276654,93.93939393939394,,
848,0.14034092978911655,93.65079365079364,,
849,0.1173175232105957,95.81529581529581,,
850,0.12973581956535535,94.51659451659452,0.8784242659420162,80.51948051948052
851,0.14192993343844043,93.93939393939394,,
852,0.14572546551270144,94.22799422799423,,
853,0.1378761888327128,94.94949494949495,,
854,0.16307917673780462,93.79509379509379,,
855,0.1596210885142523,94.66089466089466,,
856,0.15759483532386082,94.22799422799423,,
857,0.13326249072734067,94.94949494949495,,
858,0.14762700782303906,93.65079365079364,,
859,0.15184001180559697,94.94949494949495,,
860,0.1370785931127971,95.23809523809524,,
861,0.14314144228357945,94.66089466089466,,
862,0.13162789449719295,95.23809523809524,,
863,0.14258886978546262,94.66089466089466,,
864,0.13435393492294767,93.79509379509379,,
865,0.11884314114225203,95.0937950937951,,
866,0.1351414079445953,95.23809523809524,,
867,0.14068333733783872,94.37229437229438,,
868,0.13733486909940731,94.37229437229438,,
869,0.1407437597389345,94.66089466089466,,
870,0.13757541964924525,94.51659451659452,,
871,0.15352011534881282,93.79509379509379,,
872,0.1468272565630188,94.51659451659452,,
873,0.1513290171972429,93.65079365079364,,
874,0.15306037290271743,93.21789321789322,,
875,0.1409764610456698,94.51659451659452,0.8689011161203508,81.81818181818181
876,0.12216470091674923,94.94949494949495,,
877,0.1350100448873824,94.94949494949495,,
878,0.1305371213161412,94.8051948051948,,
879,0.1354362051154542,95.23809523809524,,
880,0.1301518271772613,94.66089466089466,,
881,0.16278549596602782,93.36219336219337,,
882,0.1329888989557586,95.0937950937951,,
883,0.13813424549061498,94.08369408369408,,
884,0.133698060829058,95.81529581529581,,
885,0.12858890930209496,94.37229437229438,,
886,0.1434648809967963,94.37229437229438,,
887,0.1296279395555521,94.66089466089466,,
888,0.13028083373973895,94.66089466089466,,
889,0.1432065534557271,94.51659451659452,,
890,0.1431874477265545,94.51659451659452,,
891,0.1386877027747435,94.37229437229438,,
892,0.15417031853487997,94.37229437229438,,
893,0.14777332166422152,94.51659451659452,,
894,0.13688510260712705,94.08369408369408,,
895,0.10992553357094054,96.1038961038961,,
896,0.11685737025686156,95.23809523809524,,
897,0.13515239104650065,95.23809523809524,,
898,0.15261668013072804,93.65079365079364,,
899,0.13524623363565058,94.66089466089466,,
900,0.1442923309741082,94.22799422799423,0.9593304736273629,80.51948051948052
901,0.12782704695846892,93.65079365079364,,
902,0.1330637081135145,95.67099567099567,,
903,0.13646399624871486,95.23809523809524,,
904,0.12898656711940523,94.66089466089466,,
905,0.13034074870710938,93.93939393939394,,
906,0.1396948771731334,94.08369408369408,,
907,0.1321504646404895,94.37229437229438,,
908,0.1380502420328396,94.8051948051948,,
909,0.14352849768515016,93.79509379509379,,
910,0.1402482594461496,94.08369408369408,,
911,0.1345546545533391,94.51659451659452,,
912,0.1326040132710385,94.94949494949495,,
913,0.14535558002249674,95.23809523809524,,
914,0.12492039838394561,94.51659451659452,,
915,0.1509667132264823,93.50649350649351,,
916,0.13216087901575052,94.66089466089466,,
917,0.12670752808215127,94.66089466089466,,
918,0.13205357918362598,94.94949494949495,,
919,0.1291193643431643,95.67099567099567,,
920,0.14655461331391317,94.22799422799423,,
921,0.13801254740611127,94.08369408369408,,
922,0.15535527129064908,94.22799422799423,,
923,0.13599604037072924,94.22799422799423,,
924,0.10927491227613727,96.24819624819625,,
925,0.14451766359212595,93.93939393939394,0.9280998664242881,80.51948051948052
926,0.11997475825561933,96.24819624819625,,
927,0.1434826050356869,94.37229437229438,,
928,0.13568446911538146,94.8051948051948,,
929,0.12147225303142661,95.81529581529581,,
930,0.13241894220634973,94.37229437229438,,
931,0.14118230337019025,94.51659451659452,,
932,0.13719743593430622,94.37229437229438,,
933,0.13150134664378296,95.38239538239539,,
934,0.11814635287981055,96.1038961038961,,
935,0.10920989504258698,95.67099567099567,,
936,0.13114536621353842,94.66089466089466,,
937,0.143896040720341,95.38239538239539,,
938,0.1409473715277461,94.8051948051948,,
939,0.12094988855620656,95.0937950937951,,
940,0.12226014193900005,95.23809523809524,,
941,0.1478469344272586,94.51659451659452,,
942,0.11953793979998446,95.23809523809524,,
943,0.12625678320123693,95.67099567099567,,
944,0.13128762388290113,94.51659451659452,,
945,0.13345438092920128,94.66089466089466,,
946,0.13232805328860256,94.66089466089466,,
947,0.12075142848908815,94.94949494949495,,
948,0.13688733308303236,94.8051948051948,,
949,0.14306465307355443,94.51659451659452,,
950,0.13356253554208627,95.95959595959596,0.9315777022343177,81.81818181818181
951,0.13929665759528354,94.22799422799423,,
952,0.13492144220663183,94.51659451659452,,
953,0.12552278130859523,94.94949494949495,,
954,0.1083479421041922,95.52669552669553,,
955,0.13130344519281456,94.66089466089466,,
956,0.13296147037034084,94.66089466089466,,
957,0.12828093337118196,95.38239538239539,,
958,0.13659974989651946,94.37229437229438,,
959,0.1473614289647057,93.36219336219337,,
960,0.11142203209634123,95.81529581529581,,
961,0.12282033227276579,94.66089466089466,,
962,0.11686393376681711,95.67099567099567,,
963,0.11603599265862853,95.52669552669553,,
964,0.12377362604781146,95.38239538239539,,
965,0.1427841221142297,94.51659451659452,,
966,0.12388947937223646,94.66089466089466,,
967,0.14781086426362675,94.94949494949495,,
968,0.14350230654252727,93.93939393939394,,
969,0.14490476323566612,94.22799422799423,,
970,0.10897153810010672,95.81529581529581,,
971,0.11663427200668301,95.38239538239539,,
972,0.11705598318720879,96.3924963924964,,
973,0.1235726292219556,94.8051948051948,,
974,0.12819651558371678,95.23809523809524,,
975,0.11476619328300953,95.81529581529581,0.9476177824008001,81.81818181818181
976,0.12912977752924196,94.22799422799423,,
977,0.12296250848500072,94.94949494949495,,
978,0.11186220036741631,95.0937950937951,,
979,0.12156716730676774,95.0937950937951,,
980,0.11910244899910766,95.67099567099567,,
981,0.12062476875064262,95.38239538239539,,
982,0.12772964733460593,95.38239538239539,,
983,0.10920738146780126,96.24819624819625,,
984,0.14167225707058956,94.08369408369408,,
985,0.13044392681461564,95.81529581529581,,
986,0.141457605671573,95.38239538239539,,
987,0.11759470859851585,95.38239538239539,,
988,0.12014666389980358,94.37229437229438,,
989,0.13200566637286754,95.0937950937951,,
990,0.1598217101931615,94.37229437229438,,
991,0.11098641683958997,95.0937950937951,,
992,0.13559055444179707,94.94949494949495,,
993,0.11518517687035157,95.52669552669553,,
994,0.13397512813925228,94.37229437229438,,
995,0.1257659567178672,95.52669552669553,,
996,0.12134583055715024,95.67099567099567,,
997,0.1480873181104316,93.36219336219337,,
998,0.12774467089113983,95.67099567099567,,
999,0.12275067283563627,94.8051948051948,,
1000,0.1239324073215831,96.24819624819625,0.9793934729192164,79.22077922077922
