epoch,train_loss,train_acc,test_loss,test_acc
1,0.6899808160154335,55.84415584415584,0.6860714330301656,55.84415584415584
2,0.6859144956346542,55.98845598845599,,
3,0.685255092803878,55.98845598845599,,
4,0.6843143551896661,55.98845598845599,,
5,0.6809309871509822,55.98845598845599,,
6,0.6781896780235599,55.98845598845599,,
7,0.6755764548912709,55.98845598845599,,
8,0.6694590801972503,55.98845598845599,,
9,0.6650938292774459,55.98845598845599,,
10,0.6563296472871458,55.98845598845599,,
11,0.6509638623929815,56.277056277056275,,
12,0.6411695605920679,57.142857142857146,,
13,0.6323053694906688,60.317460317460316,,
14,0.6192248565982087,64.93506493506493,,
15,0.6016012883461571,67.38816738816739,,
16,0.6043669285540285,66.37806637806638,,
17,0.5902870475901841,67.67676767676768,,
18,0.5875918804137049,70.70707070707071,,
19,0.5764197041461994,71.28427128427128,,
20,0.5619866872934725,71.13997113997114,,
21,0.5583593673348255,72.43867243867244,,
22,0.5543236797850197,74.02597402597402,,
23,0.5567143206816559,71.86147186147186,,
24,0.5322188799945479,74.31457431457432,,
25,0.5476794958458663,73.16017316017316,0.5579148511607925,68.83116883116882
26,0.5331878459986842,73.88167388167388,,
27,0.5123314963274704,76.04617604617604,,
28,0.5196087491116654,73.73737373737374,,
29,0.5243845532552849,73.73737373737374,,
30,0.5136311873901114,75.18037518037518,,
31,0.5202274794272358,74.31457431457432,,
32,0.5007567802634935,76.33477633477634,,
33,0.5148175689909193,74.45887445887446,,
34,0.5098480641153812,76.62337662337663,,
35,0.4814631251072643,76.76767676767676,,
36,0.49112813864951527,77.05627705627705,,
37,0.47832767056868364,77.4891774891775,,
38,0.46545349381874823,78.21067821067821,,
39,0.4780396132113098,77.2005772005772,,
40,0.46487790741789736,75.75757575757575,,
41,0.4916194428785195,75.61327561327562,,
42,0.4754006512151308,76.76767676767676,,
43,0.46973192347764625,77.05627705627705,,
44,0.48083162617373776,76.76767676767676,,
45,0.4666505828392282,76.91197691197691,,
46,0.4591317759963857,79.79797979797979,,
47,0.47479785684211256,79.36507936507937,,
48,0.4580791201254334,79.50937950937951,,
49,0.46398311874911213,79.36507936507937,,
50,0.4592402300449333,79.50937950937951,0.48566382155789956,75.32467532467533
51,0.4623328513569302,78.35497835497836,,
52,0.46120786684072035,77.92207792207792,,
53,0.4469589332567493,78.4992784992785,,
54,0.4487505267020772,78.64357864357865,,
55,0.45723446786489663,78.93217893217893,,
56,0.4481305838663341,78.93217893217893,,
57,0.4476677556918641,79.07647907647907,,
58,0.4372140150651615,79.50937950937951,,
59,0.46152887629912187,79.07647907647907,,
60,0.44414906855269426,78.64357864357865,,
61,0.4453456419886965,80.37518037518038,,
62,0.44558895244914903,78.35497835497836,,
63,0.44572621540933804,79.79797979797979,,
64,0.42942182033781023,81.38528138528139,,
65,0.4314674325663634,80.51948051948052,,
66,0.41625021924876204,81.67388167388168,,
67,0.4328826277545004,79.22077922077922,,
68,0.45591255299972766,78.21067821067821,,
69,0.42625679776696074,79.36507936507937,,
70,0.42422012049398383,80.8080808080808,,
71,0.4148909898654895,81.96248196248196,,
72,0.43246687672397965,79.36507936507937,,
73,0.4329969458077721,79.36507936507937,,
74,0.4228918723127715,80.95238095238095,,
75,0.42337702264173377,80.51948051948052,0.4673868328719944,81.81818181818181
76,0.40999822974377037,81.24098124098124,,
77,0.4182692923157074,80.08658008658008,,
78,0.41668432447817416,80.37518037518038,,
79,0.43162320831637363,81.0966810966811,,
80,0.42872848745548364,79.79797979797979,,
81,0.417019879534131,81.24098124098124,,
82,0.431529263999383,79.36507936507937,,
83,0.4195892884574755,80.23088023088023,,
84,0.41834847992460794,81.67388167388168,,
85,0.4132079269204821,80.37518037518038,,
86,0.37771993656179087,82.25108225108225,,
87,0.40418038038808374,81.67388167388168,,
88,0.42262879783801016,80.51948051948052,,
89,0.42876160230815497,79.50937950937951,,
90,0.399090685885706,81.81818181818181,,
91,0.4155138264830838,80.8080808080808,,
92,0.41937764849067594,81.24098124098124,,
93,0.38906991868824153,81.96248196248196,,
94,0.39826395853945357,81.67388167388168,,
95,0.40836445671139343,82.3953823953824,,
96,0.3816860148529986,84.55988455988457,,
97,0.40527659618063233,80.23088023088023,,
98,0.40295881927443444,82.68398268398268,,
99,0.4003410624907302,80.37518037518038,,
100,0.39477081697912614,82.1067821067821,0.440960807459695,81.81818181818181
101,0.40260407616737776,80.08658008658008,,
102,0.39811345973572176,81.52958152958153,,
103,0.3951674833098187,83.69408369408369,,
104,0.41719659307130313,80.37518037518038,,
105,0.3929455301806352,83.83838383838383,,
106,0.3984470718565785,81.0966810966811,,
107,0.400019454061555,82.25108225108225,,
108,0.386147133930765,81.38528138528139,,
109,0.381952473955581,82.25108225108225,,
110,0.4011827626226612,80.37518037518038,,
111,0.40041286712257035,82.1067821067821,,
112,0.38888123816397974,83.69408369408369,,
113,0.3851763922586758,82.68398268398268,,
114,0.40523664466230386,81.96248196248196,,
115,0.37806165282860466,83.26118326118326,,
116,0.3781105862852471,83.54978354978356,,
117,0.3806848270982547,82.97258297258297,,
118,0.3878177852083594,82.25108225108225,,
119,0.4070057495245858,80.8080808080808,,
120,0.3731045511807886,82.82828282828282,,
121,0.4072787207786483,80.66378066378067,,
122,0.3878395127355622,82.1067821067821,,
123,0.38402907303057365,82.68398268398268,,
124,0.3738854005395248,83.98268398268398,,
125,0.37628789691181924,83.11688311688312,0.44950672403558506,81.81818181818181
126,0.3733551992052389,83.83838383838383,,
127,0.3560821669872361,84.12698412698413,,
128,0.360172524510696,84.12698412698413,,
129,0.3841327471822543,81.52958152958153,,
130,0.3966570736095847,81.38528138528139,,
131,0.37523804938294325,82.68398268398268,,
132,0.379254502092433,82.68398268398268,,
133,0.38790624576901633,81.67388167388168,,
134,0.3687888008648527,85.56998556998558,,
135,0.3670231353324901,83.11688311688312,,
136,0.3731365998155971,83.40548340548341,,
137,0.36071048274872797,83.40548340548341,,
138,0.3761151111960239,82.53968253968254,,
139,0.37462501668654824,82.25108225108225,,
140,0.37980589941466525,82.25108225108225,,
141,0.36583338538117566,82.97258297258297,,
142,0.3641063252310732,83.54978354978356,,
143,0.34535589521753496,83.83838383838383,,
144,0.3611208818218581,84.12698412698413,,
145,0.3734796136445641,84.27128427128427,,
146,0.3575056465114178,83.40548340548341,,
147,0.3931286602911323,82.3953823953824,,
148,0.37697167004341686,83.69408369408369,,
149,0.384035122342956,83.40548340548341,,
150,0.36839212333141125,83.54978354978356,0.4695654155372025,80.51948051948052
151,0.35075749454732236,84.55988455988457,,
152,0.3658144637877807,83.83838383838383,,
153,0.36958623801130924,83.26118326118326,,
154,0.36553675703930133,83.40548340548341,,
155,0.3625060183145267,83.40548340548341,,
156,0.35603037384079306,84.12698412698413,,
157,0.33922660849655173,85.13708513708514,,
158,0.3594139651388661,85.28138528138528,,
159,0.3641447833434156,83.83838383838383,,
160,0.3626839586494633,83.98268398268398,,
161,0.37287391771657813,83.54978354978356,,
162,0.34472129166040244,84.55988455988457,,
163,0.3567219054888165,83.26118326118326,,
164,0.3542084491786159,84.55988455988457,,
165,0.35650397366259523,83.69408369408369,,
166,0.3482108601674029,83.98268398268398,,
167,0.3624586634133629,84.99278499278499,,
168,0.3427399561174676,85.28138528138528,,
169,0.36165390625961585,84.12698412698413,,
170,0.34822320487635133,84.12698412698413,,
171,0.3217545145689839,86.2914862914863,,
172,0.3641574868736157,83.26118326118326,,
173,0.35184542123029416,83.26118326118326,,
174,0.361929041998727,84.41558441558442,,
175,0.3326628397381495,85.13708513708514,0.4743345704945651,80.51948051948052
176,0.3462760494094648,84.99278499278499,,
177,0.33480360140704146,84.12698412698413,,
178,0.3433508627858513,84.55988455988457,,
179,0.3451713016108861,86.14718614718615,,
180,0.34161351975940524,84.27128427128427,,
181,0.35231977976417816,82.3953823953824,,
182,0.3379104520163323,86.14718614718615,,
183,0.35629057686394255,83.98268398268398,,
184,0.35021349327560797,84.7041847041847,,
185,0.3614420557950998,83.40548340548341,,
186,0.3575252764152758,84.84848484848484,,
187,0.3500413183354024,84.84848484848484,,
188,0.3340408050308668,84.27128427128427,,
189,0.35399591365847927,84.99278499278499,,
190,0.3513774433177271,83.40548340548341,,
191,0.3482178382973306,84.27128427128427,,
192,0.3348324503453951,85.71428571428571,,
193,0.32192429698046837,85.28138528138528,,
194,0.3293479967104408,83.40548340548341,,
195,0.34127786957684364,86.002886002886,,
196,0.3525859650767383,85.13708513708514,,
197,0.35273840825623076,82.82828282828282,,
198,0.347038751298731,85.71428571428571,,
199,0.349043949384882,84.7041847041847,,
200,0.33887980785892813,84.84848484848484,0.4771087556690365,80.51948051948052
201,0.33869323624676956,86.14718614718615,,
202,0.3279552637326597,85.85858585858585,,
203,0.3401320938768153,85.13708513708514,,
204,0.3382701878939872,84.41558441558442,,
205,0.3600219131634177,85.13708513708514,,
206,0.339255132200398,85.42568542568543,,
207,0.35557462524456035,84.99278499278499,,
208,0.33058907306641555,84.84848484848484,,
209,0.32156450966907957,86.14718614718615,,
210,0.3467802217856458,83.69408369408369,,
211,0.3307723217196279,85.71428571428571,,
212,0.3487589628063411,83.83838383838383,,
213,0.3332990887447181,85.71428571428571,,
214,0.34844388108576874,85.13708513708514,,
215,0.353538377718492,83.54978354978356,,
216,0.35237266908132325,84.12698412698413,,
217,0.3244479821959959,85.71428571428571,,
218,0.32938305902446674,84.55988455988457,,
219,0.36978263841218934,84.27128427128427,,
220,0.3267551500989933,84.55988455988457,,
221,0.310463482511336,87.87878787878788,,
222,0.3414868910247285,84.27128427128427,,
223,0.3178274312834719,86.86868686868686,,
224,0.32513019012510347,85.85858585858585,,
225,0.3323997614359615,85.42568542568543,0.4976290785647058,79.22077922077922
226,0.32057031012888765,85.42568542568543,,
227,0.35225544545213555,83.98268398268398,,
228,0.3315968844625685,84.12698412698413,,
229,0.31697042421861127,87.3015873015873,,
230,0.3126323967957049,86.002886002886,,
231,0.3244895680470212,85.28138528138528,,
232,0.32888963130473403,85.56998556998558,,
233,0.34301126067772575,83.26118326118326,,
234,0.3598714403345815,84.99278499278499,,
235,0.335466610071549,84.12698412698413,,
236,0.3252874662263741,85.85858585858585,,
237,0.31668590234987665,86.14718614718615,,
238,0.3231752330348605,85.28138528138528,,
239,0.33286127323368064,84.55988455988457,,
240,0.32276881093758697,85.71428571428571,,
241,0.3279835580919384,85.71428571428571,,
242,0.3307132182527242,84.41558441558442,,
243,0.3299838300219174,83.11688311688312,,
244,0.31306514139643304,87.01298701298701,,
245,0.34388687557300274,84.99278499278499,,
246,0.34652416001666675,84.55988455988457,,
247,0.305254307144132,88.31168831168831,,
248,0.3139185521638755,86.002886002886,,
249,0.3085123209812252,86.002886002886,,
250,0.3230466480981048,86.14718614718615,0.5481753047410544,79.22077922077922
251,0.2980052794384922,87.73448773448773,,
252,0.31469056253223365,86.002886002886,,
253,0.34553225179341274,84.7041847041847,,
254,0.3202309723927345,87.01298701298701,,
255,0.2969262825236434,87.87878787878788,,
256,0.3107755400810235,86.14718614718615,,
257,0.33497131954539905,85.56998556998558,,
258,0.30276148578133244,85.42568542568543,,
259,0.34711171318958334,84.41558441558442,,
260,0.334624103137425,85.13708513708514,,
261,0.33045240939953624,85.42568542568543,,
262,0.3245592500912335,84.7041847041847,,
263,0.2880895823498309,87.87878787878788,,
264,0.3161698094694129,86.86868686868686,,
265,0.3020497534913246,88.60028860028861,,
266,0.31147326415063326,86.002886002886,,
267,0.3165948104548764,85.56998556998558,,
268,0.2969233777271893,87.01298701298701,,
269,0.309503510486856,86.14718614718615,,
270,0.2939616589233129,88.60028860028861,,
271,0.3058451681598096,86.14718614718615,,
272,0.3160002900752498,87.3015873015873,,
273,0.3242381066298932,85.13708513708514,,
274,0.3155261889250592,87.3015873015873,,
275,0.30551164955287785,86.86868686868686,0.5239925303242423,81.81818181818181
276,0.29137467297296676,86.43578643578644,,
277,0.32982883005689234,86.14718614718615,,
278,0.3076912029007985,87.3015873015873,,
279,0.2993116912903724,86.002886002886,,
280,0.31058856930911627,86.72438672438672,,
281,0.31194211787733683,86.43578643578644,,
282,0.29446688281509265,88.16738816738817,,
283,0.3101128252037676,87.3015873015873,,
284,0.32132721570835143,86.43578643578644,,
285,0.2926188654240764,87.01298701298701,,
286,0.2917035558351019,87.5901875901876,,
287,0.27496116047168706,88.45598845598846,,
288,0.3044142441402094,86.43578643578644,,
289,0.3452586117072883,85.56998556998558,,
290,0.3082137861723164,87.44588744588745,,
291,0.29667651545777807,86.002886002886,,
292,0.3058053235944043,86.86868686868686,,
293,0.3054504499462948,87.5901875901876,,
294,0.3123271528841097,85.56998556998558,,
295,0.3057542847090469,87.01298701298701,,
296,0.32441551619965964,84.7041847041847,,
297,0.31261185564176003,86.43578643578644,,
298,0.31923919458151895,85.71428571428571,,
299,0.29645114973682,87.73448773448773,,
300,0.28733317590551116,86.58008658008659,0.5323609686517096,81.81818181818181
301,0.2963551295354081,85.42568542568543,,
302,0.2918459600614435,89.03318903318903,,
303,0.30134108819572786,87.15728715728716,,
304,0.32166749978650355,86.14718614718615,,
305,0.2955027905549494,88.88888888888889,,
306,0.3007938974089437,87.15728715728716,,
307,0.31608871068445293,86.2914862914863,,
308,0.32198627050132805,86.002886002886,,
309,0.322518559890392,86.86868686868686,,
310,0.2937100217455909,86.002886002886,,
311,0.3192996903071328,84.27128427128427,,
312,0.29671462651068,87.44588744588745,,
313,0.29221552236255627,88.45598845598846,,
314,0.3059263224209542,87.3015873015873,,
315,0.2888749391485602,87.5901875901876,,
316,0.3089481529391345,87.3015873015873,,
317,0.2877314506155072,88.74458874458874,,
318,0.30714601876071695,86.86868686868686,,
319,0.2693832154677372,88.45598845598846,,
320,0.2832122844190997,87.87878787878788,,
321,0.2965551194658269,86.72438672438672,,
322,0.30905168108953884,87.15728715728716,,
323,0.2928891504911805,87.5901875901876,,
324,0.29332452111515994,87.5901875901876,,
325,0.28968987862269086,87.01298701298701,0.5637092578720737,77.92207792207792
326,0.2912903016091769,87.01298701298701,,
327,0.29604186278917055,85.85858585858585,,
328,0.30042796810984096,87.15728715728716,,
329,0.31072150951340083,88.60028860028861,,
330,0.30678438668342206,86.43578643578644,,
331,0.30675576619728645,86.72438672438672,,
332,0.28711940569623035,86.86868686868686,,
333,0.27178724976941876,89.6103896103896,,
334,0.2792663334682046,88.02308802308802,,
335,0.2844242079218401,87.73448773448773,,
336,0.2942178083790673,87.44588744588745,,
337,0.3044859552903781,87.15728715728716,,
338,0.29116630795563625,87.73448773448773,,
339,0.30013206682851995,86.2914862914863,,
340,0.2876876308589443,87.87878787878788,,
341,0.2808039604671418,87.44588744588745,,
342,0.3046434611125082,86.58008658008659,,
343,0.2839926675843642,88.31168831168831,,
344,0.2936112911670239,86.72438672438672,,
345,0.29602540544574224,87.5901875901876,,
346,0.3073729508022897,87.3015873015873,,
347,0.2744006360162044,88.16738816738817,,
348,0.30830700622406526,86.002886002886,,
349,0.30409426065793455,88.02308802308802,,
350,0.2756416042043705,87.5901875901876,0.615932204506614,80.51948051948052
351,0.2930491000714928,85.85858585858585,,
352,0.29790052818873575,88.31168831168831,,
353,0.3059562759912031,85.85858585858585,,
354,0.286017256123679,89.17748917748918,,
355,0.2755758214693565,87.87878787878788,,
356,0.25898408763981484,88.88888888888889,,
357,0.2925346011207217,87.3015873015873,,
358,0.27844328694529347,90.04329004329004,,
359,0.2905031678308484,87.01298701298701,,
360,0.29851144522127476,87.3015873015873,,
361,0.2635766018133659,88.60028860028861,,
362,0.2797173073711505,87.73448773448773,,
363,0.2800516453484264,88.88888888888889,,
364,0.2828956317280192,89.32178932178932,,
365,0.2816258343568268,87.5901875901876,,
366,0.2929060857791405,86.14718614718615,,
367,0.2752054604617032,87.44588744588745,,
368,0.2927715920266651,89.32178932178932,,
369,0.2993328531325121,87.01298701298701,,
370,0.28503695951739777,87.15728715728716,,
371,0.27703754313580403,88.16738816738817,,
372,0.268118912738467,88.02308802308802,,
373,0.28708081588170575,87.87878787878788,,
374,0.29440890424609356,86.72438672438672,,
375,0.2696734382670163,88.88888888888889,0.534959321285223,77.92207792207792
376,0.2712942448701349,87.73448773448773,,
377,0.3010031996673836,87.15728715728716,,
378,0.27408428037536436,88.02308802308802,,
379,0.27438925041092765,88.16738816738817,,
380,0.2963388435768359,88.31168831168831,,
381,0.2881020702539928,87.44588744588745,,
382,0.27692923672271497,88.74458874458874,,
383,0.263585805548906,89.6103896103896,,
384,0.28219770219762946,87.73448773448773,,
385,0.2983798010954781,87.3015873015873,,
386,0.27489945240867086,88.02308802308802,,
387,0.2840217568227567,88.74458874458874,,
388,0.25744548332467565,90.04329004329004,,
389,0.2703376266820434,89.32178932178932,,
390,0.2837840232186417,87.73448773448773,,
391,0.25780274611487874,88.31168831168831,,
392,0.25982038051018985,89.32178932178932,,
393,0.2852934160058805,88.02308802308802,,
394,0.26044787576188255,88.45598845598846,,
395,0.2853638380980939,88.74458874458874,,
396,0.2717085686682967,88.74458874458874,,
397,0.29118704400193296,88.31168831168831,,
398,0.2834462359612122,87.15728715728716,,
399,0.25973601981158895,89.6103896103896,,
400,0.2601337278044069,89.75468975468975,0.5772313955542329,77.92207792207792
401,0.26967077527039324,88.16738816738817,,
402,0.25464453656780084,89.8989898989899,,
403,0.27092135918002797,87.44588744588745,,
404,0.28300331117958905,88.45598845598846,,
405,0.25581327033421347,89.17748917748918,,
406,0.2652975781827434,87.73448773448773,,
407,0.2683473435831276,88.31168831168831,,
408,0.2645993497851607,89.46608946608947,,
409,0.242854542976506,91.48629148629149,,
410,0.27671928355446107,88.45598845598846,,
411,0.24604479949195662,89.6103896103896,,
412,0.28891810826408915,87.15728715728716,,
413,0.2698938210547228,88.45598845598846,,
414,0.2569638869119069,89.03318903318903,,
415,0.2649410012222472,88.45598845598846,,
416,0.283927930543175,88.60028860028861,,
417,0.2603377481172611,90.18759018759019,,
418,0.2818024642711766,87.87878787878788,,
419,0.2714919848165987,89.17748917748918,,
420,0.2642785025193406,88.88888888888889,,
421,0.2777457612030434,87.3015873015873,,
422,0.2489448446043986,88.88888888888889,,
423,0.2868348028279658,87.01298701298701,,
424,0.2623722294364313,89.03318903318903,,
425,0.2504247374090797,89.6103896103896,0.6562794632725901,80.51948051948052
426,0.25856393339141964,89.46608946608947,,
427,0.25457527997001766,89.03318903318903,,
428,0.28221278310811193,88.02308802308802,,
429,0.25182127341907606,88.74458874458874,,
430,0.24862044497055752,89.75468975468975,,
431,0.2564109267954531,89.32178932178932,,
432,0.26080234067092556,88.16738816738817,,
433,0.26866767356578064,88.74458874458874,,
434,0.27171985778156643,88.31168831168831,,
435,0.26061312082353955,89.03318903318903,,
436,0.26755579813648267,89.46608946608947,,
437,0.2709636109925452,89.46608946608947,,
438,0.2592126126972284,91.1976911976912,,
439,0.2801441129667934,87.3015873015873,,
440,0.2766581429289533,87.73448773448773,,
441,0.2830448627557933,87.5901875901876,,
442,0.2592254433065954,89.8989898989899,,
443,0.263386220987053,89.17748917748918,,
444,0.25629908749551483,89.17748917748918,,
445,0.26902251819640527,88.88888888888889,,
446,0.27190259674195777,88.88888888888889,,
447,0.28460292948186827,88.60028860028861,,
448,0.24786021116406026,90.47619047619048,,
449,0.26390530670016016,89.75468975468975,,
450,0.25965793202879794,87.87878787878788,0.6045354047378937,81.81818181818181
451,0.25426202898503725,90.62049062049061,,
452,0.2525017784658449,90.04329004329004,,
453,0.2672716306433791,89.6103896103896,,
454,0.25104123394812683,88.60028860028861,,
455,0.2472097050145935,89.75468975468975,,
456,0.2557170901119623,88.88888888888889,,
457,0.23675346193354024,89.46608946608947,,
458,0.2798539258614935,88.45598845598846,,
459,0.246687007242811,89.6103896103896,,
460,0.263644438220825,88.31168831168831,,
461,0.23625364435183538,90.9090909090909,,
462,0.24874365903856435,88.45598845598846,,
463,0.2744964538585572,88.74458874458874,,
464,0.24737550948261355,89.32178932178932,,
465,0.2556630399879095,89.8989898989899,,
466,0.23317971268687585,89.75468975468975,,
467,0.26509806875026587,88.31168831168831,,
468,0.2559578912856775,89.75468975468975,,
469,0.2440348460216715,90.18759018759019,,
470,0.2519720559469377,90.76479076479076,,
471,0.26313559519608126,89.6103896103896,,
472,0.24133195488311857,88.74458874458874,,
473,0.2571188576121695,89.6103896103896,,
474,0.2760155001416007,89.6103896103896,,
475,0.27995784382885497,88.31168831168831,0.5832238495349884,76.62337662337663
476,0.260586946149065,88.45598845598846,,
477,0.25956812109610045,89.46608946608947,,
478,0.25276987643812987,89.75468975468975,,
479,0.23637936688948846,90.62049062049061,,
480,0.2454800239803127,89.75468975468975,,
481,0.24372585480938655,89.6103896103896,,
482,0.2668842627394079,89.03318903318903,,
483,0.24478929812386954,89.17748917748918,,
484,0.24802698098219833,90.47619047619048,,
485,0.25484783655035204,89.32178932178932,,
486,0.27927297646177107,88.16738816738817,,
487,0.24801097692005217,89.17748917748918,,
488,0.22440867196945918,91.63059163059162,,
489,0.23994092727120306,91.63059163059162,,
490,0.2510097003709874,89.8989898989899,,
491,0.2437862768489733,90.47619047619048,,
492,0.2438148499653281,90.47619047619048,,
493,0.2273088688458199,91.48629148629149,,
494,0.26909537704777065,87.87878787878788,,
495,0.2606707967678018,87.5901875901876,,
496,0.2409096129700907,90.47619047619048,,
497,0.24616484991227738,89.32178932178932,,
498,0.23949413218711535,90.76479076479076,,
499,0.2468635667368103,89.6103896103896,,
500,0.2452832595438496,89.46608946608947,0.630393783767502,84.41558441558442
501,0.24171983867260113,90.76479076479076,,
502,0.25332734517720873,89.8989898989899,,
503,0.2740900587037872,88.60028860028861,,
504,0.22380196076278908,90.9090909090909,,
505,0.2573745615812607,89.17748917748918,,
506,0.2166517862853894,90.9090909090909,,
507,0.25861176590382795,88.31168831168831,,
508,0.23233824826422192,90.62049062049061,,
509,0.2518184028920673,89.46608946608947,,
510,0.25293739789406117,88.74458874458874,,
511,0.23845222390231288,89.17748917748918,,
512,0.2508200186480799,90.04329004329004,,
513,0.2509452540637095,89.8989898989899,,
514,0.2396495578781007,90.47619047619048,,
515,0.23355210448842373,91.63059163059162,,
516,0.2436318906483712,89.75468975468975,,
517,0.25009368422399525,89.32178932178932,,
518,0.2381251392426429,90.47619047619048,,
519,0.24362367994728543,90.04329004329004,,
520,0.23715778084372374,89.8989898989899,,
521,0.24579021261539982,89.8989898989899,,
522,0.26298780926378257,88.60028860028861,,
523,0.2841228779840779,88.02308802308802,,
524,0.22552337567355554,90.62049062049061,,
525,0.24277213035207806,88.74458874458874,0.6129114774914531,76.62337662337663
526,0.22838936567650556,90.47619047619048,,
527,0.23049872442757413,89.17748917748918,,
528,0.23223844388819703,90.33189033189034,,
529,0.24590422365744566,88.45598845598846,,
530,0.228174389010728,91.1976911976912,,
531,0.24230612642138466,89.6103896103896,,
532,0.21773532187783873,91.1976911976912,,
533,0.2265426061542175,90.33189033189034,,
534,0.25100377881509744,89.03318903318903,,
535,0.2541877389986278,90.18759018759019,,
536,0.22586018436226837,90.47619047619048,,
537,0.24747252468594913,89.8989898989899,,
538,0.24872909546500505,88.88888888888889,,
539,0.26394468118015996,87.5901875901876,,
540,0.2634608537539259,90.04329004329004,,
541,0.2540757121977868,90.04329004329004,,
542,0.24071937064071755,91.05339105339105,,
543,0.2429411844343678,89.32178932178932,,
544,0.2562540624220822,90.76479076479076,,
545,0.2649764655558406,89.6103896103896,,
546,0.24028588276662868,90.9090909090909,,
547,0.2291039139849455,90.47619047619048,,
548,0.2192065870150128,90.33189033189034,,
549,0.23447334671777392,91.77489177489177,,
550,0.22443107946696564,92.20779220779221,0.6359355314211412,79.22077922077922
551,0.24635736341084236,90.33189033189034,,
552,0.2538278496623964,90.04329004329004,,
553,0.2235365587395507,90.47619047619048,,
554,0.23906451370163914,90.47619047619048,,
555,0.22403748960249006,91.63059163059162,,
556,0.23859705462041184,90.47619047619048,,
557,0.2366715394401275,90.47619047619048,,
558,0.2576459985747826,89.32178932178932,,
559,0.23226247396734026,91.34199134199135,,
560,0.239839283483369,91.05339105339105,,
561,0.24576285382541915,89.8989898989899,,
562,0.25470607454685595,90.18759018759019,,
563,0.22890362276831402,90.18759018759019,,
564,0.22028947577504024,90.47619047619048,,
565,0.2202683768059096,91.63059163059162,,
566,0.22704306073906103,91.34199134199135,,
567,0.2061509687835176,92.64069264069263,,
568,0.21204585018655095,90.47619047619048,,
569,0.25628484377011246,89.17748917748918,,
570,0.22889654179242094,92.20779220779221,,
571,0.21801261716182269,91.48629148629149,,
572,0.2378323772682944,89.8989898989899,,
573,0.24295743506450157,90.47619047619048,,
574,0.24990669297105478,89.03318903318903,,
575,0.2226080076519029,91.63059163059162,0.6750972007776236,81.81818181818181
576,0.24629475354804278,90.04329004329004,,
577,0.23967130475746087,90.47619047619048,,
578,0.21534807537111197,91.48629148629149,,
579,0.24546058912469884,90.76479076479076,,
580,0.22231678094870772,91.05339105339105,,
581,0.21747769602449427,91.34199134199135,,
582,0.22927924724024268,90.62049062049061,,
583,0.23991293650426906,90.18759018759019,,
584,0.22482066563885622,89.8989898989899,,
585,0.22294579530175115,91.48629148629149,,
586,0.23342959253818957,88.74458874458874,,
587,0.23019936126031917,89.8989898989899,,
588,0.22196705793642035,91.34199134199135,,
589,0.23764484615466983,89.8989898989899,,
590,0.23168631958066987,91.48629148629149,,
591,0.22664669511939195,91.48629148629149,,
592,0.2105824061888465,91.48629148629149,,
593,0.22108294511641258,91.05339105339105,,
594,0.22726945847831936,89.46608946608947,,
595,0.2337337699577664,90.04329004329004,,
596,0.20512309201696047,92.78499278499278,,
597,0.21681159720749393,91.77489177489177,,
598,0.22518859717667017,91.34199134199135,,
599,0.23382393781412902,91.1976911976912,,
600,0.2307299566045296,90.76479076479076,0.6667899605515716,75.32467532467533
601,0.23176967843958482,90.9090909090909,,
602,0.2456377243238782,89.46608946608947,,
603,0.21984099701025442,90.18759018759019,,
604,0.21938250282669136,91.1976911976912,,
605,0.2357111205098261,90.04329004329004,,
606,0.2153033163360875,92.35209235209236,,
607,0.22723494192738553,90.76479076479076,,
608,0.20709448873265654,91.63059163059162,,
609,0.22779341221586794,91.34199134199135,,
610,0.2317559381605571,91.77489177489177,,
611,0.23054785723294013,90.18759018759019,,
612,0.22183746697238685,90.47619047619048,,
613,0.21864492746142597,91.77489177489177,,
614,0.23463158301396286,89.32178932178932,,
615,0.22441507351260853,90.33189033189034,,
616,0.21595014519935735,91.34199134199135,,
617,0.20408414534869648,91.63059163059162,,
618,0.21190925280081074,90.33189033189034,,
619,0.22399025076051468,90.33189033189034,,
620,0.2235750931101444,92.20779220779221,,
621,0.21125220274351117,91.48629148629149,,
622,0.2247248154353958,89.8989898989899,,
623,0.22898085718547112,90.62049062049061,,
624,0.2345886015444779,90.33189033189034,,
625,0.22369548799349115,90.9090909090909,0.7067392762605246,81.81818181818181
626,0.19629243210839675,91.77489177489177,,
627,0.18507562655133086,91.91919191919192,,
628,0.22172499464187786,91.1976911976912,,
629,0.21465494720235703,91.34199134199135,,
630,0.22420924295594682,90.62049062049061,,
631,0.2284653778974112,90.62049062049061,,
632,0.23919869269127453,90.18759018759019,,
633,0.22779101433304996,90.62049062049061,,
634,0.21745318286174647,91.1976911976912,,
635,0.20873524549633565,92.06349206349206,,
636,0.2297879277928739,90.9090909090909,,
637,0.2248983412153191,89.75468975468975,,
638,0.22230799692383232,90.76479076479076,,
639,0.20661770230935939,90.76479076479076,,
640,0.19951901988033607,92.4963924963925,,
641,0.21646683290063218,91.34199134199135,,
642,0.20364074600379362,91.63059163059162,,
643,0.21944473847252294,91.48629148629149,,
644,0.20028270176822832,92.64069264069263,,
645,0.23453809387584099,90.04329004329004,,
646,0.2066882017026904,91.1976911976912,,
647,0.21721952299427505,90.9090909090909,,
648,0.2000243937083309,91.05339105339105,,
649,0.2123032064939087,91.05339105339105,,
650,0.21179443981611368,91.48629148629149,0.7180580148449192,79.22077922077922
651,0.2213470750040822,90.76479076479076,,
652,0.20632350393187948,92.4963924963925,,
653,0.2230120270498215,90.18759018759019,,
654,0.21021193214309164,91.48629148629149,,
655,0.21272034930202352,91.91919191919192,,
656,0.23055014477486346,89.6103896103896,,
657,0.22082865917665445,91.48629148629149,,
658,0.20843671079762657,91.77489177489177,,
659,0.2139084515461502,91.91919191919192,,
660,0.24295407999172527,91.05339105339105,,
661,0.2504309146607249,89.8989898989899,,
662,0.22276302976439696,91.1976911976912,,
663,0.22124999208969814,90.9090909090909,,
664,0.20494330588265888,91.48629148629149,,
665,0.20506288719727708,91.48629148629149,,
666,0.20755398157355073,91.77489177489177,,
667,0.211471106633974,92.06349206349206,,
668,0.21250899168320034,91.34199134199135,,
669,0.22460133852208675,92.06349206349206,,
670,0.21435637510829159,92.35209235209236,,
671,0.22326529473281354,90.76479076479076,,
672,0.22323246564162413,90.47619047619048,,
673,0.22974245056703493,91.05339105339105,,
674,0.22342852880428363,91.48629148629149,,
675,0.21389123229753404,91.05339105339105,0.6952167358491328,79.22077922077922
676,0.22687484635763183,89.75468975468975,,
677,0.2296252486337659,90.62049062049061,,
678,0.2154610672102862,91.48629148629149,,
679,0.22907962504919474,90.9090909090909,,
680,0.21779863598714833,92.64069264069263,,
681,0.1772961580822134,93.36219336219337,,
682,0.20112076662964634,91.05339105339105,,
683,0.21727618996543113,91.05339105339105,,
684,0.18903359998162692,93.21789321789322,,
685,0.2254396935906073,90.04329004329004,,
686,0.19070484678423594,92.92929292929293,,
687,0.21594620550865734,90.76479076479076,,
688,0.19416679672004514,92.92929292929293,,
689,0.22236889669561455,90.62049062049061,,
690,0.22911731445084058,90.18759018759019,,
691,0.2183354485129553,92.06349206349206,,
692,0.20019814126935356,91.48629148629149,,
693,0.20905344315077493,93.07359307359307,,
694,0.23560367195637194,90.47619047619048,,
695,0.21026615499590037,90.76479076479076,,
696,0.21414689093957215,91.91919191919192,,
697,0.2229794849134971,91.34199134199135,,
698,0.19145136645324473,92.20779220779221,,
699,0.21896772037164816,91.34199134199135,,
700,0.20663111109130655,91.77489177489177,0.7118301039392297,81.81818181818181
701,0.21496589118440085,90.04329004329004,,
702,0.201265843270661,92.20779220779221,,
703,0.19647017762086436,91.1976911976912,,
704,0.19718111752603648,92.35209235209236,,
705,0.20564373062243538,91.91919191919192,,
706,0.19949667015977063,91.91919191919192,,
707,0.2295529766365735,91.1976911976912,,
708,0.20757756307506114,92.06349206349206,,
709,0.18544827154360463,92.4963924963925,,
710,0.21188425454398427,90.76479076479076,,
711,0.19732760310087025,91.77489177489177,,
712,0.2158366394421411,91.77489177489177,,
713,0.19493720210647858,92.4963924963925,,
714,0.21455341379707854,91.1976911976912,,
715,0.18553780778317913,93.36219336219337,,
716,0.2009983662876044,92.78499278499278,,
717,0.2119269049249342,91.05339105339105,,
718,0.2304199773812879,91.05339105339105,,
719,0.1954068833744371,90.62049062049061,,
720,0.20809905938427858,90.62049062049061,,
721,0.2255004666111342,90.47619047619048,,
722,0.19812516664916818,91.34199134199135,,
723,0.21291688015794685,91.48629148629149,,
724,0.1855162467060323,92.64069264069263,,
725,0.20068131965648217,91.91919191919192,0.7025357539003546,79.22077922077922
726,0.18889369879020068,92.64069264069263,,
727,0.19302083506728662,91.48629148629149,,
728,0.2023797192614832,92.64069264069263,,
729,0.21147763683940424,92.06349206349206,,
730,0.21621788682316634,91.91919191919192,,
731,0.19964245464894678,92.4963924963925,,
732,0.22093893211297314,91.34199134199135,,
733,0.2055285946609826,90.9090909090909,,
734,0.20062402093952353,91.77489177489177,,
735,0.2179957621476867,90.9090909090909,,
736,0.21776161057952506,90.47619047619048,,
737,0.18947857035616947,92.64069264069263,,
738,0.1862613284828687,91.63059163059162,,
739,0.20677088633244173,91.91919191919192,,
740,0.21937129730399038,91.34199134199135,,
741,0.20703146516373663,91.63059163059162,,
742,0.18818986190087866,92.06349206349206,,
743,0.22645931833922262,91.48629148629149,,
744,0.19983148463016637,91.63059163059162,,
745,0.18274636426873364,92.78499278499278,,
746,0.18763883835481532,91.48629148629149,,
747,0.20595262628613095,91.91919191919192,,
748,0.17825901336312122,92.20779220779221,,
749,0.2107122657446978,90.47619047619048,,
750,0.20750047954560014,92.35209235209236,0.8004665576018296,79.22077922077922
751,0.20727135823209047,91.91919191919192,,
752,0.21125340094039965,91.91919191919192,,
753,0.21034775164736297,91.05339105339105,,
754,0.19052301671941904,93.07359307359307,,
755,0.19877069259618785,90.9090909090909,,
756,0.20144313969481387,92.06349206349206,,
757,0.22111118196753024,92.06349206349206,,
758,0.1970045103827252,91.1976911976912,,
759,0.19117259412122323,92.64069264069263,,
760,0.1998911118632099,92.35209235209236,,
761,0.19083309328401243,91.91919191919192,,
762,0.17473067504502995,93.07359307359307,,
763,0.1972017397655209,91.91919191919192,,
764,0.19009466459351412,92.78499278499278,,
765,0.19636200142898,92.06349206349206,,
766,0.19983471730054714,92.20779220779221,,
767,0.19469706079295016,91.77489177489177,,
768,0.19922092892390825,92.78499278499278,,
769,0.18487774835520493,93.36219336219337,,
770,0.2039015753702684,91.63059163059162,,
771,0.1843279403181475,93.50649350649351,,
772,0.19436700966795115,92.4963924963925,,
773,0.2007524919780818,91.1976911976912,,
774,0.19749952328067494,92.06349206349206,,
775,0.19026658689390874,91.91919191919192,0.799627687636908,77.92207792207792
776,0.21150017328678616,92.06349206349206,,
777,0.17857823642924922,92.78499278499278,,
778,0.18351671228677163,91.77489177489177,,
779,0.20013079352537103,91.91919191919192,,
780,0.18578300241268042,92.35209235209236,,
781,0.17616063268239707,93.93939393939394,,
782,0.19057902293803888,92.06349206349206,,
783,0.20322084491387074,91.77489177489177,,
784,0.20357186552594062,90.9090909090909,,
785,0.18226556322963378,92.78499278499278,,
786,0.2070807135982431,91.34199134199135,,
787,0.22209106684053614,90.76479076479076,,
788,0.18723520051693332,91.91919191919192,,
789,0.18168448811614668,92.4963924963925,,
790,0.1971445656011975,92.06349206349206,,
791,0.18627516378770875,92.92929292929293,,
792,0.20111417989710192,91.05339105339105,,
793,0.20688829621539315,92.64069264069263,,
794,0.2074516089834692,91.63059163059162,,
795,0.1928750541475084,92.06349206349206,,
796,0.19043828414761144,92.78499278499278,,
797,0.22642094204350124,92.20779220779221,,
798,0.20275136385473166,92.20779220779221,,
799,0.18154936166638763,92.06349206349206,,
800,0.19658699577934985,91.91919191919192,0.8319832860649407,77.92207792207792
801,0.17540650304089722,93.21789321789322,,
802,0.211926395436386,90.9090909090909,,
803,0.20644851895465824,91.77489177489177,,
804,0.19591940929750343,91.91919191919192,,
805,0.1888561798380567,93.21789321789322,,
806,0.1906060121878229,91.77489177489177,,
807,0.20315648196063515,90.62049062049061,,
808,0.18766421290359112,91.1976911976912,,
809,0.2082065072604072,92.20779220779221,,
810,0.19395940091788855,92.4963924963925,,
811,0.19951447732692845,91.34199134199135,,
812,0.17653454657412881,93.65079365079364,,
813,0.21122557140919038,90.76479076479076,,
814,0.18514673689227085,92.35209235209236,,
815,0.187853711551058,93.21789321789322,,
816,0.19381287310159567,92.35209235209236,,
817,0.18800755793398077,93.21789321789322,,
818,0.18065263911501153,92.78499278499278,,
819,0.206470448991437,91.77489177489177,,
820,0.18269659722866263,92.92929292929293,,
821,0.20275325567863375,90.47619047619048,,
822,0.20619102318544064,93.21789321789322,,
823,0.17893160840907654,92.20779220779221,,
824,0.20573170769094218,92.4963924963925,,
825,0.17902067066056043,92.78499278499278,0.8277333022712113,79.22077922077922
826,0.18286935191649895,91.91919191919192,,
827,0.20086191072092427,91.63059163059162,,
828,0.19972781893967895,91.63059163059162,,
829,0.1841856667296195,91.63059163059162,,
830,0.18928307833883798,92.92929292929293,,
831,0.1697634511437767,92.92929292929293,,
832,0.1867339543105892,92.78499278499278,,
833,0.19106011765687841,92.78499278499278,,
834,0.20564516467105431,91.63059163059162,,
835,0.16923594872318046,93.65079365079364,,
836,0.19912457801562883,91.05339105339105,,
837,0.2001580370625032,92.06349206349206,,
838,0.20664057595733268,90.76479076479076,,
839,0.2008393539537771,92.4963924963925,,
840,0.18878172232647134,92.06349206349206,,
841,0.18556651447242473,92.4963924963925,,
842,0.1780266079078677,93.79509379509379,,
843,0.1671636996288148,94.51659451659452,,
844,0.17768493260312046,92.64069264069263,,
845,0.1796642415343769,92.64069264069263,,
846,0.1870228104336351,92.92929292929293,,
847,0.1793549723525412,92.20779220779221,,
848,0.1686615687062558,92.92929292929293,,
849,0.188905494731097,92.06349206349206,,
850,0.1623647901918981,92.78499278499278,0.9044425293996736,80.51948051948052
851,0.17329653435283238,93.07359307359307,,
852,0.1812847319447461,92.35209235209236,,
853,0.19835409646770483,92.20779220779221,,
854,0.20673782665492135,91.34199134199135,,
855,0.1955411916096059,90.9090909090909,,
856,0.19502107872161342,92.4963924963925,,
857,0.16426994413954527,92.92929292929293,,
858,0.16854526874478934,94.22799422799423,,
859,0.1951570301645934,92.92929292929293,,
860,0.2063377509471486,91.1976911976912,,
861,0.20406078449403398,91.1976911976912,,
862,0.16428058393417844,93.07359307359307,,
863,0.18964475259980426,92.4963924963925,,
864,0.16929332943818656,93.36219336219337,,
865,0.1718030099941676,93.36219336219337,,
866,0.1936591605388413,92.92929292929293,,
867,0.1819178160457384,92.35209235209236,,
868,0.18473817012440763,92.35209235209236,,
869,0.17118656458695988,93.36219336219337,,
870,0.17079661543579155,93.36219336219337,,
871,0.19237217473734336,92.4963924963925,,
872,0.18014566623975362,92.92929292929293,,
873,0.19569539201337022,91.05339105339105,,
874,0.2097273628760941,91.48629148629149,,
875,0.1883640451864763,92.64069264069263,0.860181589405258,77.92207792207792
876,0.2068958276557544,91.48629148629149,,
877,0.18741876705083324,92.20779220779221,,
878,0.17927607444543686,93.79509379509379,,
879,0.1859395198341228,92.92929292929293,,
880,0.17126463449789914,92.4963924963925,,
881,0.18776634412926513,92.92929292929293,,
882,0.1718247759909857,92.64069264069263,,
883,0.17387116857915902,91.77489177489177,,
884,0.17022286193958694,94.22799422799423,,
885,0.17491483967885654,93.79509379509379,,
886,0.1885311851468781,92.06349206349206,,
887,0.1699548191236383,93.07359307359307,,
888,0.19293612454887507,91.77489177489177,,
889,0.17848777176454814,92.78499278499278,,
890,0.17140445132534227,92.4963924963925,,
891,0.17241055552792584,94.08369408369408,,
892,0.18929566346205673,91.77489177489177,,
893,0.17335283904622645,93.36219336219337,,
894,0.16545738906614363,93.07359307359307,,
895,0.1795790359743402,92.35209235209236,,
896,0.18400755472492003,93.21789321789322,,
897,0.16329603297111792,93.07359307359307,,
898,0.17206943697399563,93.07359307359307,,
899,0.1823317471778754,91.34199134199135,,
900,0.16945337950323222,92.78499278499278,0.9254951012599004,80.51948051948052
901,0.19747191035386288,92.78499278499278,,
902,0.17584886198694055,92.92929292929293,,
903,0.20584104097250736,92.06349206349206,,
904,0.17575232010512126,93.07359307359307,,
905,0.19355896835902123,91.48629148629149,,
906,0.16598484553342946,93.07359307359307,,
907,0.17307864372520393,92.35209235209236,,
908,0.18004915225729454,93.07359307359307,,
909,0.19659306087449172,91.34199134199135,,
910,0.19883813065023823,92.35209235209236,,
911,0.18892782052487006,91.48629148629149,,
912,0.17228112041864216,92.78499278499278,,
913,0.19086109198533097,90.76479076479076,,
914,0.19147479976359405,93.07359307359307,,
915,0.18769617802174535,92.92929292929293,,
916,0.1816051435289961,92.64069264069263,,
917,0.20309181188866174,92.78499278499278,,
918,0.17279313545012887,93.79509379509379,,
919,0.18415818219630836,92.4963924963925,,
920,0.17314263395588808,92.4963924963925,,
921,0.191213901489328,92.4963924963925,,
922,0.17213991916540897,93.65079365079364,,
923,0.175901301409431,93.93939393939394,,
924,0.16449531426849476,94.37229437229438,,
925,0.17761551761868025,93.93939393939394,0.8879322316739466,77.92207792207792
926,0.19521842447538224,91.63059163059162,,
927,0.1818257680117095,92.20779220779221,,
928,0.16329852996923536,94.08369408369408,,
929,0.16789808452215374,93.21789321789322,,
930,0.18180320213023374,92.64069264069263,,
931,0.16392204982549768,92.4963924963925,,
932,0.15565773375966677,93.93939393939394,,
933,0.15876101286380323,93.21789321789322,,
934,0.2155293778423623,91.1976911976912,,
935,0.17161876078517663,93.79509379509379,,
936,0.19704608789619601,92.78499278499278,,
937,0.20253870379338296,92.20779220779221,,
938,0.16240313192117223,93.79509379509379,,
939,0.17759037469372604,93.65079365079364,,
940,0.17982291166830544,92.64069264069263,,
941,0.19681484147927805,91.91919191919192,,
942,0.16843686306454014,93.07359307359307,,
943,0.16554147099691724,93.21789321789322,,
944,0.18205878129941216,93.79509379509379,,
945,0.1510011533874626,94.08369408369408,,
946,0.1571145997763024,93.65079365079364,,
947,0.18897242919363158,92.06349206349206,,
948,0.18034690091706285,93.21789321789322,,
949,0.16204955339603783,94.08369408369408,,
950,0.17495678117952992,92.20779220779221,0.8882524216329897,76.62337662337663
951,0.16591691840735692,93.65079365079364,,
952,0.1636131504284484,92.20779220779221,,
953,0.16003670856560895,93.50649350649351,,
954,0.16435155726184406,92.35209235209236,,
955,0.19949388919024585,92.35209235209236,,
956,0.18236750187983933,93.21789321789322,,
957,0.17705414287173452,93.36219336219337,,
958,0.17585639159959804,92.35209235209236,,
959,0.1676566916024702,93.93939393939394,,
960,0.17461054933406575,92.64069264069263,,
961,0.20200129874684938,91.91919191919192,,
962,0.1618315288891094,93.79509379509379,,
963,0.1563452659994579,93.79509379509379,,
964,0.1732382070955862,92.92929292929293,,
965,0.1722382687860065,93.50649350649351,,
966,0.15849370140619953,94.94949494949495,,
967,0.18126907905974946,92.4963924963925,,
968,0.17497931091816393,92.35209235209236,,
969,0.15570844449694193,93.93939393939394,,
970,0.16492793045690737,93.50649350649351,,
971,0.17770862544941868,91.91919191919192,,
972,0.17920699502740586,92.64069264069263,,
973,0.17392943887655526,92.92929292929293,,
974,0.18565029378383707,91.63059163059162,,
975,0.15458927711023052,93.79509379509379,0.896071365901402,75.32467532467533
976,0.18743186045174648,92.4963924963925,,
977,0.20108067148336858,92.64069264069263,,
978,0.16890378547953322,92.64069264069263,,
979,0.14976871566252964,93.07359307359307,,
980,0.19212122824887004,92.35209235209236,,
981,0.18035319731349037,92.20779220779221,,
982,0.19087312650069874,92.92929292929293,,
983,0.1770227887811513,92.92929292929293,,
984,0.18981120299983334,92.64069264069263,,
985,0.1641411262243169,92.64069264069263,,
986,0.17472296733876844,92.78499278499278,,
987,0.1751880282683978,92.92929292929293,,
988,0.167359392267543,92.92929292929293,,
989,0.17271716690596736,91.91919191919192,,
990,0.1653789473216427,93.36219336219337,,
991,0.15060745164601488,94.22799422799423,,
992,0.17430594679597136,92.92929292929293,,
993,0.17361067342981804,92.35209235209236,,
994,0.18447910705084064,92.78499278499278,,
995,0.15508715423498662,93.50649350649351,,
996,0.14741903282218166,94.94949494949495,,
997,0.17305087587362072,93.07359307359307,,
998,0.18102603747064588,92.64069264069263,,
999,0.1724940799445473,92.4963924963925,,
1000,0.16883372175702113,92.64069264069263,0.8745552789081227,77.92207792207792
