epoch,train_loss,train_acc,test_loss,test_acc
1,0.6910873579256462,52.23665223665223,0.6846112415388033,55.84415584415584
2,0.6844923726752035,56.132756132756136,,
3,0.686572866006331,55.266955266955264,,
4,0.6843231202548028,56.56565656565657,,
5,0.6830700522377378,55.84415584415584,,
6,0.6834339323153915,56.132756132756136,,
7,0.6814156633090835,56.132756132756136,,
8,0.6796197306370151,55.699855699855696,,
9,0.6774220653254577,56.70995670995671,,
10,0.6752753539862915,56.277056277056275,,
11,0.673369040392866,55.699855699855696,,
12,0.6701589006538171,57.43145743145743,,
13,0.6649383396813364,55.699855699855696,,
14,0.655602971540729,60.46176046176046,,
15,0.6558858918249177,57.72005772005772,,
16,0.644553237233155,61.32756132756133,,
17,0.6391443285075101,63.34776334776335,,
18,0.6344553913388934,62.33766233766234,,
19,0.621865556654648,68.54256854256855,,
20,0.6180015416200371,63.2034632034632,,
21,0.6133878578527321,67.53246753246754,,
22,0.6070853282534887,67.96536796536796,,
23,0.5862887499136326,68.25396825396825,,
24,0.5918335651422476,69.55266955266956,,
25,0.5774413006646293,70.56277056277057,0.5808148209924822,71.42857142857143
26,0.5741793652633568,70.27417027417027,,
27,0.5552704795270427,71.71717171717172,,
28,0.550346364620616,73.5930735930736,,
29,0.5560977556144693,73.01587301587301,,
30,0.5434519645971653,72.87157287157287,,
31,0.5331339670122099,72.005772005772,,
32,0.5362790789439048,73.3044733044733,,
33,0.5344881257969579,74.45887445887446,,
34,0.5393832909940469,71.13997113997114,,
35,0.5124248763355513,76.33477633477634,,
36,0.5063565114961902,75.75757575757575,,
37,0.5072914139618949,76.33477633477634,,
38,0.5038554459423213,75.46897546897547,,
39,0.5009457930858001,75.9018759018759,,
40,0.5006996107651902,75.46897546897547,,
41,0.48745213509208024,75.75757575757575,,
42,0.48632073858255603,76.62337662337663,,
43,0.48058581274825257,78.21067821067821,,
44,0.4757763659971273,77.4891774891775,,
45,0.4764122178544214,77.05627705627705,,
46,0.47120075957771673,75.9018759018759,,
47,0.48365029716302477,77.34487734487735,,
48,0.4612686571706769,78.64357864357865,,
49,0.4575385892546022,78.21067821067821,,
50,0.46726504682118414,79.07647907647907,0.5012810648261726,76.62337662337663
51,0.4480618259951494,79.07647907647907,,
52,0.46515791219206254,77.63347763347764,,
53,0.45420405617007964,78.78787878787878,,
54,0.4476926874632787,80.23088023088023,,
55,0.4550147920975953,79.36507936507937,,
56,0.4589929421570738,79.36507936507937,,
57,0.45473636929779,76.91197691197691,,
58,0.4416871572297717,79.36507936507937,,
59,0.46969932287630406,77.92207792207792,,
60,0.4439118944033228,79.65367965367966,,
61,0.43115734946504125,80.23088023088023,,
62,0.4300310506793156,80.23088023088023,,
63,0.4227877679841343,81.67388167388168,,
64,0.4440986674069326,80.37518037518038,,
65,0.42859002676877106,82.3953823953824,,
66,0.4331175856087975,78.35497835497836,,
67,0.43209440771807495,80.8080808080808,,
68,0.42168071930542655,79.94227994227994,,
69,0.4238720261861408,80.95238095238095,,
70,0.40484494314909325,81.24098124098124,,
71,0.40770983781993475,81.52958152958153,,
72,0.40721462282095466,81.52958152958153,,
73,0.4167126388131798,82.53968253968254,,
74,0.42182227663835575,80.23088023088023,,
75,0.4279099726057672,80.66378066378067,0.47904322983382586,80.51948051948052
76,0.435496140610088,79.36507936507937,,
77,0.43351090444630874,79.94227994227994,,
78,0.412593196953874,81.38528138528139,,
79,0.40631796537883696,81.38528138528139,,
80,0.41083691655127347,83.26118326118326,,
81,0.3918496606411872,84.41558441558442,,
82,0.41484497842334567,81.0966810966811,,
83,0.3958718701014443,81.96248196248196,,
84,0.4070832268758254,81.0966810966811,,
85,0.38861664918938066,82.97258297258297,,
86,0.39779640319199444,82.82828282828282,,
87,0.38448619644707244,82.3953823953824,,
88,0.3984491753285753,83.98268398268398,,
89,0.38882688483462535,82.53968253968254,,
90,0.3745624418726559,82.3953823953824,,
91,0.38130510485533514,83.69408369408369,,
92,0.3725321527253326,84.84848484848484,,
93,0.3892311555310589,81.52958152958153,,
94,0.3742382821410593,82.97258297258297,,
95,0.3712371651400391,84.41558441558442,,
96,0.38479222036887384,83.40548340548341,,
97,0.37151709981638975,83.83838383838383,,
98,0.3810867600110702,82.25108225108225,,
99,0.37402433526808393,82.1067821067821,,
100,0.3656464901149359,84.27128427128427,0.4460888168254456,79.22077922077922
101,0.35662469480718884,86.002886002886,,
102,0.3662868384244982,84.41558441558442,,
103,0.37304216167455456,83.26118326118326,,
104,0.37290573575968006,83.54978354978356,,
105,0.360990479394987,83.98268398268398,,
106,0.3988857710946346,81.52958152958153,,
107,0.36990136484391073,83.11688311688312,,
108,0.3566649573361891,85.42568542568543,,
109,0.3892346770216376,81.38528138528139,,
110,0.3811479424587404,84.12698412698413,,
111,0.3574267329935732,85.28138528138528,,
112,0.3680771289105711,84.7041847041847,,
113,0.37148163832111275,83.26118326118326,,
114,0.35327234318074036,87.15728715728716,,
115,0.37155395477451114,84.27128427128427,,
116,0.35420717890300446,84.27128427128427,,
117,0.37897287999396717,81.96248196248196,,
118,0.33736452886036467,85.56998556998558,,
119,0.34323355766257857,85.85858585858585,,
120,0.3335760198372267,87.5901875901876,,
121,0.3782420865385047,83.69408369408369,,
122,0.35728165670734807,84.12698412698413,,
123,0.37030915685890387,82.68398268398268,,
124,0.3602542451879851,84.12698412698413,,
125,0.3493593895074093,85.13708513708514,0.4181135002668802,79.22077922077922
126,0.3439928177975301,83.98268398268398,,
127,0.33014872513206145,85.85858585858585,,
128,0.3565267248759194,83.69408369408369,,
129,0.3456596384015778,85.42568542568543,,
130,0.33913247753875425,86.002886002886,,
131,0.35343894300092693,83.69408369408369,,
132,0.3412840412808703,85.28138528138528,,
133,0.34495359065728787,85.71428571428571,,
134,0.35735096843727737,83.40548340548341,,
135,0.3536258868195794,84.55988455988457,,
136,0.327561343559111,86.72438672438672,,
137,0.3745613479167008,82.82828282828282,,
138,0.3363269249630439,87.3015873015873,,
139,0.3433791005938256,83.83838383838383,,
140,0.3346892305438825,85.42568542568543,,
141,0.34195337112331803,86.2914862914863,,
142,0.3231823548868105,85.85858585858585,,
143,0.3239825250524463,85.28138528138528,,
144,0.3329207557878453,85.85858585858585,,
145,0.33236559999711585,83.54978354978356,,
146,0.3278286371052179,87.15728715728716,,
147,0.34801103305851055,84.84848484848484,,
148,0.3115553181580823,86.58008658008659,,
149,0.32309707982027513,87.15728715728716,,
150,0.34019440393169204,85.71428571428571,0.41541610213069174,79.22077922077922
151,0.3403747852402504,85.42568542568543,,
152,0.3312138524578419,86.14718614718615,,
153,0.3374854905952795,86.72438672438672,,
154,0.32431258220349213,86.86868686868686,,
155,0.31356319101341873,86.14718614718615,,
156,0.3497143794619848,85.13708513708514,,
157,0.33384546805253795,85.13708513708514,,
158,0.3473868412630899,85.28138528138528,,
159,0.3219613575660133,86.14718614718615,,
160,0.32555166149208214,86.86868686868686,,
161,0.3173333112295572,87.15728715728716,,
162,0.3298645072857195,85.28138528138528,,
163,0.30990499298895935,88.16738816738817,,
164,0.3348658480728515,85.56998556998558,,
165,0.3054992686446439,87.87878787878788,,
166,0.31343721507001576,87.5901875901876,,
167,0.2935670587687093,88.31168831168831,,
168,0.3113508162399133,86.58008658008659,,
169,0.31545246101130997,85.71428571428571,,
170,0.3063531149861444,86.86868686868686,,
171,0.32869264337235543,86.2914862914863,,
172,0.29647875404117086,87.15728715728716,,
173,0.3123723127883234,88.16738816738817,,
174,0.3149290972242796,87.5901875901876,,
175,0.31267450730521956,86.14718614718615,0.38729141865457806,81.81818181818181
176,0.3090535577327486,87.44588744588745,,
177,0.3036139408317307,88.31168831168831,,
178,0.3164521807113939,87.5901875901876,,
179,0.32044328173990716,86.72438672438672,,
180,0.305796938455122,87.01298701298701,,
181,0.29692914916409385,87.44588744588745,,
182,0.2902280542499575,89.32178932178932,,
183,0.3028000798640829,87.44588744588745,,
184,0.31331194868421486,86.58008658008659,,
185,0.3407658273179466,85.42568542568543,,
186,0.2805476137053915,89.75468975468975,,
187,0.2967463852179171,89.03318903318903,,
188,0.29235399483258245,88.45598845598846,,
189,0.3074615801782663,87.44588744588745,,
190,0.3024971739296273,88.02308802308802,,
191,0.2917823492190538,88.31168831168831,,
192,0.27482024998461874,88.88888888888889,,
193,0.29640416252664675,88.88888888888889,,
194,0.30554308277833,87.01298701298701,,
195,0.300782542724114,86.58008658008659,,
196,0.2939872180916702,87.87878787878788,,
197,0.27884792735394287,88.60028860028861,,
198,0.3070409171939068,87.01298701298701,,
199,0.28814677113578435,89.6103896103896,,
200,0.28574981373797936,89.03318903318903,0.36753235080025415,80.51948051948052
201,0.2676822195235441,89.17748917748918,,
202,0.31799177608276685,86.72438672438672,,
203,0.28270276660613,88.74458874458874,,
204,0.3127051923440132,87.44588744588745,,
205,0.27240144367857927,88.60028860028861,,
206,0.30193655177800344,87.3015873015873,,
207,0.2995362713137402,88.60028860028861,,
208,0.2780428149268397,88.31168831168831,,
209,0.28531135382160305,89.75468975468975,,
210,0.2878245555756756,87.15728715728716,,
211,0.3113079540872299,85.71428571428571,,
212,0.282780962631988,88.31168831168831,,
213,0.25800344433963385,90.76479076479076,,
214,0.29176243623613796,86.86868686868686,,
215,0.2746505441109167,88.16738816738817,,
216,0.2888253189644858,88.31168831168831,,
217,0.2676330158032724,90.04329004329004,,
218,0.2752926129885394,89.32178932178932,,
219,0.29228219936076355,89.03318903318903,,
220,0.27990758567403407,87.5901875901876,,
221,0.27774232871088633,88.31168831168831,,
222,0.2911702592737575,87.44588744588745,,
223,0.27270000893488244,89.6103896103896,,
224,0.28658832057041866,88.45598845598846,,
225,0.2952428503125949,87.5901875901876,0.38904606444495066,81.81818181818181
226,0.28949416683607804,86.72438672438672,,
227,0.25472433265153466,90.76479076479076,,
228,0.30965946737305944,86.58008658008659,,
229,0.2741001844836176,88.02308802308802,,
230,0.26529812825706617,87.87878787878788,,
231,0.2791670435907865,88.74458874458874,,
232,0.2854579836775214,86.86868686868686,,
233,0.2727054585024048,89.6103896103896,,
234,0.2770030148015566,89.03318903318903,,
235,0.2842410404616792,88.60028860028861,,
236,0.27596894581768594,88.31168831168831,,
237,0.26167920124307165,90.18759018759019,,
238,0.2657271489006444,88.45598845598846,,
239,0.2714449428290688,88.88888888888889,,
240,0.2723832785395145,88.31168831168831,,
241,0.29444558099234774,87.15728715728716,,
242,0.2827367406300824,87.73448773448773,,
243,0.2655077519010844,88.02308802308802,,
244,0.26272908321878785,89.03318903318903,,
245,0.277894789715866,88.02308802308802,,
246,0.26811829461980863,89.46608946608947,,
247,0.23651871530266552,90.9090909090909,,
248,0.2637151413063638,89.46608946608947,,
249,0.2730737245100057,88.60028860028861,,
250,0.2796457902801157,88.16738816738817,0.36598680545757345,84.41558441558442
251,0.2554113571713497,89.32178932178932,,
252,0.26432159702155156,89.8989898989899,,
253,0.2520694949410178,88.60028860028861,,
254,0.2684090240800708,88.60028860028861,,
255,0.24757913028092957,89.8989898989899,,
256,0.26457174887818863,89.46608946608947,,
257,0.27280113079503154,88.02308802308802,,
258,0.25114744961863816,89.32178932178932,,
259,0.24612270740719586,90.62049062049061,,
260,0.25908058279692525,89.03318903318903,,
261,0.2665706483316628,87.5901875901876,,
262,0.2666337080138586,88.45598845598846,,
263,0.27131817764018007,88.74458874458874,,
264,0.26256826558670443,89.17748917748918,,
265,0.24706032616321486,89.17748917748918,,
266,0.2566559507604285,89.46608946608947,,
267,0.2609977867739197,88.31168831168831,,
268,0.2756607125729624,88.74458874458874,,
269,0.24930435388979286,89.03318903318903,,
270,0.24572847673903295,90.76479076479076,,
271,0.2574196916724008,89.6103896103896,,
272,0.270159915455148,89.46608946608947,,
273,0.23802143341255566,90.76479076479076,,
274,0.25897628333403433,89.75468975468975,,
275,0.24196324281362228,91.1976911976912,0.40537344828828586,84.41558441558442
276,0.2536931499774322,89.03318903318903,,
277,0.24398715422094985,90.76479076479076,,
278,0.2696007241590371,87.44588744588745,,
279,0.2591303198196499,88.88888888888889,,
280,0.23345112042638647,91.63059163059162,,
281,0.24475307846482183,90.9090909090909,,
282,0.2524885387733729,90.18759018759019,,
283,0.26896122128072414,89.6103896103896,,
284,0.24904271302285133,89.46608946608947,,
285,0.23372310021566967,90.47619047619048,,
286,0.25062979609419256,90.62049062049061,,
287,0.2391337894903117,91.77489177489177,,
288,0.24468524751897153,89.46608946608947,,
289,0.26216557505842925,88.74458874458874,,
290,0.2258672517056417,91.1976911976912,,
291,0.24502753505072036,90.18759018759019,,
292,0.25300467736793286,88.60028860028861,,
293,0.24778513524353418,89.32178932178932,,
294,0.2338872972504917,90.47619047619048,,
295,0.26661004734589766,89.6103896103896,,
296,0.23851971861517962,90.62049062049061,,
297,0.2419509743199204,88.88888888888889,,
298,0.24604737079160727,90.18759018759019,,
299,0.2312711856366924,90.04329004329004,,
300,0.22622556416492529,91.1976911976912,0.3855282014066523,87.01298701298701
301,0.22934636221002536,90.47619047619048,,
302,0.23677446541590091,89.6103896103896,,
303,0.24529377757040796,88.88888888888889,,
304,0.24187056035405458,89.32178932178932,,
305,0.2409020150550688,90.33189033189034,,
306,0.2207894256018629,91.48629148629149,,
307,0.2537053214953231,88.88888888888889,,
308,0.24772786719974502,89.32178932178932,,
309,0.2509181313270442,89.6103896103896,,
310,0.2306016068717446,91.34199134199135,,
311,0.2615957233898911,89.8989898989899,,
312,0.22451561266854728,90.76479076479076,,
313,0.22199609878904375,91.63059163059162,,
314,0.24438463314873143,90.04329004329004,,
315,0.26348766869452783,87.73448773448773,,
316,0.23186390328759926,90.9090909090909,,
317,0.23358932546034863,90.18759018759019,,
318,0.24967439743605527,89.32178932178932,,
319,0.2356494195963569,89.17748917748918,,
320,0.23831329647381758,90.9090909090909,,
321,0.2370557523672543,90.62049062049061,,
322,0.2369451786500293,91.34199134199135,,
323,0.23170001358653905,90.33189033189034,,
324,0.24296123387149574,89.32178932178932,,
325,0.22773953965861043,91.1976911976912,0.4364848342034724,83.11688311688312
326,0.23617662384052468,89.03318903318903,,
327,0.24618042530263484,90.04329004329004,,
328,0.2390324566271398,89.75468975468975,,
329,0.2263398411083015,91.34199134199135,,
330,0.2293709016702048,90.9090909090909,,
331,0.2315527895333791,90.62049062049061,,
332,0.25129639068524345,89.46608946608947,,
333,0.22892117336886958,91.1976911976912,,
334,0.2142561512016846,91.34199134199135,,
335,0.22844439882564682,90.33189033189034,,
336,0.23136512765292652,89.8989898989899,,
337,0.2334362966738222,89.6103896103896,,
338,0.23287246598825825,90.76479076479076,,
339,0.2312107906928138,91.1976911976912,,
340,0.22710201461916363,91.48629148629149,,
341,0.22285452923733434,90.33189033189034,,
342,0.2577999661882202,88.88888888888889,,
343,0.23435291983348466,89.75468975468975,,
344,0.24927801794734009,89.32178932178932,,
345,0.22533429901063184,90.76479076479076,,
346,0.2087727291845484,91.34199134199135,,
347,0.2089999345645932,90.9090909090909,,
348,0.2098452632260357,91.05339105339105,,
349,0.20092486090216286,91.05339105339105,,
350,0.22430604158713877,91.63059163059162,0.46735259929260653,85.71428571428571
351,0.22950820184029197,90.33189033189034,,
352,0.20656897577028427,90.9090909090909,,
353,0.22749347350470087,90.18759018759019,,
354,0.23671074845918158,90.62049062049061,,
355,0.25595338803865175,89.17748917748918,,
356,0.21602756380604804,91.05339105339105,,
357,0.23810784131675572,89.8989898989899,,
358,0.21054073428522802,90.47619047619048,,
359,0.22688081224071344,91.05339105339105,,
360,0.2318307329668068,90.04329004329004,,
361,0.22257383765510322,90.9090909090909,,
362,0.23585021788251692,90.62049062049061,,
363,0.22070427459340763,90.9090909090909,,
364,0.21389844325541763,91.05339105339105,,
365,0.2191265676100705,92.20779220779221,,
366,0.22038096653950678,90.47619047619048,,
367,0.243196025555268,91.1976911976912,,
368,0.2637915561005237,88.45598845598846,,
369,0.2084253654851542,90.18759018759019,,
370,0.23473919531354656,91.05339105339105,,
371,0.22903583782575862,91.77489177489177,,
372,0.22984669208096564,90.76479076479076,,
373,0.23559060885233624,91.1976911976912,,
374,0.22887345391606528,91.05339105339105,,
375,0.2139512121860169,90.76479076479076,0.4788714817592076,83.11688311688312
376,0.22598414021997051,90.62049062049061,,
377,0.2268657326902576,90.33189033189034,,
378,0.23242118668676626,89.75468975468975,,
379,0.2227708384136617,91.05339105339105,,
380,0.20730469245759267,93.07359307359307,,
381,0.22548199504140823,90.62049062049061,,
382,0.23299536577722899,88.74458874458874,,
383,0.23152759778723228,91.34199134199135,,
384,0.21596300765377446,91.34199134199135,,
385,0.20251642939504264,91.48629148629149,,
386,0.20458884801699487,92.20779220779221,,
387,0.23024716920623875,90.04329004329004,,
388,0.21610714865023267,92.06349206349206,,
389,0.20927987736884993,91.48629148629149,,
390,0.21837110220740885,90.9090909090909,,
391,0.20912595957646637,91.34199134199135,,
392,0.21536312962399762,90.62049062049061,,
393,0.2393368754164997,90.76479076479076,,
394,0.2406580817991865,89.6103896103896,,
395,0.21487055499574323,91.1976911976912,,
396,0.23697058331828785,91.48629148629149,,
397,0.21183520504428022,90.33189033189034,,
398,0.20739243763349788,91.63059163059162,,
399,0.21810515321694413,90.04329004329004,,
400,0.21647800251433,90.47619047619048,0.48127500616110763,83.11688311688312
401,0.22189483971134752,91.1976911976912,,
402,0.20747516728926874,91.91919191919192,,
403,0.19879809771308307,91.1976911976912,,
404,0.2141880231330233,91.63059163059162,,
405,0.21521864449780054,92.06349206349206,,
406,0.20502458402045706,91.48629148629149,,
407,0.21034900631223405,91.63059163059162,,
408,0.20327151213029418,92.20779220779221,,
409,0.1902593361888441,92.20779220779221,,
410,0.2150919482993529,91.77489177489177,,
411,0.1968314377174405,93.21789321789322,,
412,0.20444993711309173,90.9090909090909,,
413,0.2058292186481698,90.9090909090909,,
414,0.21353138454290696,91.91919191919192,,
415,0.22196051526228758,91.91919191919192,,
416,0.2016655851752211,90.33189033189034,,
417,0.2141739951411711,91.48629148629149,,
418,0.21065184931992453,90.76479076479076,,
419,0.19969359728337022,91.91919191919192,,
420,0.19368513945549254,93.07359307359307,,
421,0.21452360706669943,90.76479076479076,,
422,0.2017847781229501,92.78499278499278,,
423,0.19264455382614082,92.20779220779221,,
424,0.19944178516214545,91.91919191919192,,
425,0.2166944042514757,92.20779220779221,0.45134749273201086,85.71428571428571
426,0.19701968633380287,91.48629148629149,,
427,0.18412101084922816,92.06349206349206,,
428,0.19738522311739765,92.06349206349206,,
429,0.20297005957511252,92.78499278499278,,
430,0.20221722882891457,91.1976911976912,,
431,0.20192850810108762,91.48629148629149,,
432,0.18633708632504098,92.78499278499278,,
433,0.20506034789319333,92.20779220779221,,
434,0.18615778125983812,92.92929292929293,,
435,0.2135634594751471,91.48629148629149,,
436,0.22398552925609494,90.62049062049061,,
437,0.22121024093070588,91.63059163059162,,
438,0.19583676013595613,91.05339105339105,,
439,0.19437759966303259,91.34199134199135,,
440,0.20700440545059728,91.63059163059162,,
441,0.21110939289326275,91.91919191919192,,
442,0.20460329521420542,91.91919191919192,,
443,0.19687652048180457,92.06349206349206,,
444,0.21123029240024038,90.76479076479076,,
445,0.17740957180917005,92.4963924963925,,
446,0.1839060994754794,93.79509379509379,,
447,0.19013875464587587,92.06349206349206,,
448,0.19403611944953428,91.1976911976912,,
449,0.18896150330960493,93.50649350649351,,
450,0.20204090302296704,91.48629148629149,0.46101356017125117,87.01298701298701
451,0.1912761279643872,91.77489177489177,,
452,0.1977573453648954,91.05339105339105,,
453,0.2048770702439985,92.06349206349206,,
454,0.19804142821918835,91.77489177489177,,
455,0.2173544599380328,90.18759018759019,,
456,0.21090397473107514,92.35209235209236,,
457,0.2014660630778317,92.20779220779221,,
458,0.1844189189815246,91.91919191919192,,
459,0.18627562137350204,92.92929292929293,,
460,0.19177787175232713,92.20779220779221,,
461,0.20721926291783652,90.47619047619048,,
462,0.1963815326986547,91.77489177489177,,
463,0.1967636938132937,92.78499278499278,,
464,0.1985167164737184,92.06349206349206,,
465,0.19763481264334565,92.64069264069263,,
466,0.18417148236158434,92.06349206349206,,
467,0.19181011965522518,92.4963924963925,,
468,0.18983131591203753,91.91919191919192,,
469,0.1899356267496965,92.78499278499278,,
470,0.1909478058632662,92.20779220779221,,
471,0.18796231783657708,93.21789321789322,,
472,0.19134577991733862,92.4963924963925,,
473,0.2202500950808477,91.1976911976912,,
474,0.1742615748578508,92.78499278499278,,
475,0.20293822591858252,91.63059163059162,0.4850959630755635,85.71428571428571
476,0.19785025496503492,91.77489177489177,,
477,0.19159531355721265,93.50649350649351,,
478,0.1735502632407399,93.50649350649351,,
479,0.2114307230706683,90.76479076479076,,
480,0.17896547571931998,92.78499278499278,,
481,0.18233710208647008,92.20779220779221,,
482,0.20626329042522767,89.8989898989899,,
483,0.18802707439555932,92.92929292929293,,
484,0.20488844790413954,91.63059163059162,,
485,0.2006920287748436,91.63059163059162,,
486,0.20448640299071308,92.06349206349206,,
487,0.18449173551617246,92.78499278499278,,
488,0.20071778680812058,92.64069264069263,,
489,0.18498559216572263,92.92929292929293,,
490,0.17708257404068675,93.21789321789322,,
491,0.1986534795246771,91.1976911976912,,
492,0.1964536039172141,92.64069264069263,,
493,0.1950636153011267,91.63059163059162,,
494,0.18592582950516354,92.92929292929293,,
495,0.17987755240407513,92.92929292929293,,
496,0.2007662160227997,91.48629148629149,,
497,0.2007339716194168,93.21789321789322,,
498,0.2037300830881661,91.63059163059162,,
499,0.18151884497254872,92.78499278499278,,
500,0.18370689687145736,92.4963924963925,0.4573601890694011,83.11688311688312
501,0.17622414241782772,92.92929292929293,,
502,0.196288095580207,91.1976911976912,,
503,0.18688505208509482,92.78499278499278,,
504,0.18296388723762522,91.91919191919192,,
505,0.16596363314990528,93.79509379509379,,
506,0.1892902741872559,92.78499278499278,,
507,0.18228923632598026,92.35209235209236,,
508,0.16844563889297057,93.07359307359307,,
509,0.20694589894399326,93.07359307359307,,
510,0.1869339280658298,93.21789321789322,,
511,0.20372777644001905,92.06349206349206,,
512,0.1811065146589348,93.36219336219337,,
513,0.18726888720435325,91.77489177489177,,
514,0.17732796687928457,94.08369408369408,,
515,0.15984061346920195,93.50649350649351,,
516,0.17880413437216486,92.78499278499278,,
517,0.18328203473772323,92.92929292929293,,
518,0.15593387777843173,94.08369408369408,,
519,0.18277068599564,93.21789321789322,,
520,0.1783173938979318,93.50649350649351,,
521,0.16399594450108762,94.22799422799423,,
522,0.18451200763212483,91.63059163059162,,
523,0.1795108424550699,92.06349206349206,,
524,0.18841667908739734,92.4963924963925,,
525,0.1956726735804504,92.64069264069263,0.45108967555033697,87.01298701298701
526,0.17747546464720845,93.21789321789322,,
527,0.18397296485349987,92.06349206349206,,
528,0.19661443328960634,91.91919191919192,,
529,0.15608297677611205,94.37229437229438,,
530,0.18959238850021087,91.77489177489177,,
531,0.1747632237825903,92.64069264069263,,
532,0.1656386267291691,93.93939393939394,,
533,0.18750332968650874,93.79509379509379,,
534,0.16917638977368674,93.65079365079364,,
535,0.18778901947138113,93.50649350649351,,
536,0.16270237924560668,93.21789321789322,,
537,0.17753016703572624,92.4963924963925,,
538,0.17843942920520128,92.35209235209236,,
539,0.1898752883786247,91.34199134199135,,
540,0.1737634525412605,92.78499278499278,,
541,0.17079114647310706,93.36219336219337,,
542,0.18674692803991133,92.06349206349206,,
543,0.19345461586853127,92.4963924963925,,
544,0.17170466198337306,92.35209235209236,,
545,0.1605321698718601,93.21789321789322,,
546,0.16700682353663754,93.79509379509379,,
547,0.16975844145885535,93.93939393939394,,
548,0.18641043825324996,92.35209235209236,,
549,0.18093376405655393,92.4963924963925,,
550,0.1506714756300869,93.65079365079364,0.4902261340772951,87.01298701298701
551,0.18366298860027677,92.20779220779221,,
552,0.18126723642258072,91.91919191919192,,
553,0.1844929438218754,91.77489177489177,,
554,0.16244974667891796,93.36219336219337,,
555,0.158284769053497,93.36219336219337,,
556,0.16847444500661257,92.92929292929293,,
557,0.1722180090124301,93.21789321789322,,
558,0.1680689129822526,93.65079365079364,,
559,0.17707143317031826,93.07359307359307,,
560,0.19660923753637943,91.48629148629149,,
561,0.15986798973525584,93.50649350649351,,
562,0.17311201269320423,92.78499278499278,,
563,0.1618885922771146,94.22799422799423,,
564,0.18949743034519675,92.78499278499278,,
565,0.1779454385090356,92.4963924963925,,
566,0.1842335271628904,92.4963924963925,,
567,0.17607968782234673,93.21789321789322,,
568,0.17942039520193487,92.4963924963925,,
569,0.1760900602561743,92.06349206349206,,
570,0.20978012629401632,92.64069264069263,,
571,0.16806085044343405,93.21789321789322,,
572,0.1532680636532551,93.93939393939394,,
573,0.2054251471123138,91.34199134199135,,
574,0.18996259021810638,92.64069264069263,,
575,0.1793481403206506,91.91919191919192,0.4760888195657111,88.31168831168831
576,0.15595304931569065,94.66089466089466,,
577,0.18508570759811185,92.4963924963925,,
578,0.18203960876229178,92.4963924963925,,
579,0.17980543648740774,92.20779220779221,,
580,0.1663187386529872,92.92929292929293,,
581,0.20579592208411615,91.48629148629149,,
582,0.18062450605831654,93.36219336219337,,
583,0.17425689630178146,92.35209235209236,,
584,0.16881968628771032,93.36219336219337,,
585,0.14532289863664866,93.93939393939394,,
586,0.1663009352756269,92.78499278499278,,
587,0.1360860209465887,94.8051948051948,,
588,0.15483661299144036,93.36219336219337,,
589,0.170342817795053,92.06349206349206,,
590,0.1905590925811861,92.92929292929293,,
591,0.17897227763441562,93.07359307359307,,
592,0.17027312625753244,92.4963924963925,,
593,0.17646058629472533,93.21789321789322,,
594,0.16909498240782586,93.93939393939394,,
595,0.18321457006370523,92.78499278499278,,
596,0.17675002853011157,92.20779220779221,,
597,0.14461569568682542,94.51659451659452,,
598,0.16367303931609892,93.36219336219337,,
599,0.18609033737863814,92.92929292929293,,
600,0.18213091896037864,92.35209235209236,0.5662823745182582,87.01298701298701
601,0.17151796859709215,92.06349206349206,,
602,0.16159920520747206,93.07359307359307,,
603,0.16934322489460482,93.07359307359307,,
604,0.18422954517697532,92.64069264069263,,
605,0.20358415659715948,92.20779220779221,,
606,0.16436973237802113,93.50649350649351,,
607,0.1696992993010759,94.94949494949495,,
608,0.17604393870831825,93.21789321789322,,
609,0.13739346535432906,93.93939393939394,,
610,0.1355807449880982,94.8051948051948,,
611,0.1591394083012664,92.92929292929293,,
612,0.14815293655100495,93.65079365079364,,
613,0.14072681002286605,94.22799422799423,,
614,0.1779108839956197,92.78499278499278,,
615,0.16454244606078616,93.65079365079364,,
616,0.1633829094716825,93.50649350649351,,
617,0.17812240949709607,93.50649350649351,,
618,0.16707941560776202,93.21789321789322,,
619,0.1889981906672921,93.07359307359307,,
620,0.1682278553284651,93.07359307359307,,
621,0.1680968665728859,93.21789321789322,,
622,0.16227086445297859,92.78499278499278,,
623,0.1437211317395923,94.94949494949495,,
624,0.18296013088711413,92.64069264069263,,
625,0.16058458798278719,93.65079365079364,0.5052469597234355,87.01298701298701
626,0.1554304375319942,93.65079365079364,,
627,0.14593349472440856,93.93939393939394,,
628,0.15343716054681747,92.92929292929293,,
629,0.1620939170987403,93.50649350649351,,
630,0.17148945527890372,92.4963924963925,,
631,0.17461331526535157,92.92929292929293,,
632,0.1609680965263262,93.79509379509379,,
633,0.20404753073899431,91.34199134199135,,
634,0.15505223920162967,94.08369408369408,,
635,0.16085327828966867,93.50649350649351,,
636,0.1621154715692756,93.50649350649351,,
637,0.15750796992928434,94.22799422799423,,
638,0.16894231522711153,92.64069264069263,,
639,0.15700131617647745,93.65079365079364,,
640,0.16799413037458152,93.50649350649351,,
641,0.1744632926563938,93.65079365079364,,
642,0.16072089263758102,93.93939393939394,,
643,0.1526895278976077,93.36219336219337,,
644,0.1517841476855684,93.79509379509379,,
645,0.1660149633389875,93.21789321789322,,
646,0.15903135811611688,93.65079365079364,,
647,0.1541293678216604,93.21789321789322,,
648,0.16876366185118455,92.92929292929293,,
649,0.17091811321908273,92.20779220779221,,
650,0.1534229384313242,94.66089466089466,0.5031922490565808,87.01298701298701
651,0.16569651659271675,92.92929292929293,,
652,0.1498404252752769,94.8051948051948,,
653,0.1377976050151547,93.50649350649351,,
654,0.1713798443476359,92.4963924963925,,
655,0.16423282061648403,93.36219336219337,,
656,0.14671281120077334,94.8051948051948,,
657,0.15328017500743893,93.50649350649351,,
658,0.18552375410671357,92.20779220779221,,
659,0.17225737710621794,92.78499278499278,,
660,0.17272712593470818,92.20779220779221,,
661,0.15584847199882434,94.8051948051948,,
662,0.16158845058466276,93.36219336219337,,
663,0.15788131358819607,93.65079365079364,,
664,0.17067538130851018,92.78499278499278,,
665,0.15555349369714785,93.79509379509379,,
666,0.16701979802929479,93.93939393939394,,
667,0.16760132784591006,93.65079365079364,,
668,0.1481420090489229,94.51659451659452,,
669,0.16546831827229064,93.36219336219337,,
670,0.14545868361613365,95.23809523809524,,
671,0.13562001143871102,93.93939393939394,,
672,0.15182016744758142,94.66089466089466,,
673,0.1523965261070243,93.21789321789322,,
674,0.1485695719374895,94.66089466089466,,
675,0.15125281726041054,93.93939393939394,0.4920884185023122,88.31168831168831
676,0.15300481555738835,94.51659451659452,,
677,0.17095012015637553,93.79509379509379,,
678,0.15032824481135937,94.51659451659452,,
679,0.15893528004100313,92.92929292929293,,
680,0.15427785535567423,94.66089466089466,,
681,0.16572159215066082,93.93939393939394,,
682,0.1365685984169766,94.08369408369408,,
683,0.13192546145095455,95.0937950937951,,
684,0.15155741302524983,94.51659451659452,,
685,0.14671000724317018,94.37229437229438,,
686,0.1558240338256865,93.07359307359307,,
687,0.15521906610863206,94.22799422799423,,
688,0.1407745238286033,94.94949494949495,,
689,0.15574100254504022,93.36219336219337,,
690,0.15598936191347426,93.79509379509379,,
691,0.1418645582974903,93.93939393939394,,
692,0.15799018190192626,94.08369408369408,,
693,0.14440893360869192,94.66089466089466,,
694,0.14210454270265147,93.79509379509379,,
695,0.1483288508763303,93.93939393939394,,
696,0.1504139361357448,93.79509379509379,,
697,0.1489097231738323,94.22799422799423,,
698,0.14736359002012195,93.93939393939394,,
699,0.16107273381337803,93.07359307359307,,
700,0.15185949365469972,94.8051948051948,0.531740866698228,87.01298701298701
701,0.14399675369090675,94.8051948051948,,
702,0.1841363866005797,92.64069264069263,,
703,0.1708970508130985,92.06349206349206,,
704,0.1442799393576805,93.50649350649351,,
705,0.17512256347857857,92.4963924963925,,
706,0.1579930434731866,94.08369408369408,,
707,0.1487933701874546,93.36219336219337,,
708,0.17080723516062482,93.21789321789322,,
709,0.13480410004480814,95.23809523809524,,
710,0.1348756379105183,94.22799422799423,,
711,0.1610495402527406,93.21789321789322,,
712,0.148107864596971,93.79509379509379,,
713,0.1454019718097918,94.8051948051948,,
714,0.13984426948501263,93.93939393939394,,
715,0.13827965859038832,94.94949494949495,,
716,0.132425255105867,95.0937950937951,,
717,0.15972939340067116,93.50649350649351,,
718,0.15053432780985881,94.22799422799423,,
719,0.13927989109038963,94.51659451659452,,
720,0.15632300727972478,94.8051948051948,,
721,0.13338252004305864,94.51659451659452,,
722,0.17100254651615973,94.08369408369408,,
723,0.14302965250366179,94.8051948051948,,
724,0.15465965187566794,93.93939393939394,,
725,0.16065792161111234,92.78499278499278,0.56808661950099,85.71428571428571
726,0.15428469242987694,94.37229437229438,,
727,0.14569202235336773,93.93939393939394,,
728,0.1628709626404238,93.36219336219337,,
729,0.12812695005024322,95.23809523809524,,
730,0.16719515198064916,93.93939393939394,,
731,0.13336305584742394,94.94949494949495,,
732,0.13879858887341803,94.94949494949495,,
733,0.14011599364304783,94.08369408369408,,
734,0.15720873707730704,93.50649350649351,,
735,0.16043091723413178,93.07359307359307,,
736,0.1683013081808627,93.93939393939394,,
737,0.13935191966969557,94.37229437229438,,
738,0.16773236148908713,93.50649350649351,,
739,0.1444330607012753,94.51659451659452,,
740,0.14037751302144572,94.66089466089466,,
741,0.17543741570406662,92.78499278499278,,
742,0.1424233830314866,94.66089466089466,,
743,0.1244189828677267,94.66089466089466,,
744,0.1478729709232976,93.21789321789322,,
745,0.15050523839407154,94.37229437229438,,
746,0.14732308962085375,94.37229437229438,,
747,0.12647295868814443,94.51659451659452,,
748,0.14811731979229406,94.66089466089466,,
749,0.12806036596254997,94.66089466089466,,
750,0.12527411493968654,95.52669552669553,0.5424470773765019,88.31168831168831
751,0.13691837068588014,94.37229437229438,,
752,0.1503395305309461,93.21789321789322,,
753,0.15364386911086017,94.08369408369408,,
754,0.15727922475183165,92.64069264069263,,
755,0.12813355895444686,94.37229437229438,,
756,0.14638999721618615,94.22799422799423,,
757,0.1473926624436399,93.36219336219337,,
758,0.16690044917843558,93.93939393939394,,
759,0.1975925387747446,92.64069264069263,,
760,0.15285467918731088,93.79509379509379,,
761,0.1333060110200191,94.94949494949495,,
762,0.1490740603935323,94.22799422799423,,
763,0.15368968069091074,92.78499278499278,,
764,0.1345107120772203,93.79509379509379,,
765,0.15368639977587034,94.37229437229438,,
766,0.13296247530637192,94.51659451659452,,
767,0.13713156707144059,94.94949494949495,,
768,0.1324981161289745,94.8051948051948,,
769,0.13441675602529643,94.08369408369408,,
770,0.14271841855104178,94.22799422799423,,
771,0.15713119534923445,93.21789321789322,,
772,0.1388944223157599,94.22799422799423,,
773,0.13380920083878875,95.81529581529581,,
774,0.14439970280700948,93.79509379509379,,
775,0.1441888285405708,94.51659451659452,0.5383975420679364,88.31168831168831
776,0.12396342633090494,95.23809523809524,,
777,0.14742251263036357,93.79509379509379,,
778,0.1264663292538552,94.94949494949495,,
779,0.14981190552921564,93.65079365079364,,
780,0.14754550924462845,93.65079365079364,,
781,0.1467302106629955,93.50649350649351,,
782,0.13899787322955387,94.08369408369408,,
783,0.1184779627928658,95.23809523809524,,
784,0.13978890310247222,94.8051948051948,,
785,0.1333419538787089,93.21789321789322,,
786,0.1447598950300382,94.51659451659452,,
787,0.15586265766775453,93.21789321789322,,
788,0.16312722920360848,93.79509379509379,,
789,0.14690572758773704,94.8051948051948,,
790,0.18038868650654263,94.08369408369408,,
791,0.18297003006326065,92.20779220779221,,
792,0.1490511552821764,95.23809523809524,,
793,0.1443869975351152,94.51659451659452,,
794,0.12062628449493157,94.94949494949495,,
795,0.1364336342189305,94.08369408369408,,
796,0.15839467555671544,93.21789321789322,,
797,0.11875499540894234,95.38239538239539,,
798,0.14432961803264271,94.8051948051948,,
799,0.1329546368416818,95.38239538239539,,
800,0.1346734594661221,94.8051948051948,0.5179553016439661,87.01298701298701
801,0.12385160945796692,95.52669552669553,,
802,0.1200346779750195,95.81529581529581,,
803,0.13168789408187156,94.22799422799423,,
804,0.1259424312075151,94.94949494949495,,
805,0.11650751551551393,95.0937950937951,,
806,0.1264379944878766,94.22799422799423,,
807,0.118942727903267,95.67099567099567,,
808,0.12642477207627648,94.66089466089466,,
809,0.11694797931553481,95.23809523809524,,
810,0.1275180916639225,95.0937950937951,,
811,0.14186256533168784,95.0937950937951,,
812,0.14519536386890414,94.37229437229438,,
813,0.11600636495451992,95.67099567099567,,
814,0.12427251494098536,95.23809523809524,,
815,0.1303008669237425,94.51659451659452,,
816,0.13221891668056035,95.0937950937951,,
817,0.1415179246098534,94.66089466089466,,
818,0.1185283830757609,94.66089466089466,,
819,0.15196271587672547,93.93939393939394,,
820,0.12523213762139518,94.08369408369408,,
821,0.11870321382541334,95.67099567099567,,
822,0.12630923764852733,95.0937950937951,,
823,0.17611438471388507,93.93939393939394,,
824,0.1331721247855203,94.51659451659452,,
825,0.12738222346948877,94.66089466089466,0.5768593990957582,85.71428571428571
826,0.16063580971646618,93.79509379509379,,
827,0.13040146068233088,94.8051948051948,,
828,0.13816280549050752,94.37229437229438,,
829,0.13167068332132667,94.51659451659452,,
830,0.14154834333608332,94.94949494949495,,
831,0.14874604834085076,93.65079365079364,,
832,0.18377542514004577,94.08369408369408,,
833,0.1365282487495121,95.67099567099567,,
834,0.12883785514303445,95.81529581529581,,
835,0.1342262549804252,94.8051948051948,,
836,0.1478584051390231,93.79509379509379,,
837,0.1575655664544429,94.37229437229438,,
838,0.12032289990443336,95.23809523809524,,
839,0.13558165075372997,94.37229437229438,,
840,0.1330037203013983,95.52669552669553,,
841,0.1227711011933816,95.52669552669553,,
842,0.13995404396351283,94.22799422799423,,
843,0.1189832528367703,95.81529581529581,,
844,0.1313336274356811,93.93939393939394,,
845,0.11753092172675232,96.24819624819625,,
846,0.11659480946899148,94.8051948051948,,
847,0.1487435737213531,94.37229437229438,,
848,0.15218432737893356,93.36219336219337,,
849,0.1311258329360774,95.0937950937951,,
850,0.13784570965988488,94.8051948051948,0.5758116934206579,87.01298701298701
851,0.14257422121830318,94.8051948051948,,
852,0.131191262467341,94.94949494949495,,
853,0.11513888358553767,95.23809523809524,,
854,0.11656725492656317,95.67099567099567,,
855,0.1257444376295263,94.51659451659452,,
856,0.15310552719480547,92.92929292929293,,
857,0.15319566171976481,94.08369408369408,,
858,0.1284762795149076,94.8051948051948,,
859,0.13360042743281358,94.22799422799423,,
860,0.11443553042489213,95.52669552669553,,
861,0.141322056187685,93.93939393939394,,
862,0.1258350893489554,94.37229437229438,,
863,0.12754775856824493,94.66089466089466,,
864,0.12229699970452816,94.66089466089466,,
865,0.14971959353310377,93.79509379509379,,
866,0.13670836042876194,94.66089466089466,,
867,0.1348007446501678,94.8051948051948,,
868,0.14347283953927123,94.22799422799423,,
869,0.11268794743013588,96.1038961038961,,
870,0.13212557638018335,93.93939393939394,,
871,0.12604180270803267,94.8051948051948,,
872,0.11374070958743708,96.68109668109668,,
873,0.1372969418033033,94.94949494949495,,
874,0.13671045123584688,94.37229437229438,,
875,0.10500619125056576,96.1038961038961,0.5917595888113046,87.01298701298701
876,0.11045666618412428,95.67099567099567,,
877,0.12978061390731585,94.66089466089466,,
878,0.16658040027914925,93.65079365079364,,
879,0.1285208829478354,95.0937950937951,,
880,0.1432463118932808,94.66089466089466,,
881,0.1306952297214478,94.37229437229438,,
882,0.1400318629770912,94.22799422799423,,
883,0.14457396366250463,94.37229437229438,,
884,0.12781347104279478,95.52669552669553,,
885,0.14915596045188143,94.22799422799423,,
886,0.11278356017187388,95.81529581529581,,
887,0.10374819574149226,96.3924963924964,,
888,0.11699302647327318,95.38239538239539,,
889,0.13455573521543718,94.66089466089466,,
890,0.12551578586923784,95.23809523809524,,
891,0.1534597897313503,94.8051948051948,,
892,0.12040873753474045,95.38239538239539,,
893,0.1380898052286276,94.8051948051948,,
894,0.11695758118408411,95.81529581529581,,
895,0.12799703137355106,93.93939393939394,,
896,0.11666047111325621,95.95959595959596,,
897,0.12665967142255102,94.94949494949495,,
898,0.13814837611340858,94.66089466089466,,
899,0.12467060351279305,95.0937950937951,,
900,0.10426843553394466,95.95959595959596,0.6424414105229563,85.71428571428571
901,0.14533080319735567,94.08369408369408,,
902,0.10874366179689185,94.8051948051948,,
903,0.12196673899297676,94.94949494949495,,
904,0.11573130515918759,95.67099567099567,,
905,0.13385423297575885,95.23809523809524,,
906,0.1308560941642497,94.08369408369408,,
907,0.14332737688722377,95.38239538239539,,
908,0.13310597835896162,94.66089466089466,,
909,0.13031238231480036,95.0937950937951,,
910,0.10502606219629533,95.52669552669553,,
911,0.11105642565035545,95.81529581529581,,
912,0.1316282268382426,95.23809523809524,,
913,0.1400007912176856,94.22799422799423,,
914,0.1215692280239357,95.38239538239539,,
915,0.11753848752525634,95.23809523809524,,
916,0.12556848642586807,95.67099567099567,,
917,0.12894452198221742,95.67099567099567,,
918,0.12084546152026558,95.0937950937951,,
919,0.1503408742157412,93.79509379509379,,
920,0.10800870408506964,96.53679653679653,,
921,0.14539557089021196,94.94949494949495,,
922,0.12604120562946985,95.38239538239539,,
923,0.14319954466338108,94.08369408369408,,
924,0.11614351933566695,95.38239538239539,,
925,0.11070174999094284,95.81529581529581,0.6520175152010732,88.31168831168831
926,0.12867764866283274,95.38239538239539,,
927,0.14717164532446758,95.52669552669553,,
928,0.1363575766655962,93.93939393939394,,
929,0.13590375186733009,94.94949494949495,,
930,0.11796714260120585,95.52669552669553,,
931,0.1390228829686604,94.22799422799423,,
932,0.12729304525490534,95.81529581529581,,
933,0.12225518613236636,95.52669552669553,,
934,0.12020045712396696,94.94949494949495,,
935,0.1122134363367444,95.38239538239539,,
936,0.10848105863317267,96.1038961038961,,
937,0.10282786044831056,95.95959595959596,,
938,0.1329812260685975,94.51659451659452,,
939,0.12000183321395821,95.67099567099567,,
940,0.14068640613710726,94.22799422799423,,
941,0.11496482717214639,94.94949494949495,,
942,0.14317342149789888,94.8051948051948,,
943,0.13167911608841856,95.23809523809524,,
944,0.11623479133474535,95.38239538239539,,
945,0.11918852512669598,95.38239538239539,,
946,0.12770858476836164,94.37229437229438,,
947,0.1140976081807892,95.52669552669553,,
948,0.12337739114121442,94.8051948051948,,
949,0.12845835678849213,95.0937950937951,,
950,0.13116123920244743,94.08369408369408,0.6205193346196954,87.01298701298701
951,0.12176161860673544,94.51659451659452,,
952,0.12284787608589691,94.94949494949495,,
953,0.12065898733479637,94.8051948051948,,
954,0.1287943370113469,93.93939393939394,,
955,0.11340072706965312,94.94949494949495,,
956,0.11997770196334882,95.67099567099567,,
957,0.1277565603274825,94.8051948051948,,
958,0.09846756349870073,96.1038961038961,,
959,0.13544197658998797,94.37229437229438,,
960,0.0951449532857404,96.82539682539682,,
961,0.14526386896597188,94.66089466089466,,
962,0.10600127017429209,95.38239538239539,,
963,0.1379965425698788,95.38239538239539,,
964,0.11075393510995833,95.67099567099567,,
965,0.1167546838742357,96.24819624819625,,
966,0.13444167123986528,94.94949494949495,,
967,0.12590586986462618,94.66089466089466,,
968,0.1042714086273876,96.24819624819625,,
969,0.12452972998565753,94.8051948051948,,
970,0.11044593835934932,95.52669552669553,,
971,0.11717404801436145,94.51659451659452,,
972,0.12854959720054918,95.23809523809524,,
973,0.1204458564025327,95.52669552669553,,
974,0.10880840190217264,96.24819624819625,,
975,0.11047233482029875,95.23809523809524,0.6015085864376712,87.01298701298701
976,0.11796777688966685,95.52669552669553,,
977,0.11927971388999518,94.8051948051948,,
978,0.1320778638887801,94.8051948051948,,
979,0.11476036665415523,95.52669552669553,,
980,0.13193272704642917,95.23809523809524,,
981,0.10547667930862217,95.81529581529581,,
982,0.12743456560639935,94.22799422799423,,
983,0.11488749734078994,96.24819624819625,,
984,0.1353549970176829,94.66089466089466,,
985,0.13470541547129164,94.94949494949495,,
986,0.13801267806542727,95.52669552669553,,
987,0.11750305518185422,95.23809523809524,,
988,0.14590936136656424,94.22799422799423,,
989,0.13031327080997554,94.51659451659452,,
990,0.1257757053940327,94.51659451659452,,
991,0.13142916023150666,94.22799422799423,,
992,0.1019589106416569,96.1038961038961,,
993,0.12915972771840695,95.23809523809524,,
994,0.11916917482925872,94.94949494949495,,
995,0.12790525745409628,95.23809523809524,,
996,0.12648612652162108,95.0937950937951,,
997,0.12935971259038687,95.23809523809524,,
998,0.12734772204750716,94.22799422799423,,
999,0.10266196338559298,95.67099567099567,,
1000,0.11804130732540101,95.67099567099567,0.6260124197253933,87.01298701298701
