epoch,train_loss,train_acc,test_loss,test_acc
1,0.687813750421158,55.98845598845599,0.6854570213850443,55.84415584415584
2,0.6872731403354958,55.98845598845599,,
3,0.6849080378359015,55.98845598845599,,
4,0.6812129818859899,55.98845598845599,,
5,0.6800014748201741,55.98845598845599,,
6,0.6763285678874534,55.98845598845599,,
7,0.6720022796552418,55.98845598845599,,
8,0.6669728915928762,55.98845598845599,,
9,0.6620579113347878,57.142857142857146,,
10,0.6555387966904633,58.58585858585859,,
11,0.6533811785613992,59.45165945165945,,
12,0.6446050900057453,59.74025974025974,,
13,0.6321672240721027,63.05916305916306,,
14,0.6250295474759772,63.78066378066378,,
15,0.6303556671562305,63.63636363636363,,
16,0.6152988589687265,67.82106782106783,,
17,0.6103946190719824,68.54256854256855,,
18,0.604278152983254,67.53246753246754,,
19,0.5912422840557401,68.83116883116882,,
20,0.588987823817637,68.3982683982684,,
21,0.5932623370729312,70.85137085137085,,
22,0.567681938882858,71.42857142857143,,
23,0.5777643347887422,70.99567099567099,,
24,0.5695098721103751,71.86147186147186,,
25,0.5622470105365241,72.15007215007215,0.5823270701742792,68.83116883116882
26,0.5514343373187176,73.44877344877345,,
27,0.5433281576650655,72.58297258297259,,
28,0.5456090643894449,73.3044733044733,,
29,0.5382733532532641,72.2943722943723,,
30,0.5323424042991401,74.60317460317461,,
31,0.5176984228269018,75.32467532467533,,
32,0.5215940051436596,75.03607503607503,,
33,0.5226864063894594,74.89177489177489,,
34,0.5139576391052202,75.46897546897547,,
35,0.5192766131518723,76.91197691197691,,
36,0.5108108183780273,75.18037518037518,,
37,0.5169726780052653,74.89177489177489,,
38,0.49422080847092004,78.21067821067821,,
39,0.492520734560266,77.2005772005772,,
40,0.506576469235262,76.19047619047619,,
41,0.499979714853595,77.05627705627705,,
42,0.4713703492417136,80.37518037518038,,
43,0.48537231876392556,77.34487734487735,,
44,0.47839691508211957,77.77777777777777,,
45,0.4893706405661667,76.62337662337663,,
46,0.4564068770683861,80.37518037518038,,
47,0.4556468271073841,79.79797979797979,,
48,0.4526046999605187,78.06637806637806,,
49,0.47495778711327225,78.64357864357865,,
50,0.4593205498840558,77.2005772005772,0.5004627735583813,77.92207792207792
51,0.43302465254954275,80.23088023088023,,
52,0.4660695292388894,78.21067821067821,,
53,0.4369205060545328,79.94227994227994,,
54,0.44443270671591273,80.66378066378067,,
55,0.45563904263756494,79.50937950937951,,
56,0.4414732741329061,80.37518037518038,,
57,0.44168292362280565,80.08658008658008,,
58,0.4531627201930785,80.66378066378067,,
59,0.4297439705413829,80.08658008658008,,
60,0.41386805648927566,82.53968253968254,,
61,0.4558879557626072,78.64357864357865,,
62,0.44489704203640057,78.21067821067821,,
63,0.43759062520697345,79.22077922077922,,
64,0.43602769234866806,79.50937950937951,,
65,0.42614547893254445,81.24098124098124,,
66,0.4142174994274651,81.24098124098124,,
67,0.42254313886767686,80.8080808080808,,
68,0.41731879196813787,80.66378066378067,,
69,0.4218373444216248,80.95238095238095,,
70,0.40767774407309715,81.24098124098124,,
71,0.4106842546924024,80.95238095238095,,
72,0.40979846748610765,81.24098124098124,,
73,0.3993498118752869,82.1067821067821,,
74,0.40434222613578236,81.0966810966811,,
75,0.4073942662532539,82.82828282828282,0.477975125436659,80.51948051948052
76,0.4093089833812624,82.25108225108225,,
77,0.3854857232491519,82.97258297258297,,
78,0.4123422010636433,80.66378066378067,,
79,0.41111293314683317,81.24098124098124,,
80,0.40663277079360655,79.65367965367966,,
81,0.4007113895030937,83.11688311688312,,
82,0.38554396326579743,81.81818181818181,,
83,0.39415371865249127,81.0966810966811,,
84,0.40682104053607404,82.3953823953824,,
85,0.40025705606562406,81.24098124098124,,
86,0.38305512453398494,83.54978354978356,,
87,0.35996710936959514,84.41558441558442,,
88,0.3566191171713894,85.71428571428571,,
89,0.3699676693345905,83.83838383838383,,
90,0.3854673614061584,83.26118326118326,,
91,0.37237722670705115,83.83838383838383,,
92,0.38272376562781835,82.68398268398268,,
93,0.3783250314762754,84.84848484848484,,
94,0.3967628011111745,83.69408369408369,,
95,0.3910691999812835,82.25108225108225,,
96,0.37681400389941394,83.98268398268398,,
97,0.37174056119905063,83.54978354978356,,
98,0.37476684064920157,83.11688311688312,,
99,0.37095871040917405,82.82828282828282,,
100,0.3622639937834306,84.41558441558442,0.4760159803675367,79.22077922077922
101,0.38289265745301954,83.40548340548341,,
102,0.37923608937476794,83.11688311688312,,
103,0.3849094697579333,83.26118326118326,,
104,0.38472309267796134,82.97258297258297,,
105,0.3797028734742477,82.82828282828282,,
106,0.3703305977591532,83.98268398268398,,
107,0.3582203391009423,84.84848484848484,,
108,0.3442334881076565,84.55988455988457,,
109,0.3702497198898211,83.11688311688312,,
110,0.3599294761429617,83.40548340548341,,
111,0.3610471017432935,83.54978354978356,,
112,0.3455111434277346,85.42568542568543,,
113,0.36661857302054696,83.26118326118326,,
114,0.3452204167842865,86.58008658008659,,
115,0.3443737103997543,83.54978354978356,,
116,0.3661835358449907,84.84848484848484,,
117,0.37123085222977065,83.83838383838383,,
118,0.34471441652695683,85.42568542568543,,
119,0.3565455525898486,85.28138528138528,,
120,0.3742011174409076,83.26118326118326,,
121,0.37283672798763623,83.54978354978356,,
122,0.343376150636962,84.27128427128427,,
123,0.3453682651595464,85.56998556998558,,
124,0.3522626906203329,84.12698412698413,,
125,0.3423600383049138,85.56998556998558,0.4569502248392477,76.62337662337663
126,0.34634251856012604,84.55988455988457,,
127,0.3387279981723079,83.83838383838383,,
128,0.33082203964822393,86.14718614718615,,
129,0.3374966350726751,85.13708513708514,,
130,0.326277801828811,86.72438672438672,,
131,0.3269763763504799,86.2914862914863,,
132,0.3315609553546617,85.56998556998558,,
133,0.35179246641684747,84.7041847041847,,
134,0.34676322465679177,86.002886002886,,
135,0.33529619068380384,86.2914862914863,,
136,0.3429289000030892,83.54978354978356,,
137,0.3190332604693128,86.2914862914863,,
138,0.3217770663690773,86.72438672438672,,
139,0.3123448782669001,86.2914862914863,,
140,0.3079229797119702,86.72438672438672,,
141,0.3276104163297843,87.01298701298701,,
142,0.335031114658408,85.56998556998558,,
143,0.32722665999530887,86.86868686868686,,
144,0.32744910483064416,87.3015873015873,,
145,0.33254928110653875,85.85858585858585,,
146,0.31633452979732213,86.43578643578644,,
147,0.3370488476099562,84.7041847041847,,
148,0.34320027500520023,84.7041847041847,,
149,0.3206899337911331,86.14718614718615,,
150,0.3344725292138379,85.85858585858585,0.4419419037831294,79.22077922077922
151,0.29520280768860985,87.5901875901876,,
152,0.33474158350523414,85.71428571428571,,
153,0.32587299986190094,85.71428571428571,,
154,0.3177869932734089,86.86868686868686,,
155,0.3008292334162312,86.58008658008659,,
156,0.334538085722132,85.28138528138528,,
157,0.31592156803625143,86.002886002886,,
158,0.3339326679276525,86.2914862914863,,
159,0.3172142861940472,86.002886002886,,
160,0.3309742964879431,86.14718614718615,,
161,0.3170460216582768,84.55988455988457,,
162,0.30996437151452677,88.02308802308802,,
163,0.32050884999926127,86.58008658008659,,
164,0.3153696342722162,86.72438672438672,,
165,0.31768497364517584,86.58008658008659,,
166,0.32703329895825956,86.43578643578644,,
167,0.3165953734736422,86.72438672438672,,
168,0.3046283968341299,87.01298701298701,,
169,0.3021267448883896,86.72438672438672,,
170,0.28214438115535534,87.3015873015873,,
171,0.3379931997771215,86.72438672438672,,
172,0.32547677492166494,86.86868686868686,,
173,0.30529638346483523,86.86868686868686,,
174,0.30127726157678325,87.15728715728716,,
175,0.29825618867406256,87.5901875901876,0.4656138149174777,80.51948051948052
176,0.32895430440854545,86.43578643578644,,
177,0.30940325504429583,88.02308802308802,,
178,0.2836363003367469,88.88888888888889,,
179,0.31901635756396285,87.01298701298701,,
180,0.305118460122168,86.43578643578644,,
181,0.33025189913798547,86.002886002886,,
182,0.3140876307804003,87.5901875901876,,
183,0.3177806672251758,86.58008658008659,,
184,0.30379849754026617,88.16738816738817,,
185,0.3041713502671983,87.3015873015873,,
186,0.2855354470952077,88.31168831168831,,
187,0.29456820159419445,87.3015873015873,,
188,0.302657646706266,87.87878787878788,,
189,0.29567706851560144,87.87878787878788,,
190,0.2959782783087198,86.72438672438672,,
191,0.30860082678292566,86.58008658008659,,
192,0.26548672201915563,89.8989898989899,,
193,0.2801058686742879,87.3015873015873,,
194,0.2963751344410716,87.73448773448773,,
195,0.2847669697857178,87.01298701298701,,
196,0.26919591878399707,89.6103896103896,,
197,0.2908930101607957,88.02308802308802,,
198,0.30237344264296057,88.02308802308802,,
199,0.27059316742643824,88.74458874458874,,
200,0.28835016738456737,88.60028860028861,0.454462468624115,80.51948051948052
201,0.3011911686020668,89.03318903318903,,
202,0.28531186409498877,87.73448773448773,,
203,0.29365107451510464,88.31168831168831,,
204,0.32076807958739145,85.85858585858585,,
205,0.2644798301300101,91.05339105339105,,
206,0.274194334062491,87.73448773448773,,
207,0.2815353603762122,88.16738816738817,,
208,0.2729888157798098,88.74458874458874,,
209,0.29615199909925805,86.14718614718615,,
210,0.29053166805407704,87.87878787878788,,
211,0.27658270077959973,87.5901875901876,,
212,0.27178573771816655,88.31168831168831,,
213,0.2810353905521602,88.16738816738817,,
214,0.2736511401627831,88.02308802308802,,
215,0.2776517846109547,87.3015873015873,,
216,0.27928996778497794,89.8989898989899,,
217,0.2678798368740907,88.74458874458874,,
218,0.29267006463130657,88.31168831168831,,
219,0.3044907469490562,87.01298701298701,,
220,0.2742983777973731,89.17748917748918,,
221,0.27439407954828393,88.16738816738817,,
222,0.2811361045440898,87.5901875901876,,
223,0.26922557178298806,88.60028860028861,,
224,0.2695671921598619,89.46608946608947,,
225,0.27004335977642396,89.32178932178932,0.4773567651773428,79.22077922077922
226,0.26528247395291127,89.6103896103896,,
227,0.26461361131454786,90.47619047619048,,
228,0.2744257405378774,88.31168831168831,,
229,0.2735645200998064,88.31168831168831,,
230,0.2819395822407019,87.5901875901876,,
231,0.28072230236182827,88.02308802308802,,
232,0.2677268149790826,88.45598845598846,,
233,0.2930416578768308,87.44588744588745,,
234,0.29685282348124326,87.5901875901876,,
235,0.26592005425889426,88.74458874458874,,
236,0.26850010553565723,87.44588744588745,,
237,0.28781575273082716,88.45598845598846,,
238,0.2562804453472726,89.6103896103896,,
239,0.2893919134552861,88.45598845598846,,
240,0.25572000669710565,89.6103896103896,,
241,0.26134938027435567,89.46608946608947,,
242,0.27273790957607746,89.17748917748918,,
243,0.27005073948512004,88.45598845598846,,
244,0.27472396343301386,89.75468975468975,,
245,0.256146026143608,89.75468975468975,,
246,0.27138933552292005,89.32178932178932,,
247,0.24451810947228303,90.04329004329004,,
248,0.2648230735615734,89.32178932178932,,
249,0.2737360072428358,87.87878787878788,,
250,0.24527898452326677,89.03318903318903,0.4669714740344456,79.22077922077922
251,0.2638015058993605,88.74458874458874,,
252,0.2459777422292322,90.33189033189034,,
253,0.2601473309949019,88.45598845598846,,
254,0.2600573518919566,89.32178932178932,,
255,0.26145641451962237,89.32178932178932,,
256,0.26838521816341737,88.60028860028861,,
257,0.27013820276459916,88.31168831168831,,
258,0.2790332492467817,88.16738816738817,,
259,0.2489498888517355,90.62049062049061,,
260,0.23835959671465692,89.8989898989899,,
261,0.27236471070355667,88.45598845598846,,
262,0.24184701104700823,90.47619047619048,,
263,0.2491987661107794,89.6103896103896,,
264,0.24354078621747347,90.04329004329004,,
265,0.25893857769807865,88.60028860028861,,
266,0.23626909584538072,89.6103896103896,,
267,0.24844939759455373,90.18759018759019,,
268,0.25467554718514024,89.75468975468975,,
269,0.24829374660145154,89.32178932178932,,
270,0.23754995158761955,90.9090909090909,,
271,0.2684368634002463,88.16738816738817,,
272,0.25903849348877417,90.18759018759019,,
273,0.25253217627561797,89.6103896103896,,
274,0.241978534157314,90.76479076479076,,
275,0.23906905777230966,89.6103896103896,0.49690275455450084,81.81818181818181
276,0.24058120909535352,90.04329004329004,,
277,0.24689413294260637,89.32178932178932,,
278,0.2596675319245023,88.74458874458874,,
279,0.257243727235739,89.46608946608947,,
280,0.22403312529320324,92.20779220779221,,
281,0.22674373654490082,90.76479076479076,,
282,0.26324276039094635,88.31168831168831,,
283,0.229408318131173,90.33189033189034,,
284,0.2308402086405183,91.05339105339105,,
285,0.24170078648977295,90.76479076479076,,
286,0.2514442723636847,90.47619047619048,,
287,0.25563250725059455,88.31168831168831,,
288,0.23336749830287257,90.9090909090909,,
289,0.2595290796237246,89.32178932178932,,
290,0.2543472014206312,89.6103896103896,,
291,0.24267064114497683,90.76479076479076,,
292,0.26375417396275685,89.17748917748918,,
293,0.24047913257177775,92.06349206349206,,
294,0.253281286257772,90.47619047619048,,
295,0.22917853259248994,91.34199134199135,,
296,0.23918956255843973,91.05339105339105,,
297,0.23682566378453765,90.33189033189034,,
298,0.23958211380337913,91.48629148629149,,
299,0.2443920002247692,90.9090909090909,,
300,0.25109420056638954,89.75468975468975,0.49540570494416475,83.11688311688312
301,0.2378421300245398,90.18759018759019,,
302,0.24918804677877934,89.75468975468975,,
303,0.22717714980567172,90.9090909090909,,
304,0.22764258470499155,91.48629148629149,,
305,0.23036913128642292,90.62049062049061,,
306,0.230200412856552,91.1976911976912,,
307,0.24715833191747788,90.04329004329004,,
308,0.24661311318003942,89.17748917748918,,
309,0.23211538559430606,90.9090909090909,,
310,0.22855349274252745,90.33189033189034,,
311,0.21944456594803977,90.33189033189034,,
312,0.21442962610962416,91.05339105339105,,
313,0.2506130770343379,90.76479076479076,,
314,0.262058298309128,88.60028860028861,,
315,0.23891635942252684,90.76479076479076,,
316,0.24079997192471575,90.62049062049061,,
317,0.24639849881890188,88.31168831168831,,
318,0.22000845918407688,91.05339105339105,,
319,0.24486165486200892,90.62049062049061,,
320,0.24796893027265696,89.46608946608947,,
321,0.23478943793288556,90.76479076479076,,
322,0.21210920268301495,91.63059163059162,,
323,0.21340650584532586,90.47619047619048,,
324,0.23579462084913838,90.62049062049061,,
325,0.23010851070822402,91.48629148629149,0.4974355573778029,83.11688311688312
326,0.2447088872328465,89.8989898989899,,
327,0.23160032975295233,90.33189033189034,,
328,0.21836126404901776,91.63059163059162,,
329,0.254414731655458,90.33189033189034,,
330,0.2252338770535085,90.47619047619048,,
331,0.21018660266334016,91.1976911976912,,
332,0.24375951290130615,89.17748917748918,,
333,0.23022487889679652,90.33189033189034,,
334,0.22687316904164323,91.63059163059162,,
335,0.21381722683621862,91.48629148629149,,
336,0.21346268819008038,91.63059163059162,,
337,0.23634780652036227,90.76479076479076,,
338,0.2053807834311137,91.48629148629149,,
339,0.20929190886313093,90.33189033189034,,
340,0.24590435415549367,89.6103896103896,,
341,0.22976301243853947,90.47619047619048,,
342,0.22246471670970944,90.18759018759019,,
343,0.24633787153087136,90.18759018759019,,
344,0.23940896050410526,90.47619047619048,,
345,0.23124950995176902,90.76479076479076,,
346,0.23617893027364778,90.9090909090909,,
347,0.22911033021423208,91.05339105339105,,
348,0.1935499134388837,92.78499278499278,,
349,0.2380302714837062,91.1976911976912,,
350,0.21483154498137436,91.77489177489177,0.5094015218994834,80.51948051948052
351,0.20905974442824657,92.92929292929293,,
352,0.22315585901382853,91.34199134199135,,
353,0.21932930643918883,91.34199134199135,,
354,0.2078850314257637,90.9090909090909,,
355,0.21453295620144874,90.9090909090909,,
356,0.21952904162533354,91.48629148629149,,
357,0.22543007631827827,91.05339105339105,,
358,0.2146608123789618,91.05339105339105,,
359,0.20536846926632038,92.20779220779221,,
360,0.214056148845568,91.63059163059162,,
361,0.19852838292180375,92.35209235209236,,
362,0.24327814105957274,90.76479076479076,,
363,0.21550420434637504,91.48629148629149,,
364,0.1981503495470786,92.06349206349206,,
365,0.2249655844845297,90.9090909090909,,
366,0.22240267440268144,91.77489177489177,,
367,0.20499176604063135,91.91919191919192,,
368,0.22382281107819957,90.47619047619048,,
369,0.20599911492022258,92.06349206349206,,
370,0.18707804805444606,92.35209235209236,,
371,0.1993087778596307,91.77489177489177,,
372,0.23749118688560666,90.47619047619048,,
373,0.19605240806356652,93.21789321789322,,
374,0.202900416396483,92.20779220779221,,
375,0.19024634913341135,92.4963924963925,0.5460695492756831,80.51948051948052
376,0.1869912145801781,92.4963924963925,,
377,0.21033296900738196,91.63059163059162,,
378,0.2051315803032417,91.77489177489177,,
379,0.19729193911751972,92.06349206349206,,
380,0.2038564651580944,92.20779220779221,,
381,0.20524783918437847,91.91919191919192,,
382,0.1881749171113211,92.4963924963925,,
383,0.21115960673164325,90.9090909090909,,
384,0.2005254833987265,92.20779220779221,,
385,0.19045771497152583,92.35209235209236,,
386,0.19260097124370576,92.06349206349206,,
387,0.2141726320612138,91.1976911976912,,
388,0.2046591853252565,91.91919191919192,,
389,0.19292892689291188,92.92929292929293,,
390,0.21015442518616823,92.4963924963925,,
391,0.21566753934472155,91.34199134199135,,
392,0.186478848772024,92.4963924963925,,
393,0.20751962072147437,92.35209235209236,,
394,0.18022978202605144,93.93939393939394,,
395,0.21604864265968618,90.76479076479076,,
396,0.18876039990443,93.21789321789322,,
397,0.19619872157621865,92.64069264069263,,
398,0.18735864547768025,92.64069264069263,,
399,0.21025338366125074,90.76479076479076,,
400,0.1858281334176724,91.77489177489177,0.5219201902290443,84.41558441558442
401,0.20459950241175565,91.05339105339105,,
402,0.20727317325480574,91.34199134199135,,
403,0.2185006814687627,90.18759018759019,,
404,0.19003304778927504,92.92929292929293,,
405,0.19992597435545956,93.07359307359307,,
406,0.2209095550004882,90.33189033189034,,
407,0.1833112169739832,93.36219336219337,,
408,0.20807792560276703,91.48629148629149,,
409,0.20324664387427283,91.1976911976912,,
410,0.1978009216713183,91.34199134199135,,
411,0.20645579891373414,90.62049062049061,,
412,0.1788853130815349,93.36219336219337,,
413,0.20170580912892092,93.21789321789322,,
414,0.19016231051384114,92.06349206349206,,
415,0.1708160147694454,92.78499278499278,,
416,0.21626021877511756,92.4963924963925,,
417,0.19617232581409713,92.35209235209236,,
418,0.19809922756570758,92.64069264069263,,
419,0.19414352448213668,92.64069264069263,,
420,0.19801763710693535,91.1976911976912,,
421,0.1812188234637138,93.07359307359307,,
422,0.20088220522087202,91.48629148629149,,
423,0.21732898234977008,90.76479076479076,,
424,0.1993858835311851,90.9090909090909,,
425,0.1782446393761972,93.50649350649351,0.5244304684849529,80.51948051948052
426,0.18430414881885138,93.21789321789322,,
427,0.19118659247739664,92.20779220779221,,
428,0.18552049237584312,92.06349206349206,,
429,0.18984971129339495,92.92929292929293,,
430,0.18741767736310394,92.4963924963925,,
431,0.1936426396880831,91.34199134199135,,
432,0.17823329292678558,92.78499278499278,,
433,0.19145384789975348,92.35209235209236,,
434,0.19192983705717076,92.35209235209236,,
435,0.19861272168795957,92.78499278499278,,
436,0.19740414967784634,92.35209235209236,,
437,0.17091472711397973,93.36219336219337,,
438,0.1932259825572995,93.21789321789322,,
439,0.16264009323040987,93.79509379509379,,
440,0.19505197755874149,92.20779220779221,,
441,0.1780286127806226,93.50649350649351,,
442,0.18452219615594992,91.1976911976912,,
443,0.1712081693811678,92.92929292929293,,
444,0.17948771611092582,92.4963924963925,,
445,0.1719534279883424,94.08369408369408,,
446,0.17971776703219394,91.48629148629149,,
447,0.1871867858486258,91.91919191919192,,
448,0.167987551007952,93.65079365079364,,
449,0.19333739169103242,91.91919191919192,,
450,0.1620887674251504,93.65079365079364,0.5904733708926609,80.51948051948052
451,0.18274932704102598,92.06349206349206,,
452,0.17830065121635,91.91919191919192,,
453,0.1701197728493169,93.65079365079364,,
454,0.18105948612115427,92.20779220779221,,
455,0.18804557064566949,92.78499278499278,,
456,0.19006792669860487,92.64069264069263,,
457,0.19333517549271878,92.78499278499278,,
458,0.18008587319097477,92.92929292929293,,
459,0.18770684710533114,92.92929292929293,,
460,0.18081057624297397,92.64069264069263,,
461,0.161557586635174,93.65079365079364,,
462,0.17088832823401062,92.64069264069263,,
463,0.19893062806555203,92.92929292929293,,
464,0.18721735221568983,92.06349206349206,,
465,0.17584493952503624,93.07359307359307,,
466,0.17947269841211527,92.4963924963925,,
467,0.1942347501650517,92.06349206349206,,
468,0.1600226860004242,93.65079365079364,,
469,0.17593036250118568,92.64069264069263,,
470,0.19375196460521582,93.21789321789322,,
471,0.1716776138096295,92.4963924963925,,
472,0.19827483291233772,92.20779220779221,,
473,0.1810951458685326,93.36219336219337,,
474,0.18009622072502648,92.4963924963925,,
475,0.16893935255158,94.37229437229438,0.5722203928154784,77.92207792207792
476,0.17183393841504535,91.63059163059162,,
477,0.17177777084781323,92.4963924963925,,
478,0.18292565635186425,93.36219336219337,,
479,0.1695350462095046,93.79509379509379,,
480,0.17332949288307675,94.66089466089466,,
481,0.18211954406329564,93.07359307359307,,
482,0.16979980559060068,92.92929292929293,,
483,0.16417292013635368,93.36219336219337,,
484,0.17452944048598387,93.50649350649351,,
485,0.19520063658512343,93.36219336219337,,
486,0.16283750541045897,93.21789321789322,,
487,0.19303104741576774,92.06349206349206,,
488,0.18697592664461632,92.64069264069263,,
489,0.17141643828815883,93.07359307359307,,
490,0.1747031577796948,93.07359307359307,,
491,0.18244344555110298,92.78499278499278,,
492,0.19026695570302388,93.07359307359307,,
493,0.21039248991107184,92.06349206349206,,
494,0.19185376284485428,91.77489177489177,,
495,0.1494537412604212,94.66089466089466,,
496,0.17607143112763354,92.06349206349206,,
497,0.16864327996066122,93.65079365079364,,
498,0.16986406905762044,92.35209235209236,,
499,0.1579392712783676,93.50649350649351,,
500,0.18936965850008514,92.06349206349206,0.5686162880488804,79.22077922077922
501,0.15226202988177323,93.07359307359307,,
502,0.1826017379416704,92.06349206349206,,
503,0.19297854871116848,92.4963924963925,,
504,0.1872186145784191,93.21789321789322,,
505,0.1855011319937816,93.65079365079364,,
506,0.189381884161012,92.20779220779221,,
507,0.14959316211517412,94.22799422799423,,
508,0.17657038058499666,93.36219336219337,,
509,0.1631371250771212,92.78499278499278,,
510,0.1615939527362972,93.36219336219337,,
511,0.19693294161067895,92.20779220779221,,
512,0.1706302103628156,93.07359307359307,,
513,0.16068299706020053,93.79509379509379,,
514,0.16444084456816724,92.64069264069263,,
515,0.14924511038207733,93.50649350649351,,
516,0.17218494630307174,92.4963924963925,,
517,0.16318386563867288,94.22799422799423,,
518,0.1773746582272249,92.64069264069263,,
519,0.15925189383962282,94.37229437229438,,
520,0.18045115199956027,92.92929292929293,,
521,0.15888072408380963,94.08369408369408,,
522,0.17984479087341743,92.92929292929293,,
523,0.1328360022490503,95.38239538239539,,
524,0.15924299152468535,93.79509379509379,,
525,0.160798169392958,94.8051948051948,0.571509029184069,83.11688311688312
526,0.13991774280500446,93.36219336219337,,
527,0.1555090876669767,93.36219336219337,,
528,0.1542679915395478,94.08369408369408,,
529,0.1752353480252374,93.21789321789322,,
530,0.17097685626918963,92.78499278499278,,
531,0.17654321973802034,93.21789321789322,,
532,0.15799397537632595,93.65079365079364,,
533,0.147627869811753,94.8051948051948,,
534,0.1660611777691356,92.35209235209236,,
535,0.14374020384842312,94.51659451659452,,
536,0.15750601565166986,94.51659451659452,,
537,0.1590297557574846,94.94949494949495,,
538,0.1747467607732803,94.94949494949495,,
539,0.16061335290321196,94.51659451659452,,
540,0.19242888112776896,93.21789321789322,,
541,0.14553042156097692,94.8051948051948,,
542,0.1630714407988957,93.36219336219337,,
543,0.15642926655978523,93.50649350649351,,
544,0.17049443551902302,92.06349206349206,,
545,0.15896316076874797,93.79509379509379,,
546,0.1591413246647792,93.79509379509379,,
547,0.16293862685399912,93.07359307359307,,
548,0.16541736389135386,93.07359307359307,,
549,0.17332789792126907,93.21789321789322,,
550,0.17213796041445595,93.79509379509379,0.554878385810109,81.81818181818181
551,0.16689698471154205,93.93939393939394,,
552,0.1500490831606316,94.51659451659452,,
553,0.1593540367511777,92.92929292929293,,
554,0.1690827269015718,94.08369408369408,,
555,0.1694846920572318,93.93939393939394,,
556,0.14983287847145296,94.08369408369408,,
557,0.16735503916100505,93.93939393939394,,
558,0.17112122744880887,93.50649350649351,,
559,0.1784873895379372,92.64069264069263,,
560,0.14639531158066715,93.50649350649351,,
561,0.15057503193090058,93.65079365079364,,
562,0.15706094824218475,93.65079365079364,,
563,0.15432017647041732,94.08369408369408,,
564,0.1467220402641214,94.22799422799423,,
565,0.1685403927537098,92.64069264069263,,
566,0.14762795987454327,94.08369408369408,,
567,0.15978720857295467,93.65079365079364,,
568,0.1710667395682046,92.78499278499278,,
569,0.1678224720146835,93.21789321789322,,
570,0.16037365334030526,93.21789321789322,,
571,0.16306528224358482,94.08369408369408,,
572,0.1637076921492256,92.92929292929293,,
573,0.14157341173372914,95.23809523809524,,
574,0.14817737816452636,94.22799422799423,,
575,0.13826299491936467,93.65079365079364,0.6101500368737555,84.41558441558442
576,0.14484972019732256,93.79509379509379,,
577,0.1610638347022977,93.93939393939394,,
578,0.19214309475681654,91.77489177489177,,
579,0.15573751466270822,93.79509379509379,,
580,0.13130413397910104,95.23809523809524,,
581,0.15617665236151923,94.37229437229438,,
582,0.14779701911740833,94.8051948051948,,
583,0.12692654611271353,95.23809523809524,,
584,0.15297249460547174,93.79509379509379,,
585,0.12972133902195856,94.8051948051948,,
586,0.14615164398286937,94.8051948051948,,
587,0.17225452168464317,93.36219336219337,,
588,0.14200541921884552,94.22799422799423,,
589,0.15555161478543522,94.08369408369408,,
590,0.1600803816623846,93.79509379509379,,
591,0.1733145113943029,92.78499278499278,,
592,0.14610611724238548,94.08369408369408,,
593,0.14483841767730823,94.22799422799423,,
594,0.13478033294065347,95.38239538239539,,
595,0.18733399282888244,94.22799422799423,,
596,0.14796717284975672,94.51659451659452,,
597,0.12755668061163175,95.38239538239539,,
598,0.14151841010710206,94.66089466089466,,
599,0.14493001927722454,93.93939393939394,,
600,0.1591348931042835,93.50649350649351,0.6425879659590783,81.81818181818181
601,0.1484842148077275,94.66089466089466,,
602,0.1527810479913439,94.08369408369408,,
603,0.13097262872761978,94.51659451659452,,
604,0.15821110178188327,93.36219336219337,,
605,0.1395762289886351,94.94949494949495,,
606,0.15903154835857528,93.65079365079364,,
607,0.15517034743943428,93.65079365079364,,
608,0.14028537763661636,93.36219336219337,,
609,0.1494607926275135,94.22799422799423,,
610,0.15099718747458932,93.21789321789322,,
611,0.1576391208814766,94.51659451659452,,
612,0.19092953349174704,91.77489177489177,,
613,0.16149271104328905,92.35209235209236,,
614,0.15492317616982548,93.50649350649351,,
615,0.14558428379708382,94.94949494949495,,
616,0.15866054684826822,94.66089466089466,,
617,0.13235320217240854,94.94949494949495,,
618,0.15141920667426584,93.50649350649351,,
619,0.1398619015258972,94.08369408369408,,
620,0.1485942497010871,93.65079365079364,,
621,0.13803316310886696,93.79509379509379,,
622,0.1545729266874718,94.08369408369408,,
623,0.16470153111572045,93.93939393939394,,
624,0.15115270341113532,93.79509379509379,,
625,0.15056566008155653,93.79509379509379,0.6387121816734215,83.11688311688312
626,0.17485936067751132,92.64069264069263,,
627,0.14734018005936006,95.23809523809524,,
628,0.16271489596298075,93.79509379509379,,
629,0.1562085495441937,93.21789321789322,,
630,0.15057942030943317,94.37229437229438,,
631,0.12986489919701008,94.66089466089466,,
632,0.13286745685863632,94.66089466089466,,
633,0.16166038114529152,93.21789321789322,,
634,0.13543039638801743,94.08369408369408,,
635,0.15265438349213328,93.79509379509379,,
636,0.15506121415166454,92.64069264069263,,
637,0.13682249665776372,94.66089466089466,,
638,0.14335990621147926,95.0937950937951,,
639,0.14319301457655,94.37229437229438,,
640,0.1296964640665966,95.0937950937951,,
641,0.15984076018543297,93.21789321789322,,
642,0.15667757628455994,92.92929292929293,,
643,0.1466701017856641,94.51659451659452,,
644,0.14301812787463655,94.22799422799423,,
645,0.14775614694169417,93.93939393939394,,
646,0.1569447966741363,93.07359307359307,,
647,0.14158606358291784,94.08369408369408,,
648,0.13464124195551846,95.38239538239539,,
649,0.14476111717253365,94.22799422799423,,
650,0.14008246343932282,93.93939393939394,0.606474092254391,83.11688311688312
651,0.16118354563202178,93.07359307359307,,
652,0.13142355113232462,95.23809523809524,,
653,0.14623117539359723,93.79509379509379,,
654,0.15782857755626434,93.65079365079364,,
655,0.14178428780636917,94.8051948051948,,
656,0.1279386237295933,95.52669552669553,,
657,0.13998584223516058,94.94949494949495,,
658,0.14783618191705983,94.22799422799423,,
659,0.14011084601296261,94.8051948051948,,
660,0.13806559700212437,95.0937950937951,,
661,0.12757425983322174,94.66089466089466,,
662,0.14811396561186724,93.65079365079364,,
663,0.14644927207869712,94.51659451659452,,
664,0.12337152470671942,94.8051948051948,,
665,0.15566004655749938,94.22799422799423,,
666,0.13558180942294198,95.23809523809524,,
667,0.14876097016584822,94.22799422799423,,
668,0.14405199170144864,94.37229437229438,,
669,0.1408316898569572,93.93939393939394,,
670,0.1349144209859003,94.51659451659452,,
671,0.1612440649995212,94.51659451659452,,
672,0.14208011315197483,94.51659451659452,,
673,0.13739598340329326,93.79509379509379,,
674,0.12906531595005447,94.51659451659452,,
675,0.11066844335032834,95.81529581529581,0.6491047817391234,84.41558441558442
676,0.14619937137543382,94.51659451659452,,
677,0.14649822168363982,93.65079365079364,,
678,0.129801070357943,95.23809523809524,,
679,0.14331384439661046,94.37229437229438,,
680,0.12619824219403672,94.8051948051948,,
681,0.1285869654208895,94.8051948051948,,
682,0.13968720839158624,94.37229437229438,,
683,0.1469205394279733,94.22799422799423,,
684,0.15149229098364045,93.21789321789322,,
685,0.13015072877702946,94.66089466089466,,
686,0.1531360179164365,93.93939393939394,,
687,0.12708976224043325,94.66089466089466,,
688,0.14607899617551576,94.37229437229438,,
689,0.12373721412508003,94.66089466089466,,
690,0.12245130928133817,95.67099567099567,,
691,0.14024633515900348,94.8051948051948,,
692,0.158034048920758,93.21789321789322,,
693,0.11736974284633414,96.24819624819625,,
694,0.13016479686010107,95.95959595959596,,
695,0.13071379983665968,94.94949494949495,,
696,0.15316579744628325,93.93939393939394,,
697,0.15716768200220313,94.08369408369408,,
698,0.12414556767517354,95.67099567099567,,
699,0.13671535498652107,95.23809523809524,,
700,0.1361230963042804,95.23809523809524,0.6151225613309191,81.81818181818181
701,0.12958161451169767,94.66089466089466,,
702,0.12357485986316058,95.0937950937951,,
703,0.14514156568575043,93.21789321789322,,
704,0.12648222780373877,94.94949494949495,,
705,0.123071928773328,95.38239538239539,,
706,0.13372227549552917,93.50649350649351,,
707,0.13195936080783305,94.22799422799423,,
708,0.13208217957577148,94.94949494949495,,
709,0.15917304136708357,94.22799422799423,,
710,0.14925725022424954,94.08369408369408,,
711,0.1291140188909207,94.94949494949495,,
712,0.12930366768895463,94.66089466089466,,
713,0.13709646082801735,94.66089466089466,,
714,0.1251099727198503,94.94949494949495,,
715,0.12911675813437196,94.8051948051948,,
716,0.1642206334018432,92.92929292929293,,
717,0.1363904843803006,94.66089466089466,,
718,0.1436135062321612,94.37229437229438,,
719,0.1221814165469716,95.23809523809524,,
720,0.12413926878446796,94.8051948051948,,
721,0.14471437053117917,94.22799422799423,,
722,0.12733804899527226,95.0937950937951,,
723,0.13371622875133934,93.50649350649351,,
724,0.1644722419652502,93.65079365079364,,
725,0.14031491256056927,93.93939393939394,0.6116726622953044,83.11688311688312
726,0.1407749213568576,94.37229437229438,,
727,0.10911898049935806,96.24819624819625,,
728,0.11725920825809627,95.23809523809524,,
729,0.14233353811425048,94.08369408369408,,
730,0.1383733700686719,95.23809523809524,,
731,0.11558620130688942,95.38239538239539,,
732,0.13175514858608467,94.37229437229438,,
733,0.16152731229216505,93.50649350649351,,
734,0.12984340725006996,94.22799422799423,,
735,0.13271172190942462,95.0937950937951,,
736,0.13791531947221167,94.22799422799423,,
737,0.15468331117822667,94.22799422799423,,
738,0.1400008870807475,94.08369408369408,,
739,0.14093897733595465,94.51659451659452,,
740,0.11320475930775399,95.0937950937951,,
741,0.13640958568837874,94.37229437229438,,
742,0.12585596452113698,94.94949494949495,,
743,0.12965791615486832,94.94949494949495,,
744,0.14231753687966953,94.8051948051948,,
745,0.1257179397814148,95.23809523809524,,
746,0.1264339867780391,94.8051948051948,,
747,0.1336639958499658,94.8051948051948,,
748,0.12664102228602978,95.67099567099567,,
749,0.11574141546804323,95.38239538239539,,
750,0.14100758957140375,94.51659451659452,0.6293699756845251,83.11688311688312
751,0.1237345781999749,95.38239538239539,,
752,0.126205810564765,94.37229437229438,,
753,0.12486205740279449,96.1038961038961,,
754,0.12906898285059357,95.38239538239539,,
755,0.13507558412387602,94.51659451659452,,
756,0.11516965073123467,96.1038961038961,,
757,0.14509782934773707,94.94949494949495,,
758,0.13180896179672616,94.51659451659452,,
759,0.11202588346000615,94.66089466089466,,
760,0.12010312546985318,95.67099567099567,,
761,0.12732555436287585,94.51659451659452,,
762,0.1249086389433684,95.38239538239539,,
763,0.12197507228326014,95.52669552669553,,
764,0.10867402969334075,96.24819624819625,,
765,0.13155474676112247,95.95959595959596,,
766,0.13199766038300156,93.50649350649351,,
767,0.12385329304610394,94.8051948051948,,
768,0.11796750681955921,95.38239538239539,,
769,0.16889152912662228,93.07359307359307,,
770,0.11989200344204387,95.81529581529581,,
771,0.11481158614889712,95.23809523809524,,
772,0.13266867894644366,94.51659451659452,,
773,0.1285250513756602,94.94949494949495,,
774,0.10428697094966323,96.1038961038961,,
775,0.13120118861219712,94.94949494949495,0.7037429259969042,83.11688311688312
776,0.1404686401588748,94.8051948051948,,
777,0.12639256566762924,95.52669552669553,,
778,0.14448265864649548,94.51659451659452,,
779,0.14475958905092737,93.65079365079364,,
780,0.13526141256481022,95.23809523809524,,
781,0.13005055134516602,94.51659451659452,,
782,0.1260962091940005,95.23809523809524,,
783,0.1216454165752488,94.94949494949495,,
784,0.1094825030244016,94.8051948051948,,
785,0.12811948728853834,95.38239538239539,,
786,0.13830859520476618,94.51659451659452,,
787,0.11906523818168978,95.38239538239539,,
788,0.11909239351061343,95.23809523809524,,
789,0.12998012871270487,94.08369408369408,,
790,0.11549975943427754,94.94949494949495,,
791,0.13697459870172612,94.22799422799423,,
792,0.12089592677475226,95.0937950937951,,
793,0.1533481977170422,94.37229437229438,,
794,0.13645899908625203,94.66089466089466,,
795,0.1295606844438963,95.52669552669553,,
796,0.12466287722577264,95.23809523809524,,
797,0.12071505057777333,95.38239538239539,,
798,0.10453867140356424,96.82539682539682,,
799,0.13278503623531665,95.0937950937951,,
800,0.09975082033769393,95.81529581529581,0.6686176564786341,83.11688311688312
801,0.11758083825417583,94.8051948051948,,
802,0.12548783483873371,94.8051948051948,,
803,0.12057966047637218,95.81529581529581,,
804,0.1441860474850364,94.08369408369408,,
805,0.13815848107891854,94.08369408369408,,
806,0.12923894496836189,95.38239538239539,,
807,0.13899482036221766,94.94949494949495,,
808,0.1292772147734616,94.94949494949495,,
809,0.12034207803410885,95.81529581529581,,
810,0.11626462175539046,95.52669552669553,,
811,0.1428428811718633,94.37229437229438,,
812,0.11682638331366135,94.94949494949495,,
813,0.15832049995230735,93.50649350649351,,
814,0.10597286005685856,95.0937950937951,,
815,0.12229343985367302,95.81529581529581,,
816,0.10225457803602901,96.82539682539682,,
817,0.1373538611857234,94.08369408369408,,
818,0.12754244670240963,94.94949494949495,,
819,0.12201742993460761,94.66089466089466,,
820,0.11775883334227885,96.24819624819625,,
821,0.11361488382215108,94.8051948051948,,
822,0.11013367159821598,96.68109668109668,,
823,0.12717208190999849,95.52669552669553,,
824,0.13792638968767715,94.66089466089466,,
825,0.13268703882398372,95.67099567099567,0.6483671556819569,83.11688311688312
826,0.09120287085126703,96.96969696969697,,
827,0.11634739933462886,95.52669552669553,,
828,0.12944749871223177,94.66089466089466,,
829,0.1204788386015407,94.8051948051948,,
830,0.12817751626184407,95.67099567099567,,
831,0.11113761728535397,95.81529581529581,,
832,0.1166334201677193,95.38239538239539,,
833,0.11909431361554333,95.67099567099567,,
834,0.11553196028455512,94.37229437229438,,
835,0.11137509318055185,95.67099567099567,,
836,0.13908483118119866,94.66089466089466,,
837,0.11913145837894121,95.0937950937951,,
838,0.11165090164365879,95.52669552669553,,
839,0.12040082854453964,94.94949494949495,,
840,0.12232259786748267,95.38239538239539,,
841,0.1272447980177007,94.51659451659452,,
842,0.11211053786791249,95.95959595959596,,
843,0.12111607858639689,95.67099567099567,,
844,0.10736010756886538,95.81529581529581,,
845,0.09889429049703466,95.81529581529581,,
846,0.13579594381529875,94.51659451659452,,
847,0.11466410601159496,95.67099567099567,,
848,0.11328063325749503,95.52669552669553,,
849,0.13391615805171786,95.52669552669553,,
850,0.12225675739853241,95.67099567099567,0.6948294925999332,83.11688311688312
851,0.10913737555549172,96.1038961038961,,
852,0.09818621510895127,96.1038961038961,,
853,0.10987173749233393,96.1038961038961,,
854,0.11879619298580749,95.38239538239539,,
855,0.11754064509190866,95.0937950937951,,
856,0.12451063749944176,95.0937950937951,,
857,0.12487596672291708,94.22799422799423,,
858,0.10992789537273616,95.52669552669553,,
859,0.13186468704352303,95.0937950937951,,
860,0.10917581325399583,96.1038961038961,,
861,0.11893875124994638,94.66089466089466,,
862,0.12370561241759538,95.95959595959596,,
863,0.12381949188647332,94.08369408369408,,
864,0.10870476779333096,95.81529581529581,,
865,0.11737506439093592,95.52669552669553,,
866,0.10056736861042474,96.3924963924964,,
867,0.10905221757606011,95.67099567099567,,
868,0.1092306116130875,95.23809523809524,,
869,0.10494498308199696,95.81529581529581,,
870,0.1259329988813353,94.08369408369408,,
871,0.10346396443822467,95.67099567099567,,
872,0.13174254616015574,95.0937950937951,,
873,0.11842180319764742,94.8051948051948,,
874,0.11865139191548245,94.51659451659452,,
875,0.12227705802666332,95.67099567099567,0.726654424295797,85.71428571428571
876,0.1113495458062593,96.3924963924964,,
877,0.11267255812152295,96.24819624819625,,
878,0.11844397943687301,94.94949494949495,,
879,0.12700129556234438,95.38239538239539,,
880,0.11100254027229367,95.0937950937951,,
881,0.11476254562106827,95.52669552669553,,
882,0.12194347052067561,95.0937950937951,,
883,0.10955019058689239,95.67099567099567,,
884,0.11770650099366259,94.8051948051948,,
885,0.10880649678978913,96.1038961038961,,
886,0.08827449249380509,95.95959595959596,,
887,0.11492764922181442,95.67099567099567,,
888,0.12539554330887218,95.0937950937951,,
889,0.11728776244696601,94.94949494949495,,
890,0.10697296848802855,95.52669552669553,,
891,0.16002407970248278,94.51659451659452,,
892,0.12515652486127177,95.95959595959596,,
893,0.09939434158939647,96.68109668109668,,
894,0.10636205772343824,95.52669552669553,,
895,0.1103329449303416,95.52669552669553,,
896,0.12236072021451863,95.0937950937951,,
897,0.09924696803006947,95.81529581529581,,
898,0.10161678469370282,96.1038961038961,,
899,0.11138894356260395,94.8051948051948,,
900,0.11886073591410684,95.23809523809524,0.7011439475146207,83.11688311688312
901,0.11836633990917887,95.52669552669553,,
902,0.11533682842834343,95.52669552669553,,
903,0.08399360987101111,97.11399711399712,,
904,0.12529236195450394,94.37229437229438,,
905,0.1248659732943726,94.94949494949495,,
906,0.12999399125839423,94.94949494949495,,
907,0.10852534836225351,95.95959595959596,,
908,0.11003046250575549,96.1038961038961,,
909,0.11188759472258765,95.52669552669553,,
910,0.09935334021652932,95.95959595959596,,
911,0.12415987539977308,95.67099567099567,,
912,0.09572372042061962,96.3924963924964,,
913,0.09972410252341976,95.95959595959596,,
914,0.09542915691631008,96.82539682539682,,
915,0.10617944502512269,96.3924963924964,,
916,0.11692970351707109,94.94949494949495,,
917,0.12088796942566037,94.94949494949495,,
918,0.11101042372839791,95.0937950937951,,
919,0.09146855911710347,95.95959595959596,,
920,0.10201182176088874,96.24819624819625,,
921,0.10868109624297324,95.67099567099567,,
922,0.11676266608144255,94.8051948051948,,
923,0.09970334051835417,95.95959595959596,,
924,0.10069872193780297,95.81529581529581,,
925,0.11182442462289488,95.81529581529581,0.7000047951549678,83.11688311688312
926,0.10357870309899896,96.96969696969697,,
927,0.11425808266686843,95.38239538239539,,
928,0.09802801845243139,96.3924963924964,,
929,0.09803932335988375,96.24819624819625,,
930,0.10047448284569241,95.81529581529581,,
931,0.11538490599282032,95.0937950937951,,
932,0.12863149432650892,94.94949494949495,,
933,0.10787655957161434,95.52669552669553,,
934,0.08998826034313329,96.68109668109668,,
935,0.10066503204652585,96.1038961038961,,
936,0.11134287585943808,95.0937950937951,,
937,0.08536962922366839,97.11399711399712,,
938,0.09145906171391881,96.53679653679653,,
939,0.11156963791381057,95.52669552669553,,
940,0.12630332290352164,94.66089466089466,,
941,0.10663202941460699,95.81529581529581,,
942,0.09761830558933178,96.53679653679653,,
943,0.119404693926358,95.67099567099567,,
944,0.13132309975992207,95.67099567099567,,
945,0.09776626609018527,96.3924963924964,,
946,0.11024480901153229,95.67099567099567,,
947,0.10895863956735506,95.38239538239539,,
948,0.12199173937450884,95.23809523809524,,
949,0.12617045425921464,94.37229437229438,,
950,0.12326363710656998,95.52669552669553,0.7015507050922939,83.11688311688312
951,0.1046471820141674,95.38239538239539,,
952,0.10090076990027792,95.81529581529581,,
953,0.10410242420211327,96.24819624819625,,
954,0.11852980135237155,94.94949494949495,,
955,0.09355887426614418,96.82539682539682,,
956,0.10649524107145368,96.1038961038961,,
957,0.11790429974918241,94.94949494949495,,
958,0.09805821903079512,96.3924963924964,,
959,0.11945780976386512,94.94949494949495,,
960,0.08885319766683926,97.11399711399712,,
961,0.11076863833755513,95.23809523809524,,
962,0.10572433422224174,96.24819624819625,,
963,0.133200123605102,94.08369408369408,,
964,0.09494079944031235,96.3924963924964,,
965,0.10556700931052969,96.53679653679653,,
966,0.10094664165209898,95.95959595959596,,
967,0.08925423193669207,96.24819624819625,,
968,0.10537051039104166,96.68109668109668,,
969,0.09764238830768701,96.82539682539682,,
970,0.08314415939356513,96.68109668109668,,
971,0.09649425628897432,95.95959595959596,,
972,0.10575233214947397,95.81529581529581,,
973,0.10139993615824767,95.67099567099567,,
974,0.09731218745477745,95.23809523809524,,
975,0.11475630311233571,95.81529581529581,0.666748973456296,80.51948051948052
976,0.09392205172071898,95.95959595959596,,
977,0.10662047752054223,95.23809523809524,,
978,0.10322101067007125,95.95959595959596,,
979,0.08792750568036393,97.25829725829726,,
980,0.09545120053950154,95.95959595959596,,
981,0.11174341848101278,96.24819624819625,,
982,0.09823891439664609,95.81529581529581,,
983,0.11003802280770923,94.94949494949495,,
984,0.10415774102162834,96.24819624819625,,
985,0.09571832106657015,96.24819624819625,,
986,0.11795463083207092,95.0937950937951,,
987,0.13159771866741635,93.93939393939394,,
988,0.09140399578437317,96.53679653679653,,
989,0.11239174857714132,94.37229437229438,,
990,0.10892703708309631,95.52669552669553,,
991,0.09660411844349871,96.3924963924964,,
992,0.10786978312342026,95.52669552669553,,
993,0.10650307295405848,95.67099567099567,,
994,0.0999511721259061,96.24819624819625,,
995,0.106644888181363,95.81529581529581,,
996,0.09669391727572224,96.1038961038961,,
997,0.1151780705001275,95.0937950937951,,
998,0.10337500448485172,95.95959595959596,,
999,0.1323520861576818,94.37229437229438,,
1000,0.1019977694592747,95.81529581529581,0.6995519763463504,80.51948051948052
