epoch,train_loss,train_acc,test_loss,test_acc
1,0.6882561005727209,54.54545454545455,0.6849803057583895,55.84415584415584
2,0.68650298725819,55.41125541125541,,
3,0.6865064678942142,55.699855699855696,,
4,0.6820355395734052,56.277056277056275,,
5,0.6803942857710658,55.98845598845599,,
6,0.67545099519892,56.132756132756136,,
7,0.6730012221941872,56.70995670995671,,
8,0.6652404965260328,55.55555555555556,,
9,0.6670980731302182,57.57575757575758,,
10,0.6617198098789562,58.58585858585859,,
11,0.6560041623198108,59.307359307359306,,
12,0.6504842582203093,60.60606060606061,,
13,0.6492287332533414,61.76046176046176,,
14,0.6367130716469724,62.19336219336219,,
15,0.6336041324238413,65.07936507936508,,
16,0.6255847276719274,65.65656565656566,,
17,0.6176894054268346,66.37806637806638,,
18,0.6183268554282911,65.94516594516594,,
19,0.6084992111503303,67.82106782106783,,
20,0.6050820053053797,67.67676767676768,,
21,0.5962804253139193,68.54256854256855,,
22,0.5920706113523563,70.27417027417027,,
23,0.5880221957596178,69.11976911976912,,
24,0.5838102866904904,69.98556998556998,,
25,0.561020489378925,72.005772005772,0.5960116649602915,68.83116883116882
26,0.5682025464926275,70.99567099567099,,
27,0.5501773667025875,70.85137085137085,,
28,0.5480160210039708,73.5930735930736,,
29,0.543221402563918,73.01587301587301,,
30,0.5344307073869058,72.15007215007215,,
31,0.5290023879743414,75.46897546897547,,
32,0.5263566017838955,75.03607503607503,,
33,0.5267190489418063,75.03607503607503,,
34,0.5219925602449139,76.91197691197691,,
35,0.5321777626377507,73.73737373737374,,
36,0.519416934311992,75.61327561327562,,
37,0.5081256859832339,76.33477633477634,,
38,0.5064467723235423,75.9018759018759,,
39,0.5059092151482212,76.19047619047619,,
40,0.5045503111714753,75.61327561327562,,
41,0.4994957877529992,77.05627705627705,,
42,0.48946918751426244,78.21067821067821,,
43,0.4949841532012257,75.75757575757575,,
44,0.478758965047751,77.4891774891775,,
45,0.4812792127610629,76.76767676767676,,
46,0.4884306609974623,77.92207792207792,,
47,0.48491419350774084,77.34487734487735,,
48,0.4790869771058081,77.92207792207792,,
49,0.47507726729002175,77.63347763347764,,
50,0.4591733009956272,78.4992784992785,0.512961745262146,75.32467532467533
51,0.46939177938009924,77.4891774891775,,
52,0.46420804298285284,78.35497835497836,,
53,0.4652556200091113,77.77777777777777,,
54,0.44974688671712065,79.79797979797979,,
55,0.4631177555947077,78.06637806637806,,
56,0.4496729013551709,79.79797979797979,,
57,0.472385253655102,78.35497835497836,,
58,0.4443491972542084,80.8080808080808,,
59,0.46674612254807446,77.2005772005772,,
60,0.456884801989854,77.63347763347764,,
61,0.4593866719914033,78.64357864357865,,
62,0.44688589993493383,78.93217893217893,,
63,0.45235277779002553,80.95238095238095,,
64,0.4306892283895143,78.93217893217893,,
65,0.45041089329712664,79.79797979797979,,
66,0.4425048043717554,81.38528138528139,,
67,0.44808741746010716,80.51948051948052,,
68,0.422806271269896,80.66378066378067,,
69,0.4414595366384388,78.4992784992785,,
70,0.43670222180402296,80.95238095238095,,
71,0.4380942268719061,78.21067821067821,,
72,0.4208497831659744,81.96248196248196,,
73,0.43706606872498044,80.51948051948052,,
74,0.439809988931488,80.37518037518038,,
75,0.4187972392096664,81.38528138528139,0.470461214130575,80.51948051948052
76,0.4389487730304228,80.23088023088023,,
77,0.4252043746164523,80.95238095238095,,
78,0.45314624273415766,79.22077922077922,,
79,0.42474993932212757,79.65367965367966,,
80,0.42659409436656626,80.8080808080808,,
81,0.4274345361137115,80.95238095238095,,
82,0.4246936078797515,81.0966810966811,,
83,0.42039424791652574,81.24098124098124,,
84,0.4203954946255099,79.94227994227994,,
85,0.4010614251763618,83.83838383838383,,
86,0.4059633293537178,82.3953823953824,,
87,0.4132504302787918,81.24098124098124,,
88,0.40178987616068357,81.38528138528139,,
89,0.39860762275142586,81.0966810966811,,
90,0.3872352159900583,82.53968253968254,,
91,0.4210832198976954,79.36507936507937,,
92,0.4242060296721273,77.63347763347764,,
93,0.3964576549602277,82.1067821067821,,
94,0.4071055095949214,82.3953823953824,,
95,0.3917549450762172,82.53968253968254,,
96,0.4267639039140759,80.8080808080808,,
97,0.406019499334594,81.67388167388168,,
98,0.4054907277376965,81.81818181818181,,
99,0.405120057805104,82.1067821067821,,
100,0.41329404638615175,81.96248196248196,0.47059633360280617,77.92207792207792
101,0.4036304418314759,81.96248196248196,,
102,0.38276011194673626,83.11688311688312,,
103,0.3887954852281711,81.52958152958153,,
104,0.40352208996231936,81.67388167388168,,
105,0.3904994646192113,83.69408369408369,,
106,0.38290047495052065,83.26118326118326,,
107,0.39193203275509897,82.68398268398268,,
108,0.3600060239885793,85.13708513708514,,
109,0.3897122838796475,83.40548340548341,,
110,0.369983688577429,85.28138528138528,,
111,0.389578395441153,82.53968253968254,,
112,0.3799394898944431,84.12698412698413,,
113,0.35627932216525937,85.13708513708514,,
114,0.37353280655405396,83.26118326118326,,
115,0.38180032660606794,82.3953823953824,,
116,0.3799265254111517,82.97258297258297,,
117,0.3804355857821254,82.97258297258297,,
118,0.3500181110992404,85.42568542568543,,
119,0.36316368267649696,83.40548340548341,,
120,0.38449917017639457,83.26118326118326,,
121,0.3822662597266799,82.25108225108225,,
122,0.3758712542736513,83.98268398268398,,
123,0.3492125019022569,84.99278499278499,,
124,0.35818075174721115,83.26118326118326,,
125,0.3834994174056239,84.7041847041847,0.43600699073308474,79.22077922077922
126,0.3835249273979991,83.98268398268398,,
127,0.3628451881384609,84.27128427128427,,
128,0.37153274491751864,83.83838383838383,,
129,0.37960450387792327,82.3953823953824,,
130,0.3725866490886325,83.83838383838383,,
131,0.38414734872904693,83.26118326118326,,
132,0.3710976946577537,81.96248196248196,,
133,0.3700846731232702,82.68398268398268,,
134,0.3769849555789994,82.97258297258297,,
135,0.3584533968959192,84.27128427128427,,
136,0.3550843995972973,83.54978354978356,,
137,0.371876277878859,83.69408369408369,,
138,0.3823810552621817,82.25108225108225,,
139,0.3685167874028156,83.54978354978356,,
140,0.3508194870332963,84.41558441558442,,
141,0.3471988092081199,84.84848484848484,,
142,0.3543712559114459,83.40548340548341,,
143,0.33033123445760293,85.42568542568543,,
144,0.35038499695398073,84.84848484848484,,
145,0.3747708216890112,83.83838383838383,,
146,0.3690245545873738,85.13708513708514,,
147,0.34936998268484554,85.56998556998558,,
148,0.34105439903416157,86.14718614718615,,
149,0.3559338434090002,84.7041847041847,,
150,0.34778061762860674,85.13708513708514,0.4435124834636589,79.22077922077922
151,0.350160650962703,85.28138528138528,,
152,0.3364828731246497,86.58008658008659,,
153,0.34807691627422627,86.002886002886,,
154,0.36311380545814315,82.3953823953824,,
155,0.34917716245458585,83.54978354978356,,
156,0.3325608636522706,85.42568542568543,,
157,0.37886928553017013,84.99278499278499,,
158,0.33203897538123195,86.14718614718615,,
159,0.3497933107623118,83.40548340548341,,
160,0.35837003412356794,84.41558441558442,,
161,0.32129253290088317,88.02308802308802,,
162,0.36725820865465963,83.54978354978356,,
163,0.33145274882020714,85.56998556998558,,
164,0.3263254039215319,85.13708513708514,,
165,0.3601926157484839,85.28138528138528,,
166,0.3286066927865126,84.27128427128427,,
167,0.3459726533762476,84.55988455988457,,
168,0.3462360356363211,85.13708513708514,,
169,0.3186406238598569,86.58008658008659,,
170,0.3291736562530716,86.86868686868686,,
171,0.32949949846123205,85.85858585858585,,
172,0.3345197785812367,86.002886002886,,
173,0.3481008450448255,85.42568542568543,,
174,0.32418054251959827,86.72438672438672,,
175,0.34571742684638174,88.16738816738817,0.4536575860791392,80.51948051948052
176,0.3276234670376881,84.84848484848484,,
177,0.345431102173669,85.85858585858585,,
178,0.33314301090753096,84.27128427128427,,
179,0.33484717470312875,86.002886002886,,
180,0.3388927863187776,85.28138528138528,,
181,0.3197494109643658,85.13708513708514,,
182,0.3304733452514825,86.14718614718615,,
183,0.32099610390773237,86.58008658008659,,
184,0.34710050214076626,84.12698412698413,,
185,0.3236179941832417,86.86868686868686,,
186,0.33125515726178584,86.72438672438672,,
187,0.31319749114489315,86.43578643578644,,
188,0.3153239686423738,86.43578643578644,,
189,0.3316823834120625,85.71428571428571,,
190,0.2969300602851664,87.01298701298701,,
191,0.3255031744359548,85.85858585858585,,
192,0.31608735186197023,87.44588744588745,,
193,0.31845691843122287,86.43578643578644,,
194,0.31986432411797977,86.86868686868686,,
195,0.31240884574804817,86.14718614718615,,
196,0.30813651055656643,87.44588744588745,,
197,0.3424186525922833,87.3015873015873,,
198,0.34666849945874784,83.69408369408369,,
199,0.3265560488680224,86.2914862914863,,
200,0.3036321605008746,87.5901875901876,0.44309984128196517,77.92207792207792
201,0.29426684369256484,88.16738816738817,,
202,0.3088888544024843,87.3015873015873,,
203,0.3233449843968836,85.56998556998558,,
204,0.3211462222480499,85.13708513708514,,
205,0.3028961518110135,88.74458874458874,,
206,0.2948112155795957,87.3015873015873,,
207,0.2980819777148799,86.58008658008659,,
208,0.29823708392862464,88.31168831168831,,
209,0.3113161512740591,86.72438672438672,,
210,0.3161585678656896,86.2914862914863,,
211,0.32151204184192256,87.5901875901876,,
212,0.3179273366240024,85.56998556998558,,
213,0.2944267832527601,87.87878787878788,,
214,0.29084343943761026,88.45598845598846,,
215,0.28228602544397846,87.73448773448773,,
216,0.3217060144716527,85.56998556998558,,
217,0.33024638805210504,86.58008658008659,,
218,0.3280209047292476,86.72438672438672,,
219,0.302859253203026,87.44588744588745,,
220,0.31494460710758426,85.42568542568543,,
221,0.3059346873264808,87.15728715728716,,
222,0.32639251664431407,87.01298701298701,,
223,0.2992273627593576,88.16738816738817,,
224,0.3027940397654777,86.2914862914863,,
225,0.2920972045838919,87.3015873015873,0.4665642078820761,79.22077922077922
226,0.28772559396460284,89.03318903318903,,
227,0.2912321807588162,89.32178932178932,,
228,0.3121130702880038,86.2914862914863,,
229,0.30429548111140814,87.15728715728716,,
230,0.29345347870995986,86.86868686868686,,
231,0.31169897141566694,87.44588744588745,,
232,0.28580180726526105,89.46608946608947,,
233,0.28310697711735405,88.88888888888889,,
234,0.27564446441022866,88.74458874458874,,
235,0.3064620493451593,87.01298701298701,,
236,0.30461872320670585,87.3015873015873,,
237,0.3037124708789424,88.45598845598846,,
238,0.2938303505359446,88.45598845598846,,
239,0.3106823054398981,86.58008658008659,,
240,0.28476120798188714,88.88888888888889,,
241,0.2991080648369259,88.45598845598846,,
242,0.2869391176435683,87.44588744588745,,
243,0.29245783244548595,88.02308802308802,,
244,0.30201721685961386,86.86868686868686,,
245,0.29163938739255046,87.44588744588745,,
246,0.27686168343731854,89.17748917748918,,
247,0.2816711686024762,87.87878787878788,,
248,0.2706605472089924,89.17748917748918,,
249,0.30025730441185994,86.2914862914863,,
250,0.29043380969874616,87.73448773448773,0.5006854936674043,81.81818181818181
251,0.3046077013144761,86.43578643578644,,
252,0.2893745432168374,88.45598845598846,,
253,0.30697492668122955,86.58008658008659,,
254,0.28771377192517206,89.17748917748918,,
255,0.2562563083904646,90.33189033189034,,
256,0.2945448064700866,89.17748917748918,,
257,0.2996068348917266,87.15728715728716,,
258,0.29227099102124854,88.60028860028861,,
259,0.2897654612687071,88.60028860028861,,
260,0.2766363520556886,87.44588744588745,,
261,0.2817702309092746,86.72438672438672,,
262,0.2741654756093266,88.45598845598846,,
263,0.2914316321778263,88.45598845598846,,
264,0.2729566811139105,88.02308802308802,,
265,0.2777043749372681,88.74458874458874,,
266,0.2913767637800517,87.3015873015873,,
267,0.2877945153615175,89.17748917748918,,
268,0.2675875533280779,89.6103896103896,,
269,0.276392052420462,88.02308802308802,,
270,0.2850028121196174,87.5901875901876,,
271,0.27305773081201495,89.32178932178932,,
272,0.27484824836340127,88.88888888888889,,
273,0.27104241657910755,88.88888888888889,,
274,0.26710915479481134,88.31168831168831,,
275,0.281134828505836,88.45598845598846,0.47591946186957423,80.51948051948052
276,0.2652961177614344,87.01298701298701,,
277,0.2814497636445673,88.60028860028861,,
278,0.2590871502525707,88.74458874458874,,
279,0.27767827526315464,87.73448773448773,,
280,0.24995897002894468,89.46608946608947,,
281,0.2878922905993324,88.31168831168831,,
282,0.2605328678891256,90.62049062049061,,
283,0.28402391052435316,88.45598845598846,,
284,0.27374277718655476,88.16738816738817,,
285,0.2711648162599508,89.17748917748918,,
286,0.25390492175392604,90.33189033189034,,
287,0.27092887442370855,89.17748917748918,,
288,0.26957450787742415,89.6103896103896,,
289,0.2712075057483855,88.45598845598846,,
290,0.2781140377683213,87.73448773448773,,
291,0.25708198977411223,89.03318903318903,,
292,0.2576007886882468,88.31168831168831,,
293,0.2751628070166617,89.6103896103896,,
294,0.277242357080633,88.74458874458874,,
295,0.27208332758273224,88.74458874458874,,
296,0.2741379255770261,89.46608946608947,,
297,0.2482081472787678,89.8989898989899,,
298,0.25570721156669385,89.6103896103896,,
299,0.2687633257751685,88.60028860028861,,
300,0.2616070010101296,88.88888888888889,0.5368264495552361,79.22077922077922
301,0.2627698627944288,88.16738816738817,,
302,0.2767877005051397,89.6103896103896,,
303,0.25302512530898635,87.44588744588745,,
304,0.2769724725601821,88.45598845598846,,
305,0.282214859519342,88.45598845598846,,
306,0.252851556776922,89.17748917748918,,
307,0.29025880123715725,86.58008658008659,,
308,0.2840205838239898,88.02308802308802,,
309,0.2607101945994048,89.75468975468975,,
310,0.2963452116031237,86.86868686868686,,
311,0.2450409624913726,90.62049062049061,,
312,0.2657119380619275,89.6103896103896,,
313,0.28201864137277977,87.73448773448773,,
314,0.25110629857833594,89.75468975468975,,
315,0.25695156891968685,89.46608946608947,,
316,0.25057255735817063,90.76479076479076,,
317,0.2714306880299319,89.46608946608947,,
318,0.28565524452907526,87.73448773448773,,
319,0.23392801083527603,91.05339105339105,,
320,0.2592269533876905,89.46608946608947,,
321,0.2657420251620624,90.18759018759019,,
322,0.2807425995388244,88.02308802308802,,
323,0.25653285365471074,90.47619047619048,,
324,0.2514867954289414,89.8989898989899,,
325,0.24448890698076498,90.47619047619048,0.5111702796700713,80.51948051948052
326,0.26158136845409097,89.75468975468975,,
327,0.2586721414955491,89.75468975468975,,
328,0.27143902620797894,88.31168831168831,,
329,0.2566759782006042,91.34199134199135,,
330,0.24982184713537042,89.75468975468975,,
331,0.25162213449440307,89.32178932178932,,
332,0.26755054834773184,88.02308802308802,,
333,0.24188087383906046,90.18759018759019,,
334,0.24420493032681134,90.04329004329004,,
335,0.2416219415645751,90.76479076479076,,
336,0.25175700068989876,89.75468975468975,,
337,0.25378534073093406,90.04329004329004,,
338,0.2625907675442414,89.6103896103896,,
339,0.2391559151505237,89.6103896103896,,
340,0.2563565570812721,90.04329004329004,,
341,0.24210024069225977,90.62049062049061,,
342,0.22999033520017007,90.47619047619048,,
343,0.237497300468654,90.62049062049061,,
344,0.24209463867274197,89.8989898989899,,
345,0.24858831912064105,89.75468975468975,,
346,0.258876987328433,88.31168831168831,,
347,0.23835733335083525,91.77489177489177,,
348,0.25666093609119733,89.03318903318903,,
349,0.26206768892200133,89.03318903318903,,
350,0.24328239479278246,90.04329004329004,0.5079854649382752,79.22077922077922
351,0.2557533532381058,89.8989898989899,,
352,0.25522209909135773,89.8989898989899,,
353,0.21797348819081747,90.62049062049061,,
354,0.23509460808050753,89.75468975468975,,
355,0.23959183698845288,90.47619047619048,,
356,0.23817019992404515,90.62049062049061,,
357,0.24737155556807786,90.33189033189034,,
358,0.26443460220296316,89.8989898989899,,
359,0.2597498524864171,89.17748917748918,,
360,0.24561799258466752,90.33189033189034,,
361,0.25195650149857113,89.6103896103896,,
362,0.23358641893832716,91.48629148629149,,
363,0.23296534275423741,91.1976911976912,,
364,0.2405515666647907,89.75468975468975,,
365,0.2430809900530145,91.48629148629149,,
366,0.24486852806023876,89.17748917748918,,
367,0.24967810466434015,90.33189033189034,,
368,0.23515647606222662,91.63059163059162,,
369,0.22708820710751573,91.91919191919192,,
370,0.26481678432544414,87.73448773448773,,
371,0.24084252452351487,89.46608946608947,,
372,0.23479346671339238,92.20779220779221,,
373,0.23988793697880115,90.33189033189034,,
374,0.21508103449967345,92.64069264069263,,
375,0.21550564513061987,92.20779220779221,0.5515136014331471,80.51948051948052
376,0.23904792742983774,89.75468975468975,,
377,0.23154603140522736,91.05339105339105,,
378,0.2206283054310522,91.05339105339105,,
379,0.2375078144312593,89.8989898989899,,
380,0.248933175597528,88.31168831168831,,
381,0.21688767405385406,92.64069264069263,,
382,0.23498616529921604,91.05339105339105,,
383,0.23951257113770488,89.6103896103896,,
384,0.23491707837684847,90.33189033189034,,
385,0.22436189512798796,90.47619047619048,,
386,0.22459257465033305,91.1976911976912,,
387,0.2268712974945016,89.8989898989899,,
388,0.24135885343579158,90.76479076479076,,
389,0.22544413809308414,90.62049062049061,,
390,0.2390833951930635,89.8989898989899,,
391,0.21275135917753024,91.34199134199135,,
392,0.23780749559746503,90.76479076479076,,
393,0.21204060854452084,92.78499278499278,,
394,0.22836939562622774,90.18759018759019,,
395,0.238365967676022,89.32178932178932,,
396,0.21235761680730322,90.9090909090909,,
397,0.22716571172917044,89.46608946608947,,
398,0.20435683706622104,91.91919191919192,,
399,0.2245581617086997,91.05339105339105,,
400,0.21632854096473209,92.35209235209236,0.5411580746824091,81.81818181818181
401,0.2462370472638982,89.75468975468975,,
402,0.22273745926427635,90.33189033189034,,
403,0.23161559851912708,90.9090909090909,,
404,0.2399326146165014,90.9090909090909,,
405,0.2188759714332752,91.1976911976912,,
406,0.22188981888012108,91.48629148629149,,
407,0.2089618050733858,92.64069264069263,,
408,0.20201721495020097,91.48629148629149,,
409,0.20631590841975048,92.78499278499278,,
410,0.23957911963758702,90.47619047619048,,
411,0.21851570543014642,91.1976911976912,,
412,0.22598083435543,90.9090909090909,,
413,0.2112803612694596,91.34199134199135,,
414,0.22946755284333298,91.91919191919192,,
415,0.22146563763054247,90.62049062049061,,
416,0.23723245828182665,89.32178932178932,,
417,0.22070833797664696,91.77489177489177,,
418,0.19313672194620232,92.06349206349206,,
419,0.21990182853880383,91.05339105339105,,
420,0.21944884949432306,92.64069264069263,,
421,0.21945378515455458,91.1976911976912,,
422,0.22690566372217727,91.05339105339105,,
423,0.2176875262689195,91.1976911976912,,
424,0.20923134525444945,91.77489177489177,,
425,0.20928043286446454,91.63059163059162,0.5127552159420856,80.51948051948052
426,0.1993060792765404,92.78499278499278,,
427,0.22448466430064748,91.48629148629149,,
428,0.21718578348352882,90.47619047619048,,
429,0.20229185565037472,92.35209235209236,,
430,0.25567585539508175,89.17748917748918,,
431,0.21948443948792518,92.06349206349206,,
432,0.21843883915553017,91.91919191919192,,
433,0.22477981340661538,90.9090909090909,,
434,0.19786328755179353,91.63059163059162,,
435,0.20701866628115656,90.76479076479076,,
436,0.21995932640021326,91.34199134199135,,
437,0.18735697590255462,92.92929292929293,,
438,0.20725356141833687,91.63059163059162,,
439,0.19580642949967159,92.78499278499278,,
440,0.23011048404771356,91.1976911976912,,
441,0.2034730606888452,91.63059163059162,,
442,0.18991867374376128,92.92929292929293,,
443,0.19910731153699743,91.48629148629149,,
444,0.2101622453499666,92.4963924963925,,
445,0.231896132789821,90.04329004329004,,
446,0.20789173731384167,91.91919191919192,,
447,0.23611440436449574,89.6103896103896,,
448,0.19835388320693034,92.4963924963925,,
449,0.20996247066391838,91.34199134199135,,
450,0.18871901419771697,93.21789321789322,0.5524384224569643,79.22077922077922
451,0.2238393947052061,91.48629148629149,,
452,0.20711227756902081,90.76479076479076,,
453,0.1957660446005294,92.20779220779221,,
454,0.21937238709923165,91.48629148629149,,
455,0.18193535182039114,94.22799422799423,,
456,0.20890130715452748,91.34199134199135,,
457,0.19981798017867888,92.06349206349206,,
458,0.21820089848870666,91.34199134199135,,
459,0.20030534293228414,91.77489177489177,,
460,0.20396109406996255,91.77489177489177,,
461,0.2091262677703241,92.20779220779221,,
462,0.20549544514644713,91.48629148629149,,
463,0.211909518355415,90.47619047619048,,
464,0.20567366007237034,92.64069264069263,,
465,0.20866702950706043,90.62049062049061,,
466,0.19957636002166274,92.4963924963925,,
467,0.19859196838061358,92.06349206349206,,
468,0.2083913813443239,92.20779220779221,,
469,0.22415627503678912,91.48629148629149,,
470,0.20689258274513406,91.77489177489177,,
471,0.20422792331480877,91.1976911976912,,
472,0.1856190590255102,93.21789321789322,,
473,0.1805391548171876,92.78499278499278,,
474,0.22453299990464082,90.62049062049061,,
475,0.19574009421218352,92.35209235209236,0.5341355475512418,80.51948051948052
476,0.21368829918216276,92.35209235209236,,
477,0.19618647705768955,92.20779220779221,,
478,0.2018454610914379,92.06349206349206,,
479,0.2167574323143966,91.05339105339105,,
480,0.2135438256793552,91.48629148629149,,
481,0.19080196108136857,92.06349206349206,,
482,0.2069019970482734,91.34199134199135,,
483,0.2041581581100757,91.91919191919192,,
484,0.21898791950846475,91.1976911976912,,
485,0.20768233249971876,92.35209235209236,,
486,0.1969828082068486,91.77489177489177,,
487,0.19659341559416116,92.64069264069263,,
488,0.18344185315341316,93.07359307359307,,
489,0.19297630590095063,91.91919191919192,,
490,0.19718877048719496,92.20779220779221,,
491,0.20429495557830876,91.34199134199135,,
492,0.19247865384447282,92.35209235209236,,
493,0.20678570827880463,92.06349206349206,,
494,0.19107519423462785,92.06349206349206,,
495,0.17824054865265992,93.36219336219337,,
496,0.18131677730043902,92.64069264069263,,
497,0.195616924100452,93.07359307359307,,
498,0.18989809569170293,92.92929292929293,,
499,0.19096595442398287,92.4963924963925,,
500,0.2287771835127606,90.76479076479076,0.5565987477054843,81.81818181818181
501,0.1997520626451374,91.1976911976912,,
502,0.20469900791521195,91.48629148629149,,
503,0.19990249530749576,92.4963924963925,,
504,0.2073831752125405,91.48629148629149,,
505,0.20227300517615818,92.4963924963925,,
506,0.1668994033233428,94.08369408369408,,
507,0.20894708799421358,91.91919191919192,,
508,0.2081878911838215,91.77489177489177,,
509,0.1799717347472261,93.21789321789322,,
510,0.18541332611660938,92.64069264069263,,
511,0.18593695917815872,93.79509379509379,,
512,0.2002296338091681,92.35209235209236,,
513,0.1990012652086145,91.77489177489177,,
514,0.19597440717196224,92.4963924963925,,
515,0.18851827018360726,92.78499278499278,,
516,0.17562820870982965,93.65079365079364,,
517,0.1948772795057572,92.06349206349206,,
518,0.17591466739623232,93.36219336219337,,
519,0.19454849737966473,91.34199134199135,,
520,0.17858550219136743,91.91919191919192,,
521,0.19549055125505205,92.78499278499278,,
522,0.2001642920560651,90.9090909090909,,
523,0.18914140972697202,91.91919191919192,,
524,0.18577372967594802,91.91919191919192,,
525,0.19331592312794915,91.63059163059162,0.504438613142286,84.41558441558442
526,0.17159731537748724,94.08369408369408,,
527,0.18375172836956008,93.07359307359307,,
528,0.18059654396247726,93.07359307359307,,
529,0.17355751311796225,93.21789321789322,,
530,0.17863044853377308,92.78499278499278,,
531,0.18180273114172754,92.06349206349206,,
532,0.17045806156952487,92.4963924963925,,
533,0.178305566009849,92.4963924963925,,
534,0.1974810935992984,91.63059163059162,,
535,0.17444838117673714,92.92929292929293,,
536,0.1670769638211223,93.93939393939394,,
537,0.18966473931443983,92.06349206349206,,
538,0.20253643657996026,92.06349206349206,,
539,0.16949603414165682,92.78499278499278,,
540,0.18007555187103294,92.20779220779221,,
541,0.17054610654260172,93.79509379509379,,
542,0.19595323090171402,92.20779220779221,,
543,0.18744900011999094,92.20779220779221,,
544,0.1926951447950641,92.06349206349206,,
545,0.19038172406218354,92.20779220779221,,
546,0.17717032755952206,93.36219336219337,,
547,0.1668245392014282,93.79509379509379,,
548,0.17017093669585506,93.65079365079364,,
549,0.16602250981489988,93.50649350649351,,
550,0.18025531853088225,92.06349206349206,0.5638320716944608,81.81818181818181
551,0.18777415055303173,92.64069264069263,,
552,0.2011394010101476,92.64069264069263,,
553,0.1710522457806751,92.64069264069263,,
554,0.1577491131389425,93.79509379509379,,
555,0.19088247328093558,91.91919191919192,,
556,0.17891632622540599,93.21789321789322,,
557,0.18021252162184723,93.36219336219337,,
558,0.18661396663426322,92.4963924963925,,
559,0.18168150187398793,92.92929292929293,,
560,0.18268985719880973,93.21789321789322,,
561,0.16453071398738486,93.65079365079364,,
562,0.21321557829906415,91.34199134199135,,
563,0.15989534670828398,93.65079365079364,,
564,0.17401413578663724,92.78499278499278,,
565,0.20581872468816942,91.1976911976912,,
566,0.18738684326969357,92.92929292929293,,
567,0.16521857215513572,94.22799422799423,,
568,0.17284321716165474,92.64069264069263,,
569,0.19152808898971194,92.06349206349206,,
570,0.1509533751578558,94.66089466089466,,
571,0.16953866611655485,93.21789321789322,,
572,0.19374563761087724,92.35209235209236,,
573,0.1513352282291539,94.22799422799423,,
574,0.18100621256154853,93.65079365079364,,
575,0.17162574807109385,93.07359307359307,0.5389688881960782,85.71428571428571
576,0.15825672250934494,93.79509379509379,,
577,0.20036780460593848,91.48629148629149,,
578,0.1779587562982138,93.36219336219337,,
579,0.18528524703449673,93.21789321789322,,
580,0.1789069450897142,92.35209235209236,,
581,0.1619312185364067,93.79509379509379,,
582,0.17244566865211614,92.20779220779221,,
583,0.18618201904138618,91.63059163059162,,
584,0.18325604193052344,92.78499278499278,,
585,0.16745933352782785,94.22799422799423,,
586,0.1555378632068978,93.79509379509379,,
587,0.17345987425910103,93.21789321789322,,
588,0.16874701477060414,93.36219336219337,,
589,0.18462507922906551,93.07359307359307,,
590,0.17986967149062935,92.20779220779221,,
591,0.18421900479867517,93.21789321789322,,
592,0.16674623772781477,93.07359307359307,,
593,0.1915531088779499,92.4963924963925,,
594,0.15738794527958655,94.22799422799423,,
595,0.16547144124819257,93.65079365079364,,
596,0.14369461516625265,94.08369408369408,,
597,0.18830561285239106,93.21789321789322,,
598,0.1455819685909827,94.22799422799423,,
599,0.16360321853842055,93.93939393939394,,
600,0.15615897046195137,94.22799422799423,0.5228898447829408,84.41558441558442
601,0.16062561623902635,93.79509379509379,,
602,0.18998973348956089,92.4963924963925,,
603,0.17962790456900177,93.21789321789322,,
604,0.17196593410772248,93.93939393939394,,
605,0.1809609199956081,92.35209235209236,,
606,0.15180114494343686,94.51659451659452,,
607,0.18768069682398228,92.78499278499278,,
608,0.15653121570316056,93.79509379509379,,
609,0.15152221074136993,94.66089466089466,,
610,0.1935886610810031,92.4963924963925,,
611,0.19379147756065296,91.63059163059162,,
612,0.1797082664560618,93.07359307359307,,
613,0.1637976330867599,93.79509379509379,,
614,0.13438998958335122,95.23809523809524,,
615,0.15762684181128314,93.93939393939394,,
616,0.17082943131913356,93.36219336219337,,
617,0.1592574521985233,93.93939393939394,,
618,0.15727010040314165,93.36219336219337,,
619,0.18500392607710234,90.62049062049061,,
620,0.1646402297167895,92.92929292929293,,
621,0.17107158717611995,93.50649350649351,,
622,0.15545617118961624,93.93939393939394,,
623,0.1759412790316696,92.4963924963925,,
624,0.16249117778794245,93.79509379509379,,
625,0.15890625959953017,94.22799422799423,0.5583757858771783,84.41558441558442
626,0.14778894775454357,93.65079365079364,,
627,0.13838055609452604,94.66089466089466,,
628,0.17244625288299667,93.65079365079364,,
629,0.17352283878243846,93.79509379509379,,
630,0.18030597617873897,93.79509379509379,,
631,0.17310792271149966,92.06349206349206,,
632,0.18106889271299648,91.34199134199135,,
633,0.14669451567453223,94.66089466089466,,
634,0.14222364783459068,94.37229437229438,,
635,0.15708691651514942,93.07359307359307,,
636,0.19645428026436385,92.06349206349206,,
637,0.1585190547213582,93.79509379509379,,
638,0.17049459070182293,93.07359307359307,,
639,0.17174207982519832,92.64069264069263,,
640,0.15802578232419096,94.66089466089466,,
641,0.1572774075842523,94.08369408369408,,
642,0.1574325259952318,94.08369408369408,,
643,0.15913755474625557,94.22799422799423,,
644,0.15117984436570653,94.37229437229438,,
645,0.13445109438586544,95.52669552669553,,
646,0.1667441481141129,93.36219336219337,,
647,0.15981950921585722,94.22799422799423,,
648,0.16640061144360904,93.21789321789322,,
649,0.18008919161829082,93.79509379509379,,
650,0.14084130716960325,94.37229437229438,0.5503227354644181,81.81818181818181
651,0.14364802768026597,93.65079365079364,,
652,0.1789117676970612,92.92929292929293,,
653,0.17383043298129566,92.35209235209236,,
654,0.16866644937410671,93.21789321789322,,
655,0.13197515660851206,95.0937950937951,,
656,0.14287932895790534,94.66089466089466,,
657,0.16360306161392646,92.92929292929293,,
658,0.15923072751154546,93.36219336219337,,
659,0.17091501405540568,93.93939393939394,,
660,0.14490800485294447,95.67099567099567,,
661,0.15093045260939977,94.51659451659452,,
662,0.15490287195079427,92.92929292929293,,
663,0.15376627962353598,95.0937950937951,,
664,0.1513841048764632,94.08369408369408,,
665,0.16214340194135174,93.21789321789322,,
666,0.18404272541640296,92.4963924963925,,
667,0.14285545435721997,94.51659451659452,,
668,0.1629501935766545,93.93939393939394,,
669,0.1474622835178052,94.51659451659452,,
670,0.16458813448854512,92.78499278499278,,
671,0.1524051275120411,94.51659451659452,,
672,0.17065252221765972,94.37229437229438,,
673,0.1311286301882924,94.51659451659452,,
674,0.15481040115612002,94.37229437229438,,
675,0.1466890223765098,93.79509379509379,0.6011284148538267,83.11688311688312
676,0.1494873429596166,94.22799422799423,,
677,0.1572406736631242,94.37229437229438,,
678,0.158452662597659,94.22799422799423,,
679,0.1837220721559607,93.21789321789322,,
680,0.1388826345726525,95.0937950937951,,
681,0.15836307676414949,92.78499278499278,,
682,0.14500505563199606,94.22799422799423,,
683,0.14345958375225507,95.0937950937951,,
684,0.13710732145226878,93.93939393939394,,
685,0.13507409478721852,94.66089466089466,,
686,0.14684927631250191,93.93939393939394,,
687,0.14255953024304102,94.66089466089466,,
688,0.1423724042560803,94.51659451659452,,
689,0.14049194488690528,94.66089466089466,,
690,0.17342749278868777,93.36219336219337,,
691,0.15322004871450978,93.21789321789322,,
692,0.1533941091139079,93.79509379509379,,
693,0.15964883989231152,93.50649350649351,,
694,0.14735177688268356,94.37229437229438,,
695,0.15513696796751297,94.51659451659452,,
696,0.1458634337111985,95.0937950937951,,
697,0.13869966702027756,94.94949494949495,,
698,0.15407288713114603,93.79509379509379,,
699,0.13743260851691638,94.8051948051948,,
700,0.13426280425912546,95.81529581529581,0.5981974950084439,83.11688311688312
701,0.14618942658665549,94.37229437229438,,
702,0.1330963531173067,94.66089466089466,,
703,0.15284078300515294,93.93939393939394,,
704,0.15173836141115143,94.8051948051948,,
705,0.14834812595838248,93.50649350649351,,
706,0.1450254378509728,94.51659451659452,,
707,0.12633903999779303,95.52669552669553,,
708,0.16122377585367034,93.65079365079364,,
709,0.13865366671637538,94.94949494949495,,
710,0.15919967641863128,93.65079365079364,,
711,0.1390706661223161,95.81529581529581,,
712,0.1404466007178996,95.23809523809524,,
713,0.12565113595467797,95.67099567099567,,
714,0.16150688240237393,93.50649350649351,,
715,0.14467575227973437,94.8051948051948,,
716,0.17192096424438222,93.79509379509379,,
717,0.15745518234535558,94.37229437229438,,
718,0.1605532080805921,93.93939393939394,,
719,0.13967771146548602,95.52669552669553,,
720,0.15122845479183727,93.36219336219337,,
721,0.18188283151663398,92.64069264069263,,
722,0.13075503825195253,95.23809523809524,,
723,0.14143236452366884,94.94949494949495,,
724,0.14361112948619958,95.0937950937951,,
725,0.17160415606409268,93.93939393939394,0.5673184325168659,83.11688311688312
726,0.1307310468394949,94.8051948051948,,
727,0.15722913582087594,94.08369408369408,,
728,0.14665874783460367,94.66089466089466,,
729,0.14598520070282153,94.66089466089466,,
730,0.13390962087144756,95.38239538239539,,
731,0.13593566268252433,94.94949494949495,,
732,0.1335975548190644,94.8051948051948,,
733,0.16250719430535215,93.79509379509379,,
734,0.165358946737961,93.21789321789322,,
735,0.15488872802876807,94.08369408369408,,
736,0.13620164209888094,94.37229437229438,,
737,0.14753177605064055,93.36219336219337,,
738,0.15549430500549327,94.8051948051948,,
739,0.12580404548891008,95.38239538239539,,
740,0.14068247919732874,94.66089466089466,,
741,0.15814814777859362,93.79509379509379,,
742,0.14864537997163219,93.36219336219337,,
743,0.15401171890193593,93.65079365079364,,
744,0.15628761453029913,93.65079365079364,,
745,0.15025545237921878,93.79509379509379,,
746,0.13999037900979902,94.66089466089466,,
747,0.1271974594906123,94.94949494949495,,
748,0.1654997571206196,93.21789321789322,,
749,0.15255274897787993,94.66089466089466,,
750,0.16199791903404617,94.37229437229438,0.5897802315749131,81.81818181818181
751,0.14084008393048553,95.0937950937951,,
752,0.14348133668588398,93.50649350649351,,
753,0.12415692673036546,95.0937950937951,,
754,0.14139086643467733,93.79509379509379,,
755,0.14432495986185376,94.37229437229438,,
756,0.15139077472652362,94.22799422799423,,
757,0.13896068910467418,93.50649350649351,,
758,0.13048275101064433,94.22799422799423,,
759,0.1450404120665608,95.67099567099567,,
760,0.16449246864126185,92.92929292929293,,
761,0.14213098037294494,94.94949494949495,,
762,0.13381428128541117,94.51659451659452,,
763,0.1128134789593077,95.81529581529581,,
764,0.13798179961122778,94.8051948051948,,
765,0.11958295900326271,95.38239538239539,,
766,0.14310400067320603,94.51659451659452,,
767,0.14310396547613377,94.22799422799423,,
768,0.14573297580138142,93.65079365079364,,
769,0.15171483038651823,94.8051948051948,,
770,0.14275172788214374,94.22799422799423,,
771,0.14527129735609498,94.08369408369408,,
772,0.1376327977853076,94.94949494949495,,
773,0.13186820410192013,95.81529581529581,,
774,0.12351762866776055,95.23809523809524,,
775,0.13236201304033893,95.38239538239539,0.623886159488133,81.81818181818181
776,0.1262581265292266,95.23809523809524,,
777,0.14889646651596905,94.22799422799423,,
778,0.12696343645840497,95.81529581529581,,
779,0.12376479879774228,95.52669552669553,,
780,0.14087742129488598,94.94949494949495,,
781,0.13536225051268355,95.23809523809524,,
782,0.11783127170620543,96.3924963924964,,
783,0.15127759653682488,93.65079365079364,,
784,0.1263421479327682,95.38239538239539,,
785,0.1301021517656238,94.51659451659452,,
786,0.14980253599809878,94.66089466089466,,
787,0.11048309570030561,96.24819624819625,,
788,0.13739799542021958,94.8051948051948,,
789,0.12596611793100576,95.52669552669553,,
790,0.13747764148172878,94.37229437229438,,
791,0.12354966239065662,95.38239538239539,,
792,0.14203571232538376,94.8051948051948,,
793,0.12696628147819514,95.0937950937951,,
794,0.14665919200424507,94.94949494949495,,
795,0.12094357768866579,95.23809523809524,,
796,0.11168384463035785,95.95959595959596,,
797,0.1262836583230166,94.51659451659452,,
798,0.1379627828388159,94.22799422799423,,
799,0.13254521754912998,94.8051948051948,,
800,0.12393042211881791,95.23809523809524,0.5998798779078892,85.71428571428571
801,0.1494614817793407,94.08369408369408,,
802,0.12817240991289652,95.23809523809524,,
803,0.14836769900452695,94.51659451659452,,
804,0.1393981830930555,93.36219336219337,,
805,0.1385530127053825,94.51659451659452,,
806,0.11162133456287102,95.23809523809524,,
807,0.12358565428556302,94.37229437229438,,
808,0.1471931536992391,93.50649350649351,,
809,0.12285100527559266,95.38239538239539,,
810,0.12722753459240968,95.23809523809524,,
811,0.13986655633794454,94.51659451659452,,
812,0.1315582458139498,95.0937950937951,,
813,0.12085420946882229,95.38239538239539,,
814,0.12459651839853537,95.52669552669553,,
815,0.12234776898342337,95.38239538239539,,
816,0.14142199381272083,94.8051948051948,,
817,0.1376394847620273,94.51659451659452,,
818,0.12585768588747384,95.0937950937951,,
819,0.13640828488709092,94.94949494949495,,
820,0.11800157185240741,96.24819624819625,,
821,0.15320292874246105,94.66089466089466,,
822,0.14925754391742818,95.0937950937951,,
823,0.13629740341143173,94.37229437229438,,
824,0.1406137617936554,94.37229437229438,,
825,0.14341914511862255,93.21789321789322,0.634725816838153,80.51948051948052
826,0.12288159622795998,94.94949494949495,,
827,0.12509829076853665,94.8051948051948,,
828,0.16425370130403044,92.64069264069263,,
829,0.14843864859220227,95.23809523809524,,
830,0.1299776229765508,95.0937950937951,,
831,0.12974907873899905,95.52669552669553,,
832,0.15392585287964533,93.07359307359307,,
833,0.12704276337596074,95.0937950937951,,
834,0.1231513044663838,95.52669552669553,,
835,0.12762501932583847,95.23809523809524,,
836,0.10764206943745909,95.67099567099567,,
837,0.12070610699973582,95.23809523809524,,
838,0.13867119123721106,94.22799422799423,,
839,0.14031710206634468,94.66089466089466,,
840,0.1526791827288197,94.08369408369408,,
841,0.10337031446666084,96.82539682539682,,
842,0.13499358427558972,95.0937950937951,,
843,0.12463663033549748,95.38239538239539,,
844,0.1496803725479657,94.66089466089466,,
845,0.12568462402445585,93.93939393939394,,
846,0.1408435112298137,94.66089466089466,,
847,0.11669390518513936,96.1038961038961,,
848,0.11962704202442458,94.51659451659452,,
849,0.12135318321583075,95.81529581529581,,
850,0.127147343859055,94.37229437229438,0.6180502021467531,85.71428571428571
851,0.12091853021285234,95.38239538239539,,
852,0.1270614732231563,94.51659451659452,,
853,0.13956410727029583,95.95959595959596,,
854,0.15059096152218218,93.79509379509379,,
855,0.12248821040510616,94.94949494949495,,
856,0.14201260477433472,95.52669552669553,,
857,0.10491673756944497,95.95959595959596,,
858,0.15262422430050837,93.93939393939394,,
859,0.12444672504007215,94.8051948051948,,
860,0.11494363584215679,95.67099567099567,,
861,0.13508584893283046,94.22799422799423,,
862,0.12298895601414327,95.95959595959596,,
863,0.12019493370646178,95.67099567099567,,
864,0.1113820555277201,95.38239538239539,,
865,0.13019104164314133,95.23809523809524,,
866,0.13372307621791937,94.66089466089466,,
867,0.13538740891667586,94.8051948051948,,
868,0.130327363765945,95.23809523809524,,
869,0.12287460921216664,95.38239538239539,,
870,0.119198695018694,95.81529581529581,,
871,0.11665052829194722,96.1038961038961,,
872,0.11120861375228668,95.95959595959596,,
873,0.11128996680309246,95.95959595959596,,
874,0.1260672878221344,95.23809523809524,,
875,0.11625722072169206,95.0937950937951,0.6104108172577697,83.11688311688312
876,0.10771536956639345,96.3924963924964,,
877,0.12409183532967195,95.23809523809524,,
878,0.10716445503210781,96.24819624819625,,
879,0.15061552588213745,94.8051948051948,,
880,0.1325260991442943,95.38239538239539,,
881,0.12341865695056117,95.23809523809524,,
882,0.13188818698644122,96.3924963924964,,
883,0.11936846791755161,95.67099567099567,,
884,0.12970461951727302,94.51659451659452,,
885,0.11721722964428548,95.95959595959596,,
886,0.11300546746878397,95.52669552669553,,
887,0.12905238629527077,94.8051948051948,,
888,0.13569688222345508,95.38239538239539,,
889,0.1130219059230284,95.38239538239539,,
890,0.12219686528821012,94.8051948051948,,
891,0.10587711165649723,95.81529581529581,,
892,0.11820059267785211,95.95959595959596,,
893,0.1143607891139186,95.23809523809524,,
894,0.11671835918404151,95.52669552669553,,
895,0.12693534215205332,94.66089466089466,,
896,0.1057596779703922,96.1038961038961,,
897,0.11574729964201584,95.67099567099567,,
898,0.12201135647503329,95.52669552669553,,
899,0.12708336478273935,95.0937950937951,,
900,0.12171995935996545,95.95959595959596,0.6561874847907525,84.41558441558442
901,0.14549332955236643,94.66089466089466,,
902,0.12368531879924592,95.0937950937951,,
903,0.12254683772024053,95.23809523809524,,
904,0.1173357753940518,95.23809523809524,,
905,0.11756478358613809,95.67099567099567,,
906,0.12107277922816091,94.37229437229438,,
907,0.11415596164945745,96.3924963924964,,
908,0.11313064216298803,95.67099567099567,,
909,0.1195425952893573,95.81529581529581,,
910,0.11367932313384252,96.3924963924964,,
911,0.13897536421923065,94.22799422799423,,
912,0.10203068306693783,96.53679653679653,,
913,0.13115740048700425,95.0937950937951,,
914,0.11421162745825313,95.81529581529581,,
915,0.12389787672488033,96.3924963924964,,
916,0.1220875530144869,95.0937950937951,,
917,0.09473734706220947,95.38239538239539,,
918,0.12449498789608049,94.8051948051948,,
919,0.12839641561798892,95.38239538239539,,
920,0.12300243328660082,96.24819624819625,,
921,0.12267505180784118,94.94949494949495,,
922,0.11489653475528844,95.67099567099567,,
923,0.11626751194096575,94.8051948051948,,
924,0.12491967405419672,95.38239538239539,,
925,0.11658109484635519,95.81529581529581,0.543001837544627,83.11688311688312
926,0.1303390601668695,94.66089466089466,,
927,0.12988246498900918,95.38239538239539,,
928,0.10962800394802813,96.1038961038961,,
929,0.11502599780962494,96.3924963924964,,
930,0.12810048626528847,95.0937950937951,,
931,0.1220568036673991,95.38239538239539,,
932,0.1216031609460561,95.67099567099567,,
933,0.13128562989103115,94.8051948051948,,
934,0.123312859093128,95.67099567099567,,
935,0.11507329440435118,96.1038961038961,,
936,0.10003079514826875,96.24819624819625,,
937,0.13281021509077642,95.0937950937951,,
938,0.10654111292137942,95.67099567099567,,
939,0.13170416254286815,94.66089466089466,,
940,0.11757280794745056,96.24819624819625,,
941,0.1272477936241534,94.8051948051948,,
942,0.1277391638762679,95.23809523809524,,
943,0.11676149647333492,96.24819624819625,,
944,0.13014174878468246,95.38239538239539,,
945,0.12610823207657146,95.52669552669553,,
946,0.1234043278606423,95.0937950937951,,
947,0.11316473676700785,95.95959595959596,,
948,0.11545890667388406,95.67099567099567,,
949,0.11631961805479867,95.95959595959596,,
950,0.11682053495461893,95.52669552669553,0.6034713550047441,80.51948051948052
951,0.12984139509875364,95.0937950937951,,
952,0.12259114644400142,94.8051948051948,,
953,0.14337021198451605,94.94949494949495,,
954,0.11710119459235135,95.95959595959596,,
955,0.12941395076365353,94.8051948051948,,
956,0.09416404494835658,96.68109668109668,,
957,0.10366329097042525,96.24819624819625,,
958,0.12443534623492848,94.94949494949495,,
959,0.11186861844590903,95.67099567099567,,
960,0.13108335447754352,95.38239538239539,,
961,0.11201597055659494,95.67099567099567,,
962,0.10915831580199033,95.23809523809524,,
963,0.11164230516806653,96.1038961038961,,
964,0.11274772020215423,95.95959595959596,,
965,0.11158846086495883,96.53679653679653,,
966,0.1259665699705245,95.0937950937951,,
967,0.11971624675079169,94.94949494949495,,
968,0.11897513709027013,95.23809523809524,,
969,0.11687074645730153,95.52669552669553,,
970,0.12735561285205563,95.67099567099567,,
971,0.1164476444452872,96.96969696969697,,
972,0.1147178007238699,95.67099567099567,,
973,0.12132727467652524,94.94949494949495,,
974,0.1371478777040135,93.65079365079364,,
975,0.11804951913117244,95.95959595959596,0.5702011089820367,84.41558441558442
976,0.11233894161417715,94.94949494949495,,
977,0.1335424068309958,95.23809523809524,,
978,0.115123392817864,95.81529581529581,,
979,0.10535049912066859,96.96969696969697,,
980,0.12841370059405743,95.38239538239539,,
981,0.1173840273805984,95.38239538239539,,
982,0.11182634939922055,95.81529581529581,,
983,0.10174112864817032,96.24819624819625,,
984,0.11922244276061203,95.23809523809524,,
985,0.10821296414696378,96.1038961038961,,
986,0.10509168924589092,96.3924963924964,,
987,0.0987739133316631,96.68109668109668,,
988,0.0781368739945978,96.82539682539682,,
989,0.10949176930503927,95.81529581529581,,
990,0.08892759564635042,96.82539682539682,,
991,0.1228862770605956,95.23809523809524,,
992,0.10790987797672787,95.67099567099567,,
993,0.10987253537640772,95.52669552669553,,
994,0.11629989160517766,96.53679653679653,,
995,0.11225908233489824,95.38239538239539,,
996,0.10284135010211713,96.1038961038961,,
997,0.10094683205448145,96.1038961038961,,
998,0.10387122041907318,96.24819624819625,,
999,0.09926054611920364,95.67099567099567,,
1000,0.1196917188589019,95.81529581529581,0.5750799767382733,83.11688311688312
