epoch,train_loss,train_acc,test_loss,test_acc
1,2.266299666420558,16.347381864623244,2.263613877405647,20.610687022900763
2,2.054686368349107,32.82247765006386,,
3,1.8670716363351463,42.52873563218391,,
4,1.7054721534176043,48.275862068965516,,
5,1.5110793611555722,54.278416347381864,,
6,1.3918959861514213,57.982120051085566,,
7,1.2702506240148046,63.2183908045977,,
8,1.1473478022510826,66.5389527458493,,
9,1.0559854094857304,72.15836526181354,,
10,0.9931738333988311,74.07407407407408,,
11,0.9031535050573629,75.98978288633461,,
12,0.8442291081484554,77.13920817369093,,
13,0.825166421831796,77.01149425287356,,
14,0.8178503426555472,77.65006385696041,,
15,0.7531629146896255,77.65006385696041,,
16,0.701400975614672,79.69348659003832,,
17,0.6612637333790766,81.99233716475096,,
18,0.6372032706764923,82.50319284802043,,
19,0.6230861627964225,82.24776500638569,,
20,0.552934612655396,85.56832694763729,,
21,0.5699426789088876,84.80204342273308,,
22,0.549583080247292,84.80204342273308,,
23,0.5410037154134358,86.33461047254151,,
24,0.539426303572125,85.56832694763729,,
25,0.5375979838091143,85.44061302681992,0.5324292145385087,88.16793893129771
26,0.5137441336423502,85.82375478927203,,
27,0.4824205934620756,86.71775223499361,,
28,0.47038197875175136,86.97318007662835,,
29,0.41266478261271655,89.14431673052363,,
30,0.458770630269824,87.35632183908046,,
31,0.4408297538757324,87.9948914431673,,
32,0.4287164709120418,88.63346104725414,,
33,0.4235779788073909,88.63346104725414,,
34,0.3971067983300293,90.29374201787995,,
35,0.3914118958006721,89.78288633461047,,
36,0.3819166337393253,89.91060025542784,,
37,0.3701091869656915,90.67688378033206,,
38,0.37352247237397945,90.67688378033206,,
39,0.32079641001434617,90.80459770114942,,
40,0.33692963598331727,92.33716475095785,,
41,0.3474712757771956,91.44316730523627,,
42,0.32720493217918306,91.06002554278416,,
43,0.32953038240757937,91.57088122605364,,
44,0.3283569347660508,91.18773946360153,,
45,0.2947998505899276,91.95402298850574,,
46,0.32381773183400603,91.57088122605364,,
47,0.29411460948325363,91.95402298850574,,
48,0.30286411897280513,92.46487867177522,,
49,0.30021038961669344,92.9757343550447,,
50,0.2834584544368783,92.9757343550447,0.44470383761493304,89.31297709923665
