epoch,train_loss,train_acc,test_loss,test_acc
1,0.6894774006042645,55.699855699855696,0.6870885220440951,55.84415584415584
2,0.6860171368971876,55.98845598845599,,
3,0.6890204431002618,55.98845598845599,,
4,0.6866583647838058,55.98845598845599,,
5,0.6859605088722482,55.98845598845599,,
6,0.6892905224969377,55.98845598845599,,
7,0.6857550183759967,55.98845598845599,,
8,0.6861278191961423,55.98845598845599,,
9,0.6867754154907161,55.98845598845599,,
10,0.6856260716829121,55.98845598845599,,
11,0.6841765317049894,55.98845598845599,,
12,0.6834473277067209,55.98845598845599,,
13,0.6847429772648116,55.98845598845599,,
14,0.6838680846350533,55.98845598845599,,
15,0.6830707705898202,55.98845598845599,,
16,0.6828268279588928,55.98845598845599,,
17,0.681660858325628,55.98845598845599,,
18,0.681488727336322,55.98845598845599,,
19,0.6782829973088714,55.98845598845599,,
20,0.679309660480136,55.98845598845599,,
21,0.67748094963993,55.98845598845599,,
22,0.6749293441208238,55.98845598845599,,
23,0.6750806582954539,55.98845598845599,,
24,0.6736151416064341,55.98845598845599,,
25,0.6753287004874038,55.98845598845599,0.6757734534028289,55.84415584415584
26,0.6738242420971308,55.98845598845599,,
27,0.6722358677638386,55.98845598845599,,
28,0.6704191941375512,55.98845598845599,,
29,0.6671296921471325,55.98845598845599,,
30,0.6714814908232696,55.98845598845599,,
31,0.6639420334222856,55.98845598845599,,
32,0.6678292192249932,55.98845598845599,,
33,0.6651138861113984,55.98845598845599,,
34,0.6607838349596935,55.98845598845599,,
35,0.6580236213547843,55.98845598845599,,
36,0.6554017183068511,55.98845598845599,,
37,0.6553148242818329,55.699855699855696,,
38,0.6495067410998874,58.152958152958156,,
39,0.6541844310526552,58.00865800865801,,
40,0.6424463196922346,60.317460317460316,,
41,0.6450019358384489,64.5021645021645,,
42,0.6421150736306481,62.77056277056277,,
43,0.6342578287764545,61.904761904761905,,
44,0.6330743515474284,63.05916305916306,,
45,0.6314447737187362,65.94516594516594,,
46,0.6330430968671306,63.78066378066378,,
47,0.6218938275333091,66.52236652236653,,
48,0.6219733529448681,66.08946608946609,,
49,0.6233081208679067,66.66666666666667,,
50,0.6190437556689263,66.08946608946609,0.6183335920432945,62.33766233766234
51,0.6085102185714468,68.25396825396825,,
52,0.6065642152513776,65.80086580086581,,
53,0.5971606052971161,67.67676767676768,,
54,0.5945087775781557,71.86147186147186,,
55,0.5875144507117773,69.26406926406926,,
56,0.5958104593757255,69.84126984126983,,
57,0.5801418284317116,70.41847041847042,,
58,0.5788142605433388,71.57287157287158,,
59,0.57489643520091,70.99567099567099,,
60,0.5632537470063433,73.5930735930736,,
61,0.5686676196033649,71.28427128427128,,
62,0.5582319130801191,74.60317460317461,,
63,0.5446008645524882,75.32467532467533,,
64,0.5514751821541339,74.02597402597402,,
65,0.5531509641617064,72.005772005772,,
66,0.5398105975955424,74.74747474747475,,
67,0.5392200137457634,73.44877344877345,,
68,0.5459454721874661,73.3044733044733,,
69,0.5315397078598733,74.45887445887446,,
70,0.5415554510652589,73.73737373737374,,
71,0.5292241825341835,74.74747474747475,,
72,0.5255728499025838,75.61327561327562,,
73,0.5146159953713245,76.33477633477634,,
74,0.5100669063530959,76.33477633477634,,
75,0.5077804342492834,75.9018759018759,0.5119563747536052,74.02597402597402
76,0.5044409679988074,77.4891774891775,,
77,0.5074802758803787,78.4992784992785,,
78,0.5037388871242474,77.05627705627705,,
79,0.5038093644131142,76.33477633477634,,
80,0.5018016553200341,77.34487734487735,,
81,0.48733290083824643,77.92207792207792,,
82,0.4940402657438666,77.63347763347764,,
83,0.4869700563160372,77.34487734487735,,
84,0.4839711586634318,76.91197691197691,,
85,0.48842340320735783,77.63347763347764,,
86,0.48608944959626743,78.21067821067821,,
87,0.4810242233166275,76.91197691197691,,
88,0.47776739946519486,78.35497835497836,,
89,0.4796797154097674,78.78787878787878,,
90,0.486008104307827,77.77777777777777,,
91,0.459679202384935,81.0966810966811,,
92,0.46109760964415636,81.24098124098124,,
93,0.46211481137365146,81.81818181818181,,
94,0.46120737959640196,79.79797979797979,,
95,0.4571708555173392,81.0966810966811,,
96,0.4552845528717509,80.23088023088023,,
97,0.44558704699272716,79.79797979797979,,
98,0.4614131369804063,80.08658008658008,,
99,0.4419498903754814,81.81818181818181,,
100,0.4442065080350956,81.67388167388168,0.44576023731912884,79.22077922077922
101,0.45072106782664123,80.66378066378067,,
102,0.45984806221456925,80.95238095238095,,
103,0.4438366676649834,81.81818181818181,,
104,0.4393159777227074,82.3953823953824,,
105,0.44366607439810407,80.37518037518038,,
106,0.447356259926057,79.79797979797979,,
107,0.4272749774039738,83.26118326118326,,
108,0.4452677210430046,81.0966810966811,,
109,0.4240380356580148,82.1067821067821,,
110,0.4182326334379452,83.54978354978356,,
111,0.42471201113636187,82.25108225108225,,
112,0.4261206384818103,82.68398268398268,,
113,0.4291897217432658,82.3953823953824,,
114,0.4331280282049468,81.38528138528139,,
115,0.4255033171968199,82.53968253968254,,
116,0.4237975098870017,82.53968253968254,,
117,0.43023530693797324,80.8080808080808,,
118,0.41938715889340356,83.69408369408369,,
119,0.4123712572958562,84.12698412698413,,
120,0.3887867448477862,85.13708513708514,,
121,0.39339209785537116,83.26118326118326,,
122,0.4065647664094212,82.53968253968254,,
123,0.3959489949423857,83.69408369408369,,
124,0.40600834707333067,82.53968253968254,,
125,0.39717260422386647,83.54978354978356,0.4265189902348952,76.62337662337663
126,0.3769847126664193,83.98268398268398,,
127,0.3986040028766292,84.27128427128427,,
128,0.4020833001508341,83.11688311688312,,
129,0.3903395128456545,85.28138528138528,,
130,0.3916661292959601,84.12698412698413,,
131,0.3956629466184806,84.41558441558442,,
132,0.3879535070702455,83.40548340548341,,
133,0.3885607242928267,83.98268398268398,,
134,0.3946566116306689,84.7041847041847,,
135,0.38589357985734596,84.41558441558442,,
136,0.3874290713887194,84.27128427128427,,
137,0.36506750025016405,86.002886002886,,
138,0.3732887872885832,85.13708513708514,,
139,0.38032893812845625,83.54978354978356,,
140,0.3925264383549298,84.27128427128427,,
141,0.35695924929210116,86.14718614718615,,
142,0.35936354707071794,86.002886002886,,
143,0.37202204959561125,85.13708513708514,,
144,0.37502696310286915,83.69408369408369,,
145,0.373824282384022,85.42568542568543,,
146,0.3678144554985206,85.28138528138528,,
147,0.3611709331988772,86.43578643578644,,
148,0.34538476665814716,87.01298701298701,,
149,0.36346806970681633,86.14718614718615,,
150,0.3535186835009642,87.01298701298701,0.4071026111578012,81.81818181818181
151,0.3520031442373862,86.002886002886,,
152,0.35097254586942267,87.44588744588745,,
153,0.34777177085436095,86.2914862914863,,
154,0.3503468856753037,85.85858585858585,,
155,0.3649188227639742,85.85858585858585,,
156,0.3219945864243941,89.46608946608947,,
157,0.3549254507385463,84.7041847041847,,
158,0.347615320488144,86.72438672438672,,
159,0.3488066237296205,86.14718614718615,,
160,0.34909651900438693,87.01298701298701,,
161,0.33508773790981516,88.31168831168831,,
162,0.3403006837653563,86.86868686868686,,
163,0.33269713623355135,88.16738816738817,,
164,0.34276512175432877,87.01298701298701,,
165,0.32574070125689236,88.02308802308802,,
166,0.3325474030441708,87.44588744588745,,
167,0.34531111841077927,87.73448773448773,,
168,0.33085685602858295,88.02308802308802,,
169,0.33145449191202847,86.86868686868686,,
170,0.33305545161984873,86.002886002886,,
171,0.345137550695806,85.56998556998558,,
172,0.3150166240648446,89.03318903318903,,
173,0.3192859496088083,89.03318903318903,,
174,0.33382879337363086,87.01298701298701,,
175,0.321218233130883,87.5901875901876,0.4180673167303011,83.11688311688312
176,0.30645896668558,88.60028860028861,,
177,0.30245137352275986,89.75468975468975,,
178,0.32765086988608044,87.3015873015873,,
179,0.33150605773512937,86.72438672438672,,
180,0.31530810477585675,88.16738816738817,,
181,0.31473797516733365,88.02308802308802,,
182,0.3150513943655666,88.02308802308802,,
183,0.3203991904403224,88.60028860028861,,
184,0.32795985303227865,84.55988455988457,,
185,0.31337700745502073,88.31168831168831,,
186,0.3167904612821934,88.02308802308802,,
187,0.30238112056840205,89.6103896103896,,
188,0.3330430793985832,87.5901875901876,,
189,0.31395978206421904,88.31168831168831,,
190,0.32590082711385615,89.03318903318903,,
191,0.29432825537729057,89.17748917748918,,
192,0.3012059425980842,88.31168831168831,,
193,0.3172471442435899,88.74458874458874,,
194,0.3161220287347769,88.16738816738817,,
195,0.30228155644941124,88.88888888888889,,
196,0.2854641012062586,89.6103896103896,,
197,0.3044322987139483,89.6103896103896,,
198,0.29632286200619706,88.60028860028861,,
199,0.27029041427726525,91.05339105339105,,
200,0.29865089073927714,90.04329004329004,0.4117602644028602,83.11688311688312
201,0.28819557399761797,90.04329004329004,,
202,0.30318510807609833,87.87878787878788,,
203,0.2835410368046891,89.03318903318903,,
204,0.2977248376496082,89.17748917748918,,
205,0.29006312415541335,89.32178932178932,,
206,0.28958357158849424,88.88888888888889,,
207,0.28329041512067527,89.03318903318903,,
208,0.2775709701306892,90.47619047619048,,
209,0.29272963839863975,88.31168831168831,,
210,0.27275531096074834,89.8989898989899,,
211,0.27962763433332566,89.17748917748918,,
212,0.28767223017556326,88.60028860028861,,
213,0.28475580849344767,89.46608946608947,,
214,0.2951155636475716,89.6103896103896,,
215,0.27891083145554446,88.88888888888889,,
216,0.27546461685567364,90.04329004329004,,
217,0.27710971442651955,90.18759018759019,,
218,0.27608600297531527,89.8989898989899,,
219,0.30269725622896854,87.44588744588745,,
220,0.2868520976037518,88.74458874458874,,
221,0.2695182070329592,90.47619047619048,,
222,0.2784924115152414,90.04329004329004,,
223,0.26737403878229865,91.1976911976912,,
224,0.2770135212168205,88.74458874458874,,
225,0.2655985477725837,89.46608946608947,0.40893133274920573,84.41558441558442
226,0.2566151452098918,90.62049062049061,,
227,0.2823042457151895,87.87878787878788,,
228,0.2608627031246821,90.33189033189034,,
229,0.2776491850141495,89.17748917748918,,
230,0.2557349359404301,91.63059163059162,,
231,0.25700549498565955,90.33189033189034,,
232,0.25408934097613434,90.62049062049061,,
233,0.25645084199623286,90.62049062049061,,
234,0.23876757423082987,91.77489177489177,,
235,0.2785190682304542,88.74458874458874,,
236,0.24840112755136917,91.34199134199135,,
237,0.25688100347099196,90.62049062049061,,
238,0.2462314037017492,92.20779220779221,,
239,0.24324973035082328,91.63059163059162,,
240,0.25801592791106276,90.04329004329004,,
241,0.25323798327906993,90.18759018759019,,
242,0.2587305747972422,89.75468975468975,,
243,0.24146455302727,92.35209235209236,,
244,0.26946280918166066,90.18759018759019,,
245,0.24897975295051009,90.9090909090909,,
246,0.2562670618037641,91.63059163059162,,
247,0.24752719207931562,90.18759018759019,,
248,0.22597490395130362,92.06349206349206,,
249,0.22545281052589417,91.63059163059162,,
250,0.24180779398605765,91.1976911976912,0.43325819365389934,85.71428571428571
251,0.25366509339166066,91.48629148629149,,
252,0.2473289074233772,90.47619047619048,,
253,0.2576650782753035,89.46608946608947,,
254,0.2650261444575859,89.75468975468975,,
255,0.23910381796556118,90.76479076479076,,
256,0.2369712090272924,91.63059163059162,,
257,0.2347143145243155,91.1976911976912,,
258,0.23333198500294533,90.47619047619048,,
259,0.24606062037518187,89.75468975468975,,
260,0.23451006999521545,92.20779220779221,,
261,0.25110406900553134,90.62049062049061,,
262,0.2523301039724295,91.05339105339105,,
263,0.2111460713812111,92.4963924963925,,
264,0.22907030873785458,91.77489177489177,,
265,0.23121784143633656,92.20779220779221,,
266,0.24556373216717103,90.18759018759019,,
267,0.22503427939669565,92.20779220779221,,
268,0.23761161899497843,91.48629148629149,,
269,0.22483537246138502,91.91919191919192,,
270,0.2509605164651747,90.04329004329004,,
271,0.22721676100556124,91.77489177489177,,
272,0.24654989343399952,90.9090909090909,,
273,0.23523628793409548,91.05339105339105,,
274,0.23429833814867304,91.77489177489177,,
275,0.2189501342491326,92.64069264069263,0.4476036456498233,85.71428571428571
276,0.22980698164751348,91.48629148629149,,
277,0.223407612691538,91.91919191919192,,
278,0.21827746056891106,91.48629148629149,,
279,0.22581874106138472,92.06349206349206,,
280,0.24183021528810306,91.34199134199135,,
281,0.23887231137501386,90.62049062049061,,
282,0.2264618854378424,91.34199134199135,,
283,0.21832079110293506,91.34199134199135,,
284,0.22672117442365677,91.77489177489177,,
285,0.2297491194709899,91.05339105339105,,
286,0.21689089479040446,92.06349206349206,,
287,0.21913231443748157,91.05339105339105,,
288,0.22254297693097402,92.06349206349206,,
289,0.21051259938772623,92.06349206349206,,
290,0.22430149075530825,92.35209235209236,,
291,0.21132765015826424,93.07359307359307,,
292,0.21620317179209741,92.64069264069263,,
293,0.2140482593150366,92.64069264069263,,
294,0.20216256379006056,92.4963924963925,,
295,0.21629969618709227,92.35209235209236,,
296,0.2087571927135297,92.92929292929293,,
297,0.18311749138529337,94.51659451659452,,
298,0.209398938931557,91.63059163059162,,
299,0.19691962399351992,92.92929292929293,,
300,0.21972965495324925,91.77489177489177,0.4352200813107676,83.11688311688312
301,0.24021405592281236,90.47619047619048,,
302,0.21438299044214112,92.35209235209236,,
303,0.22375486380438095,90.18759018759019,,
304,0.2071557960554979,92.78499278499278,,
305,0.19806132395718176,93.21789321789322,,
306,0.21686564739739783,91.34199134199135,,
307,0.20840675387031588,91.91919191919192,,
308,0.21120804343990776,92.4963924963925,,
309,0.22382171068227652,91.05339105339105,,
310,0.20232134674706673,93.36219336219337,,
311,0.1954173572780766,92.78499278499278,,
312,0.1932448379663162,91.34199134199135,,
313,0.18032686594029698,94.08369408369408,,
314,0.21189339736323337,91.77489177489177,,
315,0.20105599606622004,93.07359307359307,,
316,0.19652438507795678,93.21789321789322,,
317,0.19765940704214968,92.64069264069263,,
318,0.1863234762699057,93.36219336219337,,
319,0.221110637145168,92.64069264069263,,
320,0.1786210203239584,93.50649350649351,,
321,0.20104312536563365,92.78499278499278,,
322,0.2068661620133539,92.64069264069263,,
323,0.19552338673782899,92.64069264069263,,
324,0.20275572727166902,93.07359307359307,,
325,0.20235576825740534,92.92929292929293,0.4734272769132218,80.51948051948052
326,0.19942429281158364,93.07359307359307,,
327,0.18092675558674387,92.92929292929293,,
328,0.19209002207798015,92.78499278499278,,
329,0.21288597994466538,91.63059163059162,,
330,0.17839396756792825,93.93939393939394,,
331,0.19457330641808449,92.78499278499278,,
332,0.19751558432417343,92.20779220779221,,
333,0.20212566381667083,91.91919191919192,,
334,0.18750585323739877,93.36219336219337,,
335,0.20330218826709542,92.20779220779221,,
336,0.18000873703977247,92.64069264069263,,
337,0.17974444213195626,93.65079365079364,,
338,0.18466674275212475,92.4963924963925,,
339,0.1828842820844265,93.21789321789322,,
340,0.19375882030049443,92.78499278499278,,
341,0.1861076738959525,93.07359307359307,,
342,0.1914030070514734,93.07359307359307,,
343,0.17651609020659761,93.93939393939394,,
344,0.18726756463491212,92.92929292929293,,
345,0.19624837498149658,93.50649350649351,,
346,0.17851377879558358,93.36219336219337,,
347,0.20341018065917715,92.4963924963925,,
348,0.17495313850144115,93.65079365079364,,
349,0.17599122217637292,93.50649350649351,,
350,0.19373739982752228,92.35209235209236,0.44231666314911533,79.22077922077922
351,0.17750557990473242,94.94949494949495,,
352,0.16453852806600486,94.66089466089466,,
353,0.17878021031059055,94.08369408369408,,
354,0.17860780320900344,94.08369408369408,,
355,0.18216701963591198,93.79509379509379,,
356,0.20999913055229324,91.77489177489177,,
357,0.1595010170430848,94.51659451659452,,
358,0.16205703911155162,93.93939393939394,,
359,0.17780408916879353,93.50649350649351,,
360,0.19249392815289043,92.78499278499278,,
361,0.17395310209255027,93.50649350649351,,
362,0.1636093837487233,94.66089466089466,,
363,0.17049903914998965,93.79509379509379,,
364,0.20601922559617747,93.21789321789322,,
365,0.15934320399470486,94.66089466089466,,
366,0.16262606973255866,94.37229437229438,,
367,0.17531279361609256,93.36219336219337,,
368,0.15779432227558216,95.23809523809524,,
369,0.180662444831661,92.4963924963925,,
370,0.1480123105018872,94.51659451659452,,
371,0.1760835446105547,94.37229437229438,,
372,0.1718589382482663,93.93939393939394,,
373,0.189662765214303,92.92929292929293,,
374,0.1496570665297914,95.23809523809524,,
375,0.16727264799596944,94.51659451659452,0.4442139254374938,79.22077922077922
376,0.16915733076922304,92.78499278499278,,
377,0.1699597340125542,93.21789321789322,,
378,0.17211806631148463,93.93939393939394,,
379,0.17434625025478448,93.65079365079364,,
380,0.1727188741102879,94.08369408369408,,
381,0.16488044796051918,93.79509379509379,,
382,0.16419688481058048,93.36219336219337,,
383,0.1785708355783212,93.36219336219337,,
384,0.1765905987433713,94.08369408369408,,
385,0.19034347398284537,93.07359307359307,,
386,0.15958713384245726,95.23809523809524,,
387,0.17015846157486822,93.79509379509379,,
388,0.1877109319681213,93.79509379509379,,
389,0.14446879515873234,94.51659451659452,,
390,0.18785128550009983,92.92929292929293,,
391,0.1517311128966435,95.52669552669553,,
392,0.1576187541388502,94.37229437229438,,
393,0.16470244345705404,93.50649350649351,,
394,0.14796076785950435,94.22799422799423,,
395,0.16071760710355695,94.22799422799423,,
396,0.16858950355674798,93.07359307359307,,
397,0.15734100285890643,94.51659451659452,,
398,0.15221428369073814,94.51659451659452,,
399,0.17832355317357299,94.08369408369408,,
400,0.15174204915288894,94.51659451659452,0.3980043307914362,81.81818181818181
401,0.16416536789779884,93.36219336219337,,
402,0.16529098472424916,93.93939393939394,,
403,0.16283429279106348,94.08369408369408,,
404,0.15442349946645087,94.37229437229438,,
405,0.1537439665108016,95.0937950937951,,
406,0.15752046248602747,94.08369408369408,,
407,0.14127429715568712,94.08369408369408,,
408,0.14569017357726463,95.23809523809524,,
409,0.15085759171933838,93.65079365079364,,
410,0.15688790951843384,93.50649350649351,,
411,0.14340909179649483,95.81529581529581,,
412,0.14888495262739118,93.93939393939394,,
413,0.1676898631784651,93.21789321789322,,
414,0.14871163638295204,95.23809523809524,,
415,0.1638270646634728,93.65079365079364,,
416,0.1552408230296117,94.08369408369408,,
417,0.16025876348991414,94.8051948051948,,
418,0.15119990343053274,94.66089466089466,,
419,0.1644101736456973,94.94949494949495,,
420,0.13407962084418595,95.38239538239539,,
421,0.1485145969738348,95.38239538239539,,
422,0.1359710707819737,96.53679653679653,,
423,0.1599593578392981,94.22799422799423,,
424,0.13445995356699433,95.0937950937951,,
425,0.1413084523857156,93.93939393939394,0.44839479493630396,81.81818181818181
426,0.15214348559685772,94.66089466089466,,
427,0.13708785584285146,95.52669552669553,,
428,0.15856208906523764,93.93939393939394,,
429,0.15636051069907467,94.37229437229438,,
430,0.14543246584279196,94.22799422799423,,
431,0.14632397116004647,95.52669552669553,,
432,0.13651988194102332,94.66089466089466,,
433,0.13575419280436132,94.8051948051948,,
434,0.1327368679199728,95.52669552669553,,
435,0.13933867453711718,94.8051948051948,,
436,0.14436118954101854,95.23809523809524,,
437,0.1602472404466907,93.36219336219337,,
438,0.13160840169799448,95.23809523809524,,
439,0.15280050961744218,94.22799422799423,,
440,0.13346286425514828,95.0937950937951,,
441,0.1298334026362473,96.24819624819625,,
442,0.14523132827030805,94.8051948051948,,
443,0.1335331109738109,96.1038961038961,,
444,0.15402459494049242,94.51659451659452,,
445,0.1616007425482311,94.94949494949495,,
446,0.14071293598817713,94.8051948051948,,
447,0.13537993642244847,95.0937950937951,,
448,0.1460120412393394,95.23809523809524,,
449,0.127145945896834,95.67099567099567,,
450,0.16671895182020907,94.37229437229438,0.4786648285853398,80.51948051948052
451,0.13813840150618106,95.0937950937951,,
452,0.12243102833865181,95.67099567099567,,
453,0.15733326618891602,94.51659451659452,,
454,0.14129254243418596,94.8051948051948,,
455,0.14282946469743357,94.94949494949495,,
456,0.13386365736889805,95.38239538239539,,
457,0.12126002954198169,95.95959595959596,,
458,0.15305782628647477,94.94949494949495,,
459,0.1453631373866855,94.51659451659452,,
460,0.14774195440274812,94.51659451659452,,
461,0.14927049174711302,95.52669552669553,,
462,0.14238175515402618,95.23809523809524,,
463,0.14972994284110325,94.8051948051948,,
464,0.14440496255137014,94.51659451659452,,
465,0.1421639711473777,94.51659451659452,,
466,0.13275488391841128,95.38239538239539,,
467,0.14708470008073948,94.22799422799423,,
468,0.15231984806439233,94.66089466089466,,
469,0.13256395426491466,94.51659451659452,,
470,0.13419861137909977,95.67099567099567,,
471,0.12270506005868595,95.52669552669553,,
472,0.1428735465413392,94.51659451659452,,
473,0.13533328548826354,94.94949494949495,,
474,0.14181413622989628,95.23809523809524,,
475,0.1504257157616973,93.93939393939394,0.4552903939764221,81.81818181818181
476,0.13234331855526218,95.95959595959596,,
477,0.12307100574261526,95.23809523809524,,
478,0.14133407476574483,95.0937950937951,,
479,0.13546279218977836,95.67099567099567,,
480,0.13577283481821353,95.0937950937951,,
481,0.11815077716062682,96.53679653679653,,
482,0.132176340099365,94.94949494949495,,
483,0.17188193566269344,93.93939393939394,,
484,0.15689613938890667,94.37229437229438,,
485,0.1364203289817766,94.94949494949495,,
486,0.12111205826439554,95.81529581529581,,
487,0.1131735248827143,96.24819624819625,,
488,0.1269826443830954,94.94949494949495,,
489,0.13045344833945816,95.23809523809524,,
490,0.13306963372798192,95.23809523809524,,
491,0.10928747725564164,96.82539682539682,,
492,0.11996670951058855,95.81529581529581,,
493,0.133834083410031,95.38239538239539,,
494,0.12360761614857728,95.81529581529581,,
495,0.15373343608273574,95.67099567099567,,
496,0.12066871196053072,95.81529581529581,,
497,0.14209096959938564,94.51659451659452,,
498,0.13115517508566465,94.66089466089466,,
499,0.14056970260790072,95.23809523809524,,
500,0.14156192111074495,94.08369408369408,0.4685987230245169,81.81818181818181
501,0.12585269794147597,95.95959595959596,,
502,0.12816294713797852,94.94949494949495,,
503,0.1319995628559658,94.8051948051948,,
504,0.12653251327063572,95.95959595959596,,
505,0.14859448175495665,95.0937950937951,,
506,0.12585880348262676,95.67099567099567,,
507,0.14433718377033525,94.8051948051948,,
508,0.10517126570951629,96.3924963924964,,
509,0.11749351596591448,95.81529581529581,,
510,0.11614575040288817,95.23809523809524,,
511,0.13089201458518812,94.94949494949495,,
512,0.11667823727668665,96.24819624819625,,
513,0.12892498146516806,94.8051948051948,,
514,0.13232301935166507,94.94949494949495,,
515,0.11783270221768004,95.95959595959596,,
516,0.1291151741817916,95.81529581529581,,
517,0.1136894016640871,96.3924963924964,,
518,0.12853195902341802,95.67099567099567,,
519,0.11674893982869722,95.81529581529581,,
520,0.13680256397327648,95.0937950937951,,
521,0.11526234862952349,95.23809523809524,,
522,0.11052547895160073,96.1038961038961,,
523,0.11599591860889012,95.52669552669553,,
524,0.1281562497110938,95.81529581529581,,
525,0.1107885596298036,95.95959595959596,0.44385829026048834,80.51948051948052
526,0.11845907473245912,96.24819624819625,,
527,0.13158246851156627,94.94949494949495,,
528,0.11703449595466922,95.52669552669553,,
529,0.12241493868621396,95.23809523809524,,
530,0.11388684828560074,96.24819624819625,,
531,0.11395875318311853,95.95959595959596,,
532,0.13362036931394328,95.67099567099567,,
533,0.13118073458193358,95.23809523809524,,
534,0.1388177833107299,94.94949494949495,,
535,0.1129848203080213,96.53679653679653,,
536,0.1339522453594797,94.94949494949495,,
537,0.10970985173673771,96.24819624819625,,
538,0.10439208075861094,96.53679653679653,,
539,0.11994615599007748,95.52669552669553,,
540,0.12546976447685973,95.23809523809524,,
541,0.1272062665929354,94.8051948051948,,
542,0.12348767178614246,95.67099567099567,,
543,0.12743408638247508,94.94949494949495,,
544,0.11826299449689633,96.1038961038961,,
545,0.12496299543895074,95.95959595959596,,
546,0.11582757981996687,95.67099567099567,,
547,0.1254566104909268,95.52669552669553,,
548,0.10850222925904165,96.53679653679653,,
549,0.12068074067831469,95.0937950937951,,
550,0.10952635917914723,95.67099567099567,0.4561215401082844,81.81818181818181
551,0.11040731980015146,95.81529581529581,,
552,0.12080753071389523,95.67099567099567,,
553,0.15000625347119217,94.66089466089466,,
554,0.09535563845741113,96.53679653679653,,
555,0.11008943273305549,96.68109668109668,,
556,0.12299434707364307,95.23809523809524,,
557,0.11523947718823369,96.3924963924964,,
558,0.1163992215254348,95.52669552669553,,
559,0.12269743571184243,95.52669552669553,,
560,0.1073475010897346,96.1038961038961,,
561,0.1162755996671547,95.67099567099567,,
562,0.10693664495627601,96.24819624819625,,
563,0.09843170386436698,96.82539682539682,,
564,0.10759324540651549,96.24819624819625,,
565,0.11910073911773866,95.52669552669553,,
566,0.10982355008689312,96.68109668109668,,
567,0.10916573210239067,96.68109668109668,,
568,0.13444886875337508,96.24819624819625,,
569,0.10440677554920466,96.24819624819625,,
570,0.11675187044684247,95.38239538239539,,
571,0.12352669676617971,95.67099567099567,,
572,0.10293403130245071,96.68109668109668,,
573,0.12962275405896861,95.38239538239539,,
574,0.10266270201443593,96.3924963924964,,
575,0.11168689114104789,96.24819624819625,0.4565716567751649,81.81818181818181
576,0.12282307050358854,95.38239538239539,,
577,0.10481036973722054,95.95959595959596,,
578,0.11467012614656837,95.67099567099567,,
579,0.13319815725389153,95.0937950937951,,
580,0.10594643615885042,96.1038961038961,,
581,0.11979509913194575,95.38239538239539,,
582,0.11708001763268251,96.1038961038961,,
583,0.12850799119102663,95.52669552669553,,
584,0.10571603411956439,96.24819624819625,,
585,0.11242533589862448,95.0937950937951,,
586,0.09497906531584899,96.68109668109668,,
587,0.10644966760088527,96.1038961038961,,
588,0.09369811161944017,96.68109668109668,,
589,0.11561060712967085,96.68109668109668,,
590,0.10055740207734734,96.68109668109668,,
591,0.10398338965179256,96.3924963924964,,
592,0.11517658238373106,96.3924963924964,,
593,0.10821214421486958,96.24819624819625,,
594,0.10357828300666672,96.53679653679653,,
595,0.1129182456155317,95.67099567099567,,
596,0.09170423980807674,96.96969696969697,,
597,0.08884289028582634,96.68109668109668,,
598,0.10264030144876474,96.1038961038961,,
599,0.11879874845969385,95.67099567099567,,
600,0.1031722721642402,96.24819624819625,0.4193690786888073,83.11688311688312
601,0.07873704868488411,98.12409812409813,,
602,0.1038531923577899,95.81529581529581,,
603,0.09981527133249445,96.3924963924964,,
604,0.11232592123540448,95.38239538239539,,
605,0.09785081748010706,97.25829725829726,,
606,0.10337155509584221,95.67099567099567,,
607,0.0953428202018432,97.25829725829726,,
608,0.10792974820212713,96.53679653679653,,
609,0.09702662749465926,97.25829725829726,,
610,0.08980315663511791,97.11399711399712,,
611,0.099675732811249,96.24819624819625,,
612,0.10876507909691652,95.81529581529581,,
613,0.08441591671900488,97.54689754689754,,
614,0.10052021976807632,96.1038961038961,,
615,0.09694987909618394,96.24819624819625,,
616,0.08855275287256613,97.25829725829726,,
617,0.0886028932157533,97.25829725829726,,
618,0.10668586482109789,96.53679653679653,,
619,0.09837130328148475,96.53679653679653,,
620,0.10672851988419482,96.96969696969697,,
621,0.12838004935871472,95.52669552669553,,
622,0.12125951537934991,94.37229437229438,,
623,0.10479463036958274,95.23809523809524,,
624,0.11241108591938431,96.24819624819625,,
625,0.1269049822940111,94.8051948051948,0.4586846878776303,81.81818181818181
626,0.08392275777923597,97.25829725829726,,
627,0.09932306254064882,95.38239538239539,,
628,0.09083310290526002,97.40259740259741,,
629,0.09202658258174233,96.68109668109668,,
630,0.08923785451901768,96.3924963924964,,
631,0.09864006509727558,96.53679653679653,,
632,0.09445128744685805,96.24819624819625,,
633,0.08697468728703295,97.11399711399712,,
634,0.10864663992512535,95.95959595959596,,
635,0.0940928425838765,96.96969696969697,,
636,0.10608317366496137,96.3924963924964,,
637,0.10260374331242078,96.3924963924964,,
638,0.09758261928514915,96.68109668109668,,
639,0.09428349120104296,96.68109668109668,,
640,0.10443777310383784,96.3924963924964,,
641,0.11803755908129362,95.95959595959596,,
642,0.10306049199589404,96.82539682539682,,
643,0.10228273472486636,96.1038961038961,,
644,0.11236159801268131,95.95959595959596,,
645,0.09414341660891089,96.68109668109668,,
646,0.10010730368414461,96.53679653679653,,
647,0.0937169220884469,97.11399711399712,,
648,0.10303870888499471,95.95959595959596,,
649,0.10416543302576435,96.82539682539682,,
650,0.09713555511737627,95.95959595959596,0.4076437981097729,87.01298701298701
651,0.09926236591813885,96.82539682539682,,
652,0.11112463525341874,95.52669552669553,,
653,0.1158030384030693,96.24819624819625,,
654,0.09630002360925358,96.68109668109668,,
655,0.08321786085936586,97.25829725829726,,
656,0.09806095328165855,96.3924963924964,,
657,0.09308695739261473,96.68109668109668,,
658,0.11302489207850562,95.95959595959596,,
659,0.10543574827143984,96.53679653679653,,
660,0.09893549761290071,97.11399711399712,,
661,0.09877259019240844,96.24819624819625,,
662,0.08128356699217622,97.97979797979798,,
663,0.08789150640475973,97.69119769119769,,
664,0.09606929615537756,96.24819624819625,,
665,0.09064327210220166,97.25829725829726,,
666,0.0888117632598846,96.68109668109668,,
667,0.07980280686680545,96.53679653679653,,
668,0.08426970293312663,96.96969696969697,,
669,0.08013127402847292,97.40259740259741,,
670,0.0964532049122827,96.68109668109668,,
671,0.09184877913106572,96.96969696969697,,
672,0.1003599078710289,96.24819624819625,,
673,0.06997445375694857,97.25829725829726,,
674,0.09581712750693808,97.11399711399712,,
675,0.11224792581616026,95.95959595959596,0.4379093929544672,85.71428571428571
676,0.09682349563935103,96.24819624819625,,
677,0.09062290161547035,97.25829725829726,,
678,0.10505995333388254,96.53679653679653,,
679,0.09882861209433919,96.68109668109668,,
680,0.09178014676130954,96.68109668109668,,
681,0.09976741143140785,96.96969696969697,,
682,0.10930758617915116,95.52669552669553,,
683,0.09091438202544896,96.96969696969697,,
684,0.09608940459777095,96.3924963924964,,
685,0.07534652727979946,97.25829725829726,,
686,0.09368819701465177,96.68109668109668,,
687,0.09714861181907324,96.96969696969697,,
688,0.08900610334945447,97.25829725829726,,
689,0.08936974792210399,97.11399711399712,,
690,0.10562833592102125,95.81529581529581,,
691,0.07777340741341593,97.83549783549783,,
692,0.09438571223954188,96.53679653679653,,
693,0.10387987233725246,95.81529581529581,,
694,0.07563954018577826,97.83549783549783,,
695,0.09207238334339934,96.82539682539682,,
696,0.08817583863847872,97.11399711399712,,
697,0.0843568215143973,97.54689754689754,,
698,0.10178478913647789,96.68109668109668,,
699,0.07544558851147799,97.83549783549783,,
700,0.09927201912366122,96.24819624819625,0.4548337887246887,83.11688311688312
701,0.07930401330450912,97.11399711399712,,
702,0.10181787047766332,95.81529581529581,,
703,0.0854308254543751,97.11399711399712,,
704,0.09179434025442446,96.24819624819625,,
705,0.1008314924236672,96.1038961038961,,
706,0.10708093146483104,96.53679653679653,,
707,0.0796606203065419,97.69119769119769,,
708,0.11299014553793237,95.81529581529581,,
709,0.08836353399144407,97.11399711399712,,
710,0.07491239711298227,97.40259740259741,,
711,0.09941891672205272,96.24819624819625,,
712,0.08651843675597695,96.82539682539682,,
713,0.07895722898989271,97.25829725829726,,
714,0.0801510415960528,96.96969696969697,,
715,0.07435927726059594,98.12409812409813,,
716,0.08310834586641833,96.96969696969697,,
717,0.10311468459483004,95.95959595959596,,
718,0.08417039089883217,96.82539682539682,,
719,0.10634964643231717,96.96969696969697,,
720,0.07911797469914561,97.25829725829726,,
721,0.07233104769282936,98.12409812409813,,
722,0.09600324095542641,96.68109668109668,,
723,0.0833653931493883,96.82539682539682,,
724,0.07826346017065502,97.25829725829726,,
725,0.07334889043633212,96.96969696969697,0.4824114331564346,83.11688311688312
726,0.10487789719823808,95.81529581529581,,
727,0.09411325790579357,96.24819624819625,,
728,0.08913628203884401,96.53679653679653,,
729,0.0907958683683463,96.68109668109668,,
730,0.08106681571643085,96.96969696969697,,
731,0.09774155503818913,96.24819624819625,,
732,0.07388214283444063,97.97979797979798,,
733,0.07526230737486314,98.26839826839827,,
734,0.0903451841898749,97.54689754689754,,
735,0.0853577967501994,97.97979797979798,,
736,0.07338950771187978,97.54689754689754,,
737,0.08156128866331917,97.11399711399712,,
738,0.07460727875388373,97.69119769119769,,
739,0.1019237172745523,96.68109668109668,,
740,0.08177243113990813,97.40259740259741,,
741,0.09862675624234336,96.3924963924964,,
742,0.06657085153791639,97.69119769119769,,
743,0.0976897238136886,95.23809523809524,,
744,0.0825964832761759,96.82539682539682,,
745,0.09061446880537366,96.24819624819625,,
746,0.0849876788271454,97.40259740259741,,
747,0.07942587147435928,96.68109668109668,,
748,0.08877434297911214,96.1038961038961,,
749,0.08369800763427782,96.53679653679653,,
750,0.09435782552539528,96.82539682539682,0.5082191482379839,83.11688311688312
751,0.08668378584656708,96.96969696969697,,
752,0.07125031436870108,97.83549783549783,,
753,0.08221787234572062,96.82539682539682,,
754,0.06896461605418253,97.25829725829726,,
755,0.06782036638062065,97.69119769119769,,
756,0.0912884489900579,96.68109668109668,,
757,0.07458027902705673,97.97979797979798,,
758,0.10233943000930384,95.67099567099567,,
759,0.06648771451175695,97.83549783549783,,
760,0.07502158409223757,97.11399711399712,,
761,0.08124951954828884,97.40259740259741,,
762,0.0669206007246686,97.83549783549783,,
763,0.07859587496278261,97.11399711399712,,
764,0.08125345259743594,97.11399711399712,,
765,0.10622254497113585,96.3924963924964,,
766,0.06840615420152728,97.83549783549783,,
767,0.07032365442762988,97.40259740259741,,
768,0.08750980911832867,96.96969696969697,,
769,0.08265430010951959,97.11399711399712,,
770,0.07072664846492795,97.40259740259741,,
771,0.07577910134501616,97.40259740259741,,
772,0.07999671955860366,97.25829725829726,,
773,0.07059466212579354,97.83549783549783,,
774,0.10040678935929122,96.1038961038961,,
775,0.07278281617452743,97.83549783549783,0.5660297152670947,84.41558441558442
776,0.09805218582303622,96.96969696969697,,
777,0.08154054406175623,96.82539682539682,,
778,0.08070442214887724,96.96969696969697,,
779,0.06616653734213346,97.69119769119769,,
780,0.07262002180020015,96.68109668109668,,
781,0.07360146193688502,97.83549783549783,,
782,0.06692043263707068,98.26839826839827,,
783,0.08451043707983834,96.3924963924964,,
784,0.07935224920726269,97.40259740259741,,
785,0.08231525206978703,97.40259740259741,,
786,0.087848082997179,96.24819624819625,,
787,0.09919690399888963,96.53679653679653,,
788,0.06806851150992113,97.69119769119769,,
789,0.10104428371750517,96.3924963924964,,
790,0.07963308818305037,96.96969696969697,,
791,0.0718658708289943,97.69119769119769,,
792,0.06670628393856434,97.97979797979798,,
793,0.0916558573288577,96.3924963924964,,
794,0.08324082874697009,96.96969696969697,,
795,0.08205873129988818,97.54689754689754,,
796,0.06824463042517934,97.83549783549783,,
797,0.09486982273811428,97.40259740259741,,
798,0.073452448722346,97.25829725829726,,
799,0.06962873892049597,97.40259740259741,,
800,0.08074250932034337,96.3924963924964,0.6029357317980234,84.41558441558442
801,0.05814226430237379,98.26839826839827,,
802,0.06804818696037343,97.69119769119769,,
803,0.08659694529263488,97.25829725829726,,
804,0.05849239736537397,97.97979797979798,,
805,0.07373280422748597,97.69119769119769,,
806,0.0801878170221829,97.97979797979798,,
807,0.10089761519758904,96.3924963924964,,
808,0.07333486467535362,97.69119769119769,,
809,0.08047145895907201,96.82539682539682,,
810,0.11321905280314225,96.3924963924964,,
811,0.0696369232623307,97.69119769119769,,
812,0.06693984879366247,98.12409812409813,,
813,0.09580570470117043,96.82539682539682,,
814,0.07753842582584804,97.40259740259741,,
815,0.0626813518353785,97.97979797979798,,
816,0.06504807867174282,97.83549783549783,,
817,0.0694051676229567,97.25829725829726,,
818,0.07726306112518085,96.96969696969697,,
819,0.06662397525017251,97.97979797979798,,
820,0.09439546617018771,96.24819624819625,,
821,0.07189821832494818,97.97979797979798,,
822,0.07528384601829027,97.11399711399712,,
823,0.07344593749143731,97.25829725829726,,
824,0.0970249515185388,96.68109668109668,,
825,0.07895202017664738,97.11399711399712,0.5603297285058282,84.41558441558442
826,0.06983963112665333,96.82539682539682,,
827,0.07661659652192528,97.69119769119769,,
828,0.07191891209215656,97.69119769119769,,
829,0.08002449563485375,96.68109668109668,,
830,0.08109566656413017,97.25829725829726,,
831,0.06888490585774226,98.12409812409813,,
832,0.07941574367901517,97.25829725829726,,
833,0.07869180497238991,96.96969696969697,,
834,0.06789418598999838,97.97979797979798,,
835,0.07146353258457018,97.69119769119769,,
836,0.058926270723014984,98.84559884559884,,
837,0.06948322521100657,97.54689754689754,,
838,0.07667317121957588,97.25829725829726,,
839,0.05678413542791191,98.41269841269842,,
840,0.07949484324332698,96.82539682539682,,
841,0.07606805997267688,97.40259740259741,,
842,0.06877870708005167,97.25829725829726,,
843,0.07557573694128322,97.11399711399712,,
844,0.07336369158987703,97.40259740259741,,
845,0.06467349038991545,98.12409812409813,,
846,0.07093546782589341,97.97979797979798,,
847,0.07488671891273015,97.54689754689754,,
848,0.07828277749954192,97.40259740259741,,
849,0.08166198784547278,97.40259740259741,,
850,0.06375725266307292,97.97979797979798,0.6321843299385789,84.41558441558442
851,0.06646307482159713,97.69119769119769,,
852,0.05914583749407943,97.97979797979798,,
853,0.06924189014352246,97.83549783549783,,
854,0.06539794690853246,97.83549783549783,,
855,0.07790861337903947,97.40259740259741,,
856,0.06164153092534081,98.12409812409813,,
857,0.0808053905141646,97.97979797979798,,
858,0.05936170031799039,98.26839826839827,,
859,0.08115597432653969,97.11399711399712,,
860,0.06523255436193376,97.97979797979798,,
861,0.0616347383476611,97.83549783549783,,
862,0.059649185453572486,98.84559884559884,,
863,0.07772782449254398,97.97979797979798,,
864,0.07521625337544371,97.25829725829726,,
865,0.0762353308531113,97.25829725829726,,
866,0.07962339642238608,97.11399711399712,,
867,0.06527429524524216,97.97979797979798,,
868,0.10517451128805484,97.11399711399712,,
869,0.06809144956026156,97.40259740259741,,
870,0.07809120105662817,96.82539682539682,,
871,0.05945974139666015,97.69119769119769,,
872,0.06915435987865871,97.25829725829726,,
873,0.08716505356831812,96.68109668109668,,
874,0.06291663736873676,97.25829725829726,,
875,0.07408292437829668,97.40259740259741,0.6406615976389353,84.41558441558442
876,0.08188774363604115,96.68109668109668,,
877,0.07965570941975966,97.11399711399712,,
878,0.05934774173050044,98.26839826839827,,
879,0.08516549888573598,97.40259740259741,,
880,0.06622282650542122,98.12409812409813,,
881,0.08279261276297926,97.25829725829726,,
882,0.07132796561385775,97.83549783549783,,
883,0.0774576510175052,96.82539682539682,,
884,0.0702344790466592,98.12409812409813,,
885,0.07158228871110198,97.69119769119769,,
886,0.07069768034147494,97.83549783549783,,
887,0.08270387605778755,97.25829725829726,,
888,0.08324635672567125,96.96969696969697,,
889,0.08909217257678917,97.11399711399712,,
890,0.08316089085895907,96.82539682539682,,
891,0.07251231046796684,97.25829725829726,,
892,0.07079824015852951,97.40259740259741,,
893,0.07095830151098975,98.41269841269842,,
894,0.0632405790136146,97.54689754689754,,
895,0.06606706857216285,97.83549783549783,,
896,0.07428920847426933,97.83549783549783,,
897,0.07534636715144823,97.40259740259741,,
898,0.06769429600057945,97.83549783549783,,
899,0.07120994981620218,97.83549783549783,,
900,0.07338568520386841,97.40259740259741,0.6154074320545444,83.11688311688312
901,0.07104445406347298,97.40259740259741,,
902,0.08150833124673856,96.82539682539682,,
903,0.07699984754334925,96.96969696969697,,
904,0.06111039473559868,98.26839826839827,,
905,0.05634767809462119,97.97979797979798,,
906,0.08219924940583853,97.40259740259741,,
907,0.06023327448145953,97.83549783549783,,
908,0.06380470981216663,97.69119769119769,,
909,0.06449547472368243,98.26839826839827,,
910,0.07199514073468906,97.11399711399712,,
911,0.08131333045838844,96.82539682539682,,
912,0.0602547007345448,97.25829725829726,,
913,0.07300583224254426,97.25829725829726,,
914,0.10062980406728142,97.83549783549783,,
915,0.06392980425942468,97.69119769119769,,
916,0.06646719573685177,97.69119769119769,,
917,0.05455194771676868,97.97979797979798,,
918,0.05609175062390289,97.97979797979798,,
919,0.0725053699060866,97.54689754689754,,
920,0.0653293625979777,98.12409812409813,,
921,0.058911199155996026,98.41269841269842,,
922,0.04899792312436117,98.41269841269842,,
923,0.06608627424178938,97.97979797979798,,
924,0.062050889972543606,97.97979797979798,,
925,0.06114802092332581,97.25829725829726,0.6482220617207614,83.11688311688312
926,0.051611704727658976,97.83549783549783,,
927,0.06653457492976994,97.69119769119769,,
928,0.06313088233078713,97.54689754689754,,
929,0.08280044275337312,96.82539682539682,,
930,0.06705853409717775,96.96969696969697,,
931,0.061133255362295656,98.41269841269842,,
932,0.07219136537497522,97.40259740259741,,
933,0.052857881712943616,98.12409812409813,,
934,0.07248898889616798,97.69119769119769,,
935,0.058373673126897084,97.97979797979798,,
936,0.06326099606916244,98.12409812409813,,
937,0.06414160712435305,97.97979797979798,,
938,0.05759457259843446,98.26839826839827,,
939,0.053178438107774714,98.26839826839827,,
940,0.05790246179136535,97.69119769119769,,
941,0.04998538746064445,98.41269841269842,,
942,0.0785517685093835,96.96969696969697,,
943,0.056235475698821945,98.26839826839827,,
944,0.06446939657346855,97.97979797979798,,
945,0.06136977314561993,97.69119769119769,,
946,0.05223259973792631,97.97979797979798,,
947,0.0781950703076212,97.69119769119769,,
948,0.053407929359275366,98.41269841269842,,
949,0.051787556658403525,98.26839826839827,,
950,0.05705830302696895,98.55699855699855,0.6536425007628156,84.41558441558442
951,0.06640830658669188,98.26839826839827,,
952,0.05706828796005073,98.12409812409813,,
953,0.07559380937276293,97.69119769119769,,
954,0.06365234324705893,97.83549783549783,,
955,0.05817406440978873,97.97979797979798,,
956,0.039126303300938824,99.27849927849928,,
957,0.05575605874752134,98.12409812409813,,
958,0.06720092105121496,97.54689754689754,,
959,0.07211200802615195,97.83549783549783,,
960,0.06681334001279582,97.83549783549783,,
961,0.04550137254174309,99.27849927849928,,
962,0.06522399844255024,97.83549783549783,,
963,0.06334993318475858,97.69119769119769,,
964,0.08124274486866692,96.96969696969697,,
965,0.05716783515329528,97.69119769119769,,
966,0.06494556070462644,97.97979797979798,,
967,0.054007888001538974,98.12409812409813,,
968,0.06665866795126321,96.96969696969697,,
969,0.06374123770996262,98.41269841269842,,
970,0.06288623639945516,97.69119769119769,,
971,0.05695228399856696,97.69119769119769,,
972,0.05972578957566688,97.83549783549783,,
973,0.07420601794149452,97.11399711399712,,
974,0.06542165430120231,97.11399711399712,,
975,0.06304959828654925,97.83549783549783,0.5893644659550159,87.01298701298701
976,0.0919816539143071,96.82539682539682,,
977,0.07819294895100559,98.26839826839827,,
978,0.07512123496399341,97.69119769119769,,
979,0.04419986654239644,98.55699855699855,,
980,0.058286454017069306,97.69119769119769,,
981,0.05937795182837853,98.26839826839827,,
982,0.0676118396656839,97.40259740259741,,
983,0.06001656941671736,97.83549783549783,,
984,0.05830010856685872,98.26839826839827,,
985,0.06191081789417614,97.54689754689754,,
986,0.05252949837299566,97.97979797979798,,
987,0.07609636999107629,96.96969696969697,,
988,0.06116984286217871,97.97979797979798,,
989,0.051625710178279514,97.83549783549783,,
990,0.052910843677953165,97.97979797979798,,
991,0.06564478520277087,98.12409812409813,,
992,0.05474686236114041,97.97979797979798,,
993,0.05453652163905671,97.97979797979798,,
994,0.06922560164766738,97.97979797979798,,
995,0.06887948236187644,97.97979797979798,,
996,0.07099623254313528,98.12409812409813,,
997,0.046162298725969005,98.55699855699855,,
998,0.07017162697817082,97.40259740259741,,
999,0.055599735036470845,97.83549783549783,,
1000,0.04567362800170634,98.7012987012987,0.6688915905240295,85.71428571428571
