epoch,train_loss,train_acc,test_loss,test_acc
1,0.6983637886301952,54.83405483405483,0.6862438847492267,55.84415584415584
2,0.6875611792223106,55.98845598845599,,
3,0.6889885553893933,55.98845598845599,,
4,0.6869843692490549,55.98845598845599,,
5,0.6873345126493324,55.98845598845599,,
6,0.6866796033895033,55.98845598845599,,
7,0.6885253903153655,55.98845598845599,,
8,0.6866776578526133,55.98845598845599,,
9,0.6857110915589987,55.98845598845599,,
10,0.6864253089885519,55.98845598845599,,
11,0.6878875395092269,55.98845598845599,,
12,0.6859312860824673,55.98845598845599,,
13,0.6863276793327167,55.98845598845599,,
14,0.6856454559218832,55.98845598845599,,
15,0.6861276047742384,55.98845598845599,,
16,0.685406938001707,55.98845598845599,,
17,0.6864519733371157,55.98845598845599,,
18,0.6869636663110741,55.98845598845599,,
19,0.6851061238526954,55.98845598845599,,
20,0.6847770775723423,55.98845598845599,,
21,0.6867603638987521,55.98845598845599,,
22,0.6863143927435166,55.98845598845599,,
23,0.6862890156144532,55.98845598845599,,
24,0.6858163487171542,55.98845598845599,,
25,0.6868255153878943,55.98845598845599,0.6859436468644575,55.84415584415584
26,0.6860470366684389,55.98845598845599,,
27,0.686614335529388,55.98845598845599,,
28,0.6859938159133449,55.98845598845599,,
29,0.6855011455940477,55.98845598845599,,
30,0.6855325851089511,55.98845598845599,,
31,0.6841510348505788,55.98845598845599,,
32,0.6847075209301099,55.98845598845599,,
33,0.6838618348343204,55.98845598845599,,
34,0.6856977745224043,55.98845598845599,,
35,0.6843211615584457,55.98845598845599,,
36,0.6852345677337262,55.98845598845599,,
37,0.6847714120347435,55.98845598845599,,
38,0.6843482031450643,55.98845598845599,,
39,0.6845718287630342,55.98845598845599,,
40,0.6848746621591533,55.98845598845599,,
41,0.6845386848821269,55.98845598845599,,
42,0.6835362938747434,55.98845598845599,,
43,0.6827306047318473,55.98845598845599,,
44,0.6835977620032615,55.98845598845599,,
45,0.6839734481010602,55.98845598845599,,
46,0.6835842793121999,55.98845598845599,,
47,0.6810639346660817,55.98845598845599,,
48,0.6822861288533066,55.98845598845599,,
49,0.6824241097355301,55.98845598845599,,
50,0.6814215363878192,55.98845598845599,0.6842418560734043,55.84415584415584
51,0.6790721862003056,55.98845598845599,,
52,0.6815165057670847,55.98845598845599,,
53,0.6777582964167794,55.98845598845599,,
54,0.6755492135043785,55.98845598845599,,
55,0.6775030111853695,55.98845598845599,,
56,0.6759096179345642,55.98845598845599,,
57,0.6759723965051714,55.98845598845599,,
58,0.6737583658911965,55.98845598845599,,
59,0.6724068274745694,55.98845598845599,,
60,0.6746805483988697,55.98845598845599,,
61,0.6739966626807209,55.98845598845599,,
62,0.6706266532212625,55.98845598845599,,
63,0.6717638151470201,55.98845598845599,,
64,0.6693904782614495,55.98845598845599,,
65,0.6691421486254551,55.98845598845599,,
66,0.6668935388025611,55.98845598845599,,
67,0.6684029620963258,55.98845598845599,,
68,0.669160575147659,55.98845598845599,,
69,0.6668730299882214,55.98845598845599,,
70,0.6652598739702464,55.98845598845599,,
71,0.6627811100575831,55.98845598845599,,
72,0.6667367122734091,55.98845598845599,,
73,0.6643881949167403,55.98845598845599,,
74,0.6555281720980249,55.84415584415584,,
75,0.6593186753824848,57.86435786435786,0.6719708403983673,57.142857142857146
76,0.6641799166777089,57.142857142857146,,
77,0.6569342312186656,56.132756132756136,,
78,0.6539711995214267,56.56565656565657,,
79,0.6542190831116955,58.874458874458874,,
80,0.6574767035839362,57.142857142857146,,
81,0.6541128069979459,58.58585858585859,,
82,0.6541620512717387,57.72005772005772,,
83,0.6531850085802064,59.01875901875902,,
84,0.6527639783994116,59.307359307359306,,
85,0.6464436421490679,61.76046176046176,,
86,0.6432658556907896,59.16305916305916,,
87,0.6442433145827201,59.884559884559884,,
88,0.6414135800295578,60.75036075036075,,
89,0.6423252310071673,58.44155844155844,,
90,0.6403421262469987,61.03896103896104,,
91,0.6306527412642993,62.04906204906205,,
92,0.6317016471171963,63.78066378066378,,
93,0.6377827661894101,62.33766233766234,,
94,0.6271185204064175,64.5021645021645,,
95,0.6355843833858661,61.61616161616162,,
96,0.6259124013252588,65.22366522366522,,
97,0.6277475312330678,64.06926406926407,,
98,0.6162068867064142,64.64646464646465,,
99,0.6167957739740567,65.36796536796537,,
100,0.6175412731769281,64.21356421356421,0.6361641218135883,59.74025974025974
101,0.6152667173575529,64.21356421356421,,
102,0.6115047866303855,66.52236652236653,,
103,0.610054795016114,64.21356421356421,,
104,0.6103296602443183,64.21356421356421,,
105,0.6034825978341041,65.36796536796537,,
106,0.597440456329142,66.95526695526695,,
107,0.5991309553513795,68.1096681096681,,
108,0.6013227582493902,67.82106782106783,,
109,0.6079273912813756,67.24386724386724,,
110,0.5880356074067593,68.54256854256855,,
111,0.6004636966304862,69.84126984126983,,
112,0.5876842089545675,68.97546897546897,,
113,0.6060137265344375,67.38816738816739,,
114,0.5847911240390541,70.85137085137085,,
115,0.5764186539691248,70.41847041847042,,
116,0.5893690874222209,69.6969696969697,,
117,0.5805560623928582,70.27417027417027,,
118,0.5720724520229158,70.41847041847042,,
119,0.5800620018145739,69.6969696969697,,
120,0.5523316870950173,74.02597402597402,,
121,0.5670273752955647,72.15007215007215,,
122,0.5515539317592054,74.60317460317461,,
123,0.5580126715428901,73.73737373737374,,
124,0.5624761395640188,72.72727272727273,,
125,0.5598161035629922,73.3044733044733,0.5668269775130532,68.83116883116882
126,0.5585711225114688,72.72727272727273,,
127,0.5404061018818557,76.33477633477634,,
128,0.5430902649915924,73.44877344877345,,
129,0.5339924195972184,74.17027417027417,,
130,0.5373146087146252,72.72727272727273,,
131,0.5658968523639277,73.88167388167388,,
132,0.53729813740539,75.75757575757575,,
133,0.53127972869818,75.9018759018759,,
134,0.5333967846193355,74.31457431457432,,
135,0.5362097915116842,73.3044733044733,,
136,0.5203751034894891,77.05627705627705,,
137,0.5300812537191922,74.17027417027417,,
138,0.5336028896540962,73.3044733044733,,
139,0.5174860160416167,75.18037518037518,,
140,0.5189803351055492,74.31457431457432,,
141,0.507759710152944,76.47907647907648,,
142,0.5126810871161424,74.45887445887446,,
143,0.496343350083625,76.19047619047619,,
144,0.5043233862256935,76.91197691197691,,
145,0.5113580623402396,75.75757575757575,,
146,0.4983279900719421,77.63347763347764,,
147,0.5115795097653828,75.46897546897547,,
148,0.4969874659141937,77.05627705627705,,
149,0.5027899600210644,76.04617604617604,,
150,0.48719177385429285,77.05627705627705,0.4855567596175454,77.92207792207792
151,0.473261058932603,78.35497835497836,,
152,0.49763087199363876,77.77777777777777,,
153,0.47688797481820355,78.4992784992785,,
154,0.4852071751075734,77.34487734487735,,
155,0.4810163638034424,77.4891774891775,,
156,0.48461106097027334,78.06637806637806,,
157,0.4712046166347047,79.65367965367966,,
158,0.4737842112220555,78.93217893217893,,
159,0.4784442726495806,76.91197691197691,,
160,0.46459316738584167,78.93217893217893,,
161,0.47043096451532274,79.94227994227994,,
162,0.48655675852625574,79.65367965367966,,
163,0.468964649313284,78.21067821067821,,
164,0.4666116332250928,79.65367965367966,,
165,0.4879018955932551,78.35497835497836,,
166,0.4676270479763741,78.06637806637806,,
167,0.4476717319581416,80.66378066378067,,
168,0.4625649603586348,79.36507936507937,,
169,0.44119494168617335,81.24098124098124,,
170,0.4529130608918519,80.95238095238095,,
171,0.4476901228293712,79.79797979797979,,
172,0.44050664083782215,81.0966810966811,,
173,0.4529091701191053,79.22077922077922,,
174,0.46133482297089534,80.37518037518038,,
175,0.439235165521696,80.23088023088023,0.45366447428604223,79.22077922077922
176,0.422532376444873,83.69408369408369,,
177,0.4285244073014583,82.53968253968254,,
178,0.46777205782019216,79.07647907647907,,
179,0.4427611997289231,80.8080808080808,,
180,0.4209010096167417,83.26118326118326,,
181,0.4442972014906775,82.1067821067821,,
182,0.43773186086404203,79.94227994227994,,
183,0.43930080743751143,81.24098124098124,,
184,0.4378661849626043,78.64357864357865,,
185,0.45286527921111036,80.51948051948052,,
186,0.4493664937445956,80.95238095238095,,
187,0.4401270498617043,81.96248196248196,,
188,0.4363370631508325,81.67388167388168,,
189,0.44621982968386803,81.38528138528139,,
190,0.4269195277281482,79.65367965367966,,
191,0.4196552937853044,82.82828282828282,,
192,0.40816828576259284,83.40548340548341,,
193,0.43155430938946393,81.81818181818181,,
194,0.45279030977045476,80.8080808080808,,
195,0.4092873033851084,82.82828282828282,,
196,0.4182771888130155,81.67388167388168,,
197,0.4156944883334172,83.69408369408369,,
198,0.41381381557445335,82.82828282828282,,
199,0.4238343420740846,82.25108225108225,,
200,0.4350742214341872,80.8080808080808,0.42651609592623524,83.11688311688312
201,0.4224281082249651,81.38528138528139,,
202,0.43913338633326743,81.52958152958153,,
203,0.4245572655231922,81.67388167388168,,
204,0.4277059542496311,80.8080808080808,,
205,0.4152827023341714,81.0966810966811,,
206,0.4065859400348746,81.81818181818181,,
207,0.41063161996363906,81.96248196248196,,
208,0.4268247358726733,81.67388167388168,,
209,0.39353838154419846,83.54978354978356,,
210,0.3961351088975243,84.12698412698413,,
211,0.39969851280875707,83.54978354978356,,
212,0.391274764338269,83.26118326118326,,
213,0.3980069099824666,81.96248196248196,,
214,0.40813462618969565,83.40548340548341,,
215,0.3968994129357744,83.98268398268398,,
216,0.4076139579001615,81.38528138528139,,
217,0.3908285579038045,83.11688311688312,,
218,0.38059044920692886,83.83838383838383,,
219,0.40236900843583145,82.82828282828282,,
220,0.39828512182225395,83.98268398268398,,
221,0.3640774595100986,86.43578643578644,,
222,0.4089408687182835,83.26118326118326,,
223,0.39699302667491193,83.69408369408369,,
224,0.39707412034230144,83.98268398268398,,
225,0.3928001367770576,84.12698412698413,0.41136299673613014,83.11688311688312
226,0.41887266372705434,80.8080808080808,,
227,0.3688727200332314,86.2914862914863,,
228,0.38529454836081634,83.26118326118326,,
229,0.36624619377639905,85.13708513708514,,
230,0.39587361239767693,83.69408369408369,,
231,0.3945773412052859,82.68398268398268,,
232,0.3840675890703738,85.56998556998558,,
233,0.3718709359953414,84.55988455988457,,
234,0.37131984465221995,85.56998556998558,,
235,0.3917379752554075,83.40548340548341,,
236,0.3920730824594374,84.12698412698413,,
237,0.3937648580359862,84.7041847041847,,
238,0.37202570887355063,84.41558441558442,,
239,0.37439501319956814,86.14718614718615,,
240,0.374203815647706,85.85858585858585,,
241,0.38826081591079076,84.12698412698413,,
242,0.37677331610675496,84.55988455988457,,
243,0.3825223369773848,84.41558441558442,,
244,0.35260158140765985,85.42568542568543,,
245,0.36489397300270215,83.69408369408369,,
246,0.3764025214172545,85.28138528138528,,
247,0.3622120625055886,86.14718614718615,,
248,0.35224801768558195,85.42568542568543,,
249,0.3534554208468909,86.2914862914863,,
250,0.36252860598061853,85.85858585858585,0.4193159597260611,80.51948051948052
251,0.3795294762517811,83.98268398268398,,
252,0.3860579763053988,84.41558441558442,,
253,0.3572526002601112,85.71428571428571,,
254,0.33766638720878445,87.5901875901876,,
255,0.35816859673241,85.71428571428571,,
256,0.3677461842265824,85.42568542568543,,
257,0.35025340430492274,84.84848484848484,,
258,0.336573475582087,87.01298701298701,,
259,0.3394345913571541,86.72438672438672,,
260,0.35500151770455496,85.85858585858585,,
261,0.32783981854523414,86.002886002886,,
262,0.3496629127756858,87.01298701298701,,
263,0.34500694868368503,86.2914862914863,,
264,0.36896298734355626,85.42568542568543,,
265,0.3257397587423201,87.01298701298701,,
266,0.34482700727116666,85.56998556998558,,
267,0.3406917163819978,86.002886002886,,
268,0.3564945544515337,84.99278499278499,,
269,0.3436006314912744,86.43578643578644,,
270,0.3569966005470502,86.002886002886,,
271,0.34620462631078336,86.43578643578644,,
272,0.3534836752762182,85.42568542568543,,
273,0.3092906598920946,87.87878787878788,,
274,0.3564823253072185,85.56998556998558,,
275,0.35902389208819785,87.87878787878788,0.41607917709784076,88.31168831168831
276,0.3345569050501263,85.71428571428571,,
277,0.3150390870815404,88.16738816738817,,
278,0.34504849213198324,84.84848484848484,,
279,0.32275837872709545,87.44588744588745,,
280,0.32879649698304236,86.72438672438672,,
281,0.3231410784982844,87.5901875901876,,
282,0.34587643281549946,85.13708513708514,,
283,0.3162070548465586,87.73448773448773,,
284,0.346278245734188,84.99278499278499,,
285,0.31954684143974665,87.73448773448773,,
286,0.325616444215114,87.5901875901876,,
287,0.3363516617991019,86.14718614718615,,
288,0.3296353864721406,87.5901875901876,,
289,0.32400142972345475,89.17748917748918,,
290,0.322118226153854,88.16738816738817,,
291,0.3135496053581286,87.3015873015873,,
292,0.3423582816020751,86.43578643578644,,
293,0.30640157790583106,87.44588744588745,,
294,0.30420987320658016,88.74458874458874,,
295,0.3214198538837323,87.3015873015873,,
296,0.2935086554951138,88.31168831168831,,
297,0.295803158744245,88.02308802308802,,
298,0.31800454605537404,87.5901875901876,,
299,0.31710500150789944,87.3015873015873,,
300,0.3372586433591609,87.44588744588745,0.4179120928823174,85.71428571428571
301,0.3379996726007173,86.72438672438672,,
302,0.3036422484364861,88.31168831168831,,
303,0.3088917183282571,88.16738816738817,,
304,0.3093219358597655,87.73448773448773,,
305,0.3207258650062748,88.16738816738817,,
306,0.3055523808126326,87.01298701298701,,
307,0.3144559752717507,88.45598845598846,,
308,0.33381810706931275,87.3015873015873,,
309,0.33383940828999054,86.86868686868686,,
310,0.3022742968101006,88.16738816738817,,
311,0.3279518829107629,87.5901875901876,,
312,0.305520510970256,87.5901875901876,,
313,0.3238217655198399,87.15728715728716,,
314,0.3376317586303617,88.31168831168831,,
315,0.3060891499681046,89.8989898989899,,
316,0.3034714458652733,89.03318903318903,,
317,0.3106734292503731,87.5901875901876,,
318,0.32126168044442566,88.45598845598846,,
319,0.29617290962138043,88.31168831168831,,
320,0.3091222077909142,89.8989898989899,,
321,0.3236515076043458,87.5901875901876,,
322,0.28372890462434996,89.6103896103896,,
323,0.3017855550217594,89.6103896103896,,
324,0.29972638159689274,88.74458874458874,,
325,0.30503156333946735,87.3015873015873,0.42079396758760723,87.01298701298701
326,0.2921941825665781,88.45598845598846,,
327,0.2970541996013206,88.16738816738817,,
328,0.2877331003439203,88.88888888888889,,
329,0.28957056973403666,88.88888888888889,,
330,0.2997765387979593,87.73448773448773,,
331,0.2897846339670955,87.15728715728716,,
332,0.28962002472594534,89.17748917748918,,
333,0.293656394509182,89.32178932178932,,
334,0.2955575089950066,88.31168831168831,,
335,0.2870372355543346,87.44588744588745,,
336,0.30453373567022457,89.17748917748918,,
337,0.2969135240171895,88.74458874458874,,
338,0.3033834072461548,88.02308802308802,,
339,0.30811648984664103,88.74458874458874,,
340,0.2867064532349464,89.75468975468975,,
341,0.2784119365363238,89.6103896103896,,
342,0.3175595843086683,86.86868686868686,,
343,0.286936660940943,88.60028860028861,,
344,0.29324091749445874,87.3015873015873,,
345,0.2841858756426093,89.8989898989899,,
346,0.2785028730119978,88.02308802308802,,
347,0.2647766819032928,90.04329004329004,,
348,0.29031370896281616,87.15728715728716,,
349,0.2847630397925989,88.88888888888889,,
350,0.2923078871564604,87.87878787878788,0.43772236132002496,88.31168831168831
351,0.2453465121132987,90.76479076479076,,
352,0.28337407373375706,89.46608946608947,,
353,0.29979628658870944,89.32178932178932,,
354,0.27750623501396454,88.74458874458874,,
355,0.2639313366850045,89.32178932178932,,
356,0.28356187739026495,88.16738816738817,,
357,0.3023954148244376,88.74458874458874,,
358,0.2716577911875809,89.17748917748918,,
359,0.2870782437864664,89.03318903318903,,
360,0.27913314439517595,89.03318903318903,,
361,0.2756142196975229,89.17748917748918,,
362,0.2524088349349227,89.75468975468975,,
363,0.2924508951271079,89.03318903318903,,
364,0.28618532410603753,87.73448773448773,,
365,0.2755655577086439,88.88888888888889,,
366,0.2725431335092795,88.31168831168831,,
367,0.2757878936558403,87.5901875901876,,
368,0.26756974224748376,88.31168831168831,,
369,0.3063555165888771,88.60028860028861,,
370,0.29096064853117753,87.5901875901876,,
371,0.25919885402289994,91.05339105339105,,
372,0.26956515300153483,89.32178932178932,,
373,0.25912001224780323,90.47619047619048,,
374,0.2529850582797806,90.47619047619048,,
375,0.27031937207687984,91.05339105339105,0.4492543359081467,87.01298701298701
376,0.2607653168114749,90.9090909090909,,
377,0.2721993482818163,89.75468975468975,,
378,0.2765963747452348,90.47619047619048,,
379,0.25042461923190523,90.9090909090909,,
380,0.26261089955057415,89.03318903318903,,
381,0.26224394346900487,89.8989898989899,,
382,0.2754658078949517,89.46608946608947,,
383,0.24329081917393947,91.05339105339105,,
384,0.2695332160071721,88.31168831168831,,
385,0.24729735056989294,90.62049062049061,,
386,0.2544074370747521,89.03318903318903,,
387,0.24974881751196726,90.76479076479076,,
388,0.27144579806541125,90.76479076479076,,
389,0.25400377063868196,90.76479076479076,,
390,0.27622842666132624,89.46608946608947,,
391,0.28310273957544935,89.17748917748918,,
392,0.26399446931408255,90.18759018759019,,
393,0.2579154314615725,90.18759018759019,,
394,0.2563005630115066,89.6103896103896,,
395,0.25312661273138864,91.48629148629149,,
396,0.25675466196533575,90.47619047619048,,
397,0.2616269296252882,89.75468975468975,,
398,0.24400384194106078,90.33189033189034,,
399,0.2673554568192659,89.75468975468975,,
400,0.2458073335120516,91.05339105339105,0.45043040289507286,88.31168831168831
401,0.26117038339763493,89.17748917748918,,
402,0.25228755453448276,90.76479076479076,,
403,0.24693356837115074,89.6103896103896,,
404,0.2476009741576031,90.04329004329004,,
405,0.24896644511694171,90.18759018759019,,
406,0.2437357979935485,90.47619047619048,,
407,0.24324376023176944,90.9090909090909,,
408,0.2548176543881195,90.62049062049061,,
409,0.22940644353069095,91.1976911976912,,
410,0.25078895614948793,89.32178932178932,,
411,0.24065221781596477,90.9090909090909,,
412,0.2414336676963351,89.8989898989899,,
413,0.24111478239254863,91.63059163059162,,
414,0.22611017299420905,92.92929292929293,,
415,0.24067320475760648,91.05339105339105,,
416,0.22998327067361077,91.48629148629149,,
417,0.26192483058653526,88.16738816738817,,
418,0.24526362025419526,90.47619047619048,,
419,0.24350917474790054,90.33189033189034,,
420,0.2240864843140863,91.63059163059162,,
421,0.2513909484830942,90.62049062049061,,
422,0.2690477167373096,89.6103896103896,,
423,0.2584717543244706,90.33189033189034,,
424,0.22837432188991172,92.06349206349206,,
425,0.2438950373926892,89.6103896103896,0.49362504869312435,84.41558441558442
426,0.24450835957585648,92.4963924963925,,
427,0.2437150523948119,90.62049062049061,,
428,0.2311214285151439,91.77489177489177,,
429,0.22742976994397493,91.1976911976912,,
430,0.2105830269845533,91.77489177489177,,
431,0.22227888794086367,91.63059163059162,,
432,0.23205947634074595,90.62049062049061,,
433,0.23713625599811602,90.9090909090909,,
434,0.2596807437928724,90.18759018759019,,
435,0.21811853399739464,91.1976911976912,,
436,0.2225093777045543,91.48629148629149,,
437,0.24497497380639913,90.9090909090909,,
438,0.23892145387796096,90.33189033189034,,
439,0.24132095326764932,91.34199134199135,,
440,0.24191211824121242,90.18759018759019,,
441,0.21359501886591423,93.07359307359307,,
442,0.21672059103179975,91.34199134199135,,
443,0.2292292540594613,91.77489177489177,,
444,0.21831590808057166,90.9090909090909,,
445,0.224157849109018,91.1976911976912,,
446,0.21806050277977623,92.06349206349206,,
447,0.23234525907779324,90.76479076479076,,
448,0.22468109640412431,90.76479076479076,,
449,0.23945148892345883,90.76479076479076,,
450,0.24274903308186266,90.33189033189034,0.48148872384003233,87.01298701298701
451,0.21178450848783595,92.35209235209236,,
452,0.23236892300336737,91.63059163059162,,
453,0.22605353923888089,91.48629148629149,,
454,0.2190518244176372,91.77489177489177,,
455,0.23812570272371023,90.62049062049061,,
456,0.25141146877971393,91.1976911976912,,
457,0.22748769894994872,90.76479076479076,,
458,0.226688774461182,92.35209235209236,,
459,0.19478477920374657,93.50649350649351,,
460,0.2136823491960721,92.64069264069263,,
461,0.2241905221465604,91.1976911976912,,
462,0.2279514889266412,90.9090909090909,,
463,0.21523096652172,92.78499278499278,,
464,0.21933804197078316,92.4963924963925,,
465,0.21688815103077785,91.77489177489177,,
466,0.21175428863727686,92.64069264069263,,
467,0.20797577575601714,93.79509379509379,,
468,0.22234004277945596,91.05339105339105,,
469,0.22725366249486997,91.34199134199135,,
470,0.2185121542877621,92.20779220779221,,
471,0.20432537686601174,93.07359307359307,,
472,0.23233858516377975,91.05339105339105,,
473,0.22358525453019795,91.77489177489177,,
474,0.22534944413802324,91.77489177489177,,
475,0.23868885285840577,90.9090909090909,0.5581216067075729,85.71428571428571
476,0.23384548373208588,90.62049062049061,,
477,0.2258047264547747,91.77489177489177,,
478,0.2005522706872457,92.35209235209236,,
479,0.2514708379087338,89.8989898989899,,
480,0.21163853499796484,92.06349206349206,,
481,0.20036196115884988,91.77489177489177,,
482,0.20992186762295761,91.91919191919192,,
483,0.21721141182240986,91.77489177489177,,
484,0.233654616930096,91.63059163059162,,
485,0.21367267502571252,91.77489177489177,,
486,0.2043590544364153,91.63059163059162,,
487,0.21037470247236337,91.34199134199135,,
488,0.21388294203757896,90.62049062049061,,
489,0.22022465785258433,91.34199134199135,,
490,0.21713017645422342,90.62049062049061,,
491,0.22601225322803206,91.77489177489177,,
492,0.21167893967931234,92.20779220779221,,
493,0.20451428118722265,91.1976911976912,,
494,0.19251249867799178,93.50649350649351,,
495,0.22503294031341353,91.34199134199135,,
496,0.19902044676599048,92.92929292929293,,
497,0.19693299061464198,93.07359307359307,,
498,0.20537793842745034,91.77489177489177,,
499,0.21034045162655057,92.78499278499278,,
500,0.20414791203508473,93.36219336219337,0.517943686866141,87.01298701298701
501,0.19987089354356732,92.20779220779221,,
502,0.20890622612889884,91.63059163059162,,
503,0.23019030642887903,90.9090909090909,,
504,0.21447064367379634,91.48629148629149,,
505,0.21331364305590483,91.34199134199135,,
506,0.20199809319099135,92.78499278499278,,
507,0.19661729588223054,92.92929292929293,,
508,0.193069464695058,92.64069264069263,,
509,0.20240928406839248,92.64069264069263,,
510,0.2150647206067996,91.77489177489177,,
511,0.20854145830327814,92.78499278499278,,
512,0.22950313275768644,91.77489177489177,,
513,0.21172812075755984,91.05339105339105,,
514,0.2127189210375494,90.9090909090909,,
515,0.213761403296589,92.35209235209236,,
516,0.22229809659126,91.91919191919192,,
517,0.20511291841579893,92.35209235209236,,
518,0.2025117218752444,92.20779220779221,,
519,0.2068381958827914,91.91919191919192,,
520,0.17565851541394623,94.08369408369408,,
521,0.20542243109077946,92.4963924963925,,
522,0.19705321550272503,93.07359307359307,,
523,0.20493508158802642,92.64069264069263,,
524,0.21218996990638722,92.35209235209236,,
525,0.20069086156022153,92.4963924963925,0.49660137024792755,87.01298701298701
526,0.2149778852215061,92.78499278499278,,
527,0.2155100301789687,91.77489177489177,,
528,0.18148052873033466,93.79509379509379,,
529,0.1751453076552433,93.93939393939394,,
530,0.184606484090439,93.79509379509379,,
531,0.20365415853253346,92.20779220779221,,
532,0.19659026130539342,92.78499278499278,,
533,0.20238506168256074,92.78499278499278,,
534,0.16309075038154403,93.65079365079364,,
535,0.2024362753394018,92.35209235209236,,
536,0.1849692247130654,93.36219336219337,,
537,0.184821510921309,93.79509379509379,,
538,0.19575630031622848,92.92929292929293,,
539,0.18816956000410634,92.78499278499278,,
540,0.18893962414749774,92.92929292929293,,
541,0.19665588505168327,92.64069264069263,,
542,0.18733976951237194,93.79509379509379,,
543,0.1995809417524379,93.36219336219337,,
544,0.18482354812291793,93.21789321789322,,
545,0.2138172506770014,92.06349206349206,,
546,0.22725772202918024,92.35209235209236,,
547,0.20199041348085087,92.06349206349206,,
548,0.21166931744261738,91.77489177489177,,
549,0.1925470619684174,91.63059163059162,,
550,0.16411220705846236,93.07359307359307,0.5158530084730742,84.41558441558442
551,0.18475440643394492,92.64069264069263,,
552,0.1778933974023247,93.79509379509379,,
553,0.18128631417713467,93.07359307359307,,
554,0.16907191130333993,93.93939393939394,,
555,0.1926458241662594,92.64069264069263,,
556,0.1858933444684546,93.36219336219337,,
557,0.17872131226683763,93.79509379509379,,
558,0.19651237069958388,92.92929292929293,,
559,0.2023480793442389,92.35209235209236,,
560,0.17983310941665892,93.79509379509379,,
561,0.17745939705623004,92.35209235209236,,
562,0.17840307714447143,93.79509379509379,,
563,0.18351298109406516,94.51659451659452,,
564,0.1661931714110216,93.93939393939394,,
565,0.1920215098071752,93.21789321789322,,
566,0.195678103290509,93.21789321789322,,
567,0.1970383883984746,92.92929292929293,,
568,0.17646663484377262,93.79509379509379,,
569,0.1561559797257916,93.79509379509379,,
570,0.1751014120597258,92.64069264069263,,
571,0.1837978142288125,93.36219336219337,,
572,0.19147854611213072,92.92929292929293,,
573,0.1785346544408179,92.92929292929293,,
574,0.21972029233649695,92.4963924963925,,
575,0.18083248384334524,93.36219336219337,0.5313528979366476,84.41558441558442
576,0.17658306518502392,93.21789321789322,,
577,0.19723687627356806,92.20779220779221,,
578,0.17037382173589813,94.37229437229438,,
579,0.1644339028202954,92.92929292929293,,
580,0.19152616702012104,92.78499278499278,,
581,0.1765257195820884,92.78499278499278,,
582,0.18088938465710155,93.93939393939394,,
583,0.18101778656545311,92.78499278499278,,
584,0.21696496981735008,91.63059163059162,,
585,0.173421686904943,94.08369408369408,,
586,0.18267165789377982,91.63059163059162,,
587,0.1907484515920862,92.20779220779221,,
588,0.17473537516800355,93.79509379509379,,
589,0.1710116614360486,93.93939393939394,,
590,0.1702109690739479,93.50649350649351,,
591,0.1694429222639505,94.37229437229438,,
592,0.21593527207728933,90.76479076479076,,
593,0.2127519790056292,92.78499278499278,,
594,0.16885080163785046,94.66089466089466,,
595,0.18695754038565088,93.50649350649351,,
596,0.17329153315329449,93.65079365079364,,
597,0.18358256136743192,93.65079365079364,,
598,0.18452559725460724,93.50649350649351,,
599,0.170125423184721,94.94949494949495,,
600,0.15654364695925732,94.37229437229438,0.5974300768855331,83.11688311688312
601,0.16976885211588155,93.93939393939394,,
602,0.16691880796808872,93.93939393939394,,
603,0.18648610738459517,93.36219336219337,,
604,0.17411084219404802,94.08369408369408,,
605,0.19273566957805063,93.07359307359307,,
606,0.18297789640412873,92.92929292929293,,
607,0.15624616597207938,93.50649350649351,,
608,0.16924001166830846,92.78499278499278,,
609,0.1817737999244514,92.78499278499278,,
610,0.17740885102731668,93.93939393939394,,
611,0.1635891929333344,94.66089466089466,,
612,0.1521757986358922,95.23809523809524,,
613,0.15131802284958387,94.66089466089466,,
614,0.16965825248289246,93.21789321789322,,
615,0.19124475358024476,93.21789321789322,,
616,0.1713005733954442,93.21789321789322,,
617,0.19910297786862646,92.78499278499278,,
618,0.15558958268612838,95.38239538239539,,
619,0.17719867610484147,93.36219336219337,,
620,0.17869416649035388,94.08369408369408,,
621,0.17626398963340348,93.21789321789322,,
622,0.17287239000136717,93.50649350649351,,
623,0.15592646790456033,95.23809523809524,,
624,0.18092477989811745,93.07359307359307,,
625,0.1988957973377185,92.4963924963925,0.6340043237069984,84.41558441558442
626,0.18533093137142462,93.50649350649351,,
627,0.17869418192907502,93.50649350649351,,
628,0.16775446701230426,94.37229437229438,,
629,0.1694503107026198,94.08369408369408,,
630,0.1833290560076935,93.36219336219337,,
631,0.15312761080707996,94.66089466089466,,
632,0.19520135976449407,92.92929292929293,,
633,0.1707600127222906,93.65079365079364,,
634,0.1537843800511367,94.94949494949495,,
635,0.15891200404823858,94.37229437229438,,
636,0.1736466715227904,92.64069264069263,,
637,0.17215383426967637,94.08369408369408,,
638,0.1747547701044172,92.64069264069263,,
639,0.1551437239830542,94.37229437229438,,
640,0.1649631986026296,94.37229437229438,,
641,0.17408123776897208,93.79509379509379,,
642,0.16071313864740974,93.36219336219337,,
643,0.1862661469657872,93.93939393939394,,
644,0.16799784867794482,94.37229437229438,,
645,0.1583578854498237,94.08369408369408,,
646,0.15617208124755264,93.93939393939394,,
647,0.17697607314087785,93.65079365079364,,
648,0.1599602017653797,94.22799422799423,,
649,0.16468547171177975,92.92929292929293,,
650,0.19334798221292263,93.93939393939394,0.6151255407890717,83.11688311688312
651,0.17765143502928304,93.50649350649351,,
652,0.17576476813308775,94.08369408369408,,
653,0.16713191896763027,93.07359307359307,,
654,0.19048079239234092,94.37229437229438,,
655,0.16348071684482982,94.66089466089466,,
656,0.15855650496259224,95.23809523809524,,
657,0.16276828856523246,93.65079365079364,,
658,0.1605394354861493,94.8051948051948,,
659,0.17253225389196072,94.37229437229438,,
660,0.17162666088144846,93.36219336219337,,
661,0.18229995773296165,92.4963924963925,,
662,0.17296446357755607,93.79509379509379,,
663,0.15977830666656273,93.07359307359307,,
664,0.17531400243785303,93.36219336219337,,
665,0.15389510150595662,95.0937950937951,,
666,0.15727617844003877,93.36219336219337,,
667,0.15726244619786794,93.50649350649351,,
668,0.15966595294327618,94.08369408369408,,
669,0.1778835247433375,93.93939393939394,,
670,0.16899199158082276,94.08369408369408,,
671,0.16925428276626234,93.36219336219337,,
672,0.17476198429841155,93.65079365079364,,
673,0.14916331405397962,94.51659451659452,,
674,0.1552824799998154,94.94949494949495,,
675,0.15077335811065562,94.51659451659452,0.6308015283052023,84.41558441558442
676,0.16106936062483215,94.37229437229438,,
677,0.16447399696402393,93.93939393939394,,
678,0.14536147370052888,94.66089466089466,,
679,0.14991457768934974,95.81529581529581,,
680,0.14780345797796787,95.0937950937951,,
681,0.1339374968585858,95.81529581529581,,
682,0.1351343919274439,95.38239538239539,,
683,0.1546313629349933,95.23809523809524,,
684,0.1635596782700152,95.0937950937951,,
685,0.15666579465888453,94.08369408369408,,
686,0.15567944974008233,94.8051948051948,,
687,0.14782296048012303,94.51659451659452,,
688,0.17455181750384244,94.66089466089466,,
689,0.15937855035539658,95.23809523809524,,
690,0.15970494051451806,94.08369408369408,,
691,0.16840001127936624,93.79509379509379,,
692,0.15288529894482694,95.38239538239539,,
693,0.1328482362099024,96.53679653679653,,
694,0.13516788511479227,96.1038961038961,,
695,0.16275867721412604,94.66089466089466,,
696,0.1610986218729942,94.51659451659452,,
697,0.15934405313511776,94.08369408369408,,
698,0.15412304155235576,94.8051948051948,,
699,0.1341186977525122,95.23809523809524,,
700,0.1440495505464004,95.38239538239539,0.594077404346559,85.71428571428571
701,0.15333847566084427,95.23809523809524,,
702,0.1373614344374958,95.0937950937951,,
703,0.16634137857527959,94.22799422799423,,
704,0.14344312188257213,94.51659451659452,,
705,0.17041292955392023,94.37229437229438,,
706,0.14542772853142255,94.37229437229438,,
707,0.16660682091551254,93.79509379509379,,
708,0.15699796753829348,93.79509379509379,,
709,0.16088180811632247,93.79509379509379,,
710,0.1504730572238629,94.66089466089466,,
711,0.13236390626996025,94.94949494949495,,
712,0.16101103246986093,94.08369408369408,,
713,0.14003706064403143,94.51659451659452,,
714,0.1541462658244638,93.93939393939394,,
715,0.15061904936168788,94.08369408369408,,
716,0.1484177979986045,93.93939393939394,,
717,0.14179926254876593,94.94949494949495,,
718,0.1463663127235692,94.08369408369408,,
719,0.1391063021417992,95.95959595959596,,
720,0.17239664322434567,93.21789321789322,,
721,0.13432310481688806,94.51659451659452,,
722,0.12482537636681208,95.38239538239539,,
723,0.1394580536042199,94.94949494949495,,
724,0.13791419365705349,94.94949494949495,,
725,0.14313966998612726,93.93939393939394,0.7438397285613146,83.11688311688312
726,0.15995265466052216,95.0937950937951,,
727,0.13487132231222432,94.94949494949495,,
728,0.14965041654794592,95.0937950937951,,
729,0.14228115252569898,95.52669552669553,,
730,0.1436988315067938,94.51659451659452,,
731,0.15578415166333984,93.79509379509379,,
732,0.1464742115479699,94.37229437229438,,
733,0.14412225404361861,94.94949494949495,,
734,0.1600789012115927,94.8051948051948,,
735,0.1555351923135194,93.79509379509379,,
736,0.15357154847524554,96.24819624819625,,
737,0.13912873129221956,94.08369408369408,,
738,0.15196994914636983,94.51659451659452,,
739,0.12631129297128144,96.3924963924964,,
740,0.12986393064841048,94.94949494949495,,
741,0.13054213986273797,94.94949494949495,,
742,0.14215068473960413,94.94949494949495,,
743,0.13878463103313637,95.67099567099567,,
744,0.12891514140784655,95.95959595959596,,
745,0.16213981173986308,93.79509379509379,,
746,0.15321900598801574,94.94949494949495,,
747,0.15159911214552743,95.23809523809524,,
748,0.15178825102832497,94.8051948051948,,
749,0.15505131309338635,95.0937950937951,,
750,0.14478315217326385,94.8051948051948,0.7104758713152501,81.81818181818181
751,0.13279239516732153,95.52669552669553,,
752,0.13583575068700193,95.81529581529581,,
753,0.17149671714371245,93.50649350649351,,
754,0.14292454768998972,94.8051948051948,,
755,0.1635617029626046,94.08369408369408,,
756,0.1571806346699273,94.8051948051948,,
757,0.16322170434490083,94.8051948051948,,
758,0.15744197486885012,94.37229437229438,,
759,0.13571145646757893,94.66089466089466,,
760,0.15111416437452146,95.0937950937951,,
761,0.1586822628501862,94.51659451659452,,
762,0.13478699263083127,95.38239538239539,,
763,0.15263209283394902,94.66089466089466,,
764,0.1446201434845446,94.66089466089466,,
765,0.133560536442725,94.8051948051948,,
766,0.1332452975611322,95.38239538239539,,
767,0.13991462345763203,95.0937950937951,,
768,0.14264548016230955,94.8051948051948,,
769,0.13644586438998516,94.94949494949495,,
770,0.13496754298048447,95.52669552669553,,
771,0.16450574376968422,93.36219336219337,,
772,0.1553083723155623,94.22799422799423,,
773,0.14354454258303623,94.66089466089466,,
774,0.11880912036671266,96.3924963924964,,
775,0.13816447078665614,95.23809523809524,0.763056135022795,83.11688311688312
776,0.15249495744748204,94.22799422799423,,
777,0.14962812696958516,94.37229437229438,,
778,0.1452838627871497,93.79509379509379,,
779,0.126850245017854,95.67099567099567,,
780,0.12145921091238658,95.81529581529581,,
781,0.14159667257536712,95.23809523809524,,
782,0.11764762547367062,96.68109668109668,,
783,0.1391639288240697,94.51659451659452,,
784,0.10075946777929991,97.25829725829726,,
785,0.14111692213263863,95.38239538239539,,
786,0.13709388976489312,94.08369408369408,,
787,0.1306553047155749,95.52669552669553,,
788,0.1256865743080001,95.23809523809524,,
789,0.1352845448006111,94.94949494949495,,
790,0.12777258974498656,95.52669552669553,,
791,0.16064923461983557,94.08369408369408,,
792,0.15122777787487401,93.79509379509379,,
793,0.1265350647732981,95.52669552669553,,
794,0.12946181298162343,94.8051948051948,,
795,0.13885093032023607,95.52669552669553,,
796,0.1178520465482021,95.81529581529581,,
797,0.1263877475395003,95.38239538239539,,
798,0.14725621020983135,94.94949494949495,,
799,0.13587000362929844,94.66089466089466,,
800,0.13183172492237835,94.51659451659452,0.7570736396622348,87.01298701298701
801,0.1518342023202007,94.94949494949495,,
802,0.14621984769427587,94.94949494949495,,
803,0.12451852090430982,95.52669552669553,,
804,0.1249125451709629,95.0937950937951,,
805,0.12083342964902069,95.23809523809524,,
806,0.12239059315077842,95.0937950937951,,
807,0.14020942937459094,94.37229437229438,,
808,0.14166272584279035,94.37229437229438,,
809,0.18119143017733666,93.07359307359307,,
810,0.1224476925136379,95.81529581529581,,
811,0.12961779356346845,94.94949494949495,,
812,0.11215513093668489,95.95959595959596,,
813,0.15201128747792644,94.37229437229438,,
814,0.13151583384620336,95.38239538239539,,
815,0.12504163268324617,96.1038961038961,,
816,0.11344608604843483,96.53679653679653,,
817,0.12115578598801106,96.1038961038961,,
818,0.13365835421228134,95.81529581529581,,
819,0.11807149867990832,95.95959595959596,,
820,0.13833527228274903,95.23809523809524,,
821,0.12854342375482833,94.37229437229438,,
822,0.1273965998613215,95.38239538239539,,
823,0.1206391014664032,95.23809523809524,,
824,0.141890030359637,94.08369408369408,,
825,0.12042369490320032,95.67099567099567,0.8103212569054071,84.41558441558442
826,0.12788468377844767,95.52669552669553,,
827,0.11027869392955114,95.52669552669553,,
828,0.14334891434667515,95.0937950937951,,
829,0.15978712581022822,93.93939393939394,,
830,0.1452247215754757,94.8051948051948,,
831,0.11071276112122282,95.95959595959596,,
832,0.13699455910011546,95.38239538239539,,
833,0.12121848734082254,95.38239538239539,,
834,0.10756584145074971,96.3924963924964,,
835,0.1241925891588239,95.52669552669553,,
836,0.11291616071354259,96.24819624819625,,
837,0.13192238943573373,95.23809523809524,,
838,0.1182050406260881,95.81529581529581,,
839,0.12807923112424766,94.51659451659452,,
840,0.12146707589793171,95.38239538239539,,
841,0.1314433698379804,95.81529581529581,,
842,0.12608678816329866,95.67099567099567,,
843,0.12534825018947088,95.67099567099567,,
844,0.12053957239094407,95.81529581529581,,
845,0.10985403539126398,96.68109668109668,,
846,0.11779281015347953,95.95959595959596,,
847,0.11948876751756127,95.95959595959596,,
848,0.11253587753225715,96.3924963924964,,
849,0.1293974894644561,95.0937950937951,,
850,0.11880396714522726,96.3924963924964,0.8631725411910516,84.41558441558442
851,0.15296393830710847,94.8051948051948,,
852,0.10051817721102661,97.25829725829726,,
853,0.12280986386298876,95.38239538239539,,
854,0.12177988637405385,96.1038961038961,,
855,0.11764855618342693,95.81529581529581,,
856,0.11492501788411133,95.81529581529581,,
857,0.13371656269566148,95.0937950937951,,
858,0.10632147942098533,97.25829725829726,,
859,0.12244748888593732,95.95959595959596,,
860,0.11692155590133062,95.81529581529581,,
861,0.11102017007692895,96.1038961038961,,
862,0.12504317727031303,95.52669552669553,,
863,0.1286028806781356,95.38239538239539,,
864,0.11691579567792612,96.68109668109668,,
865,0.1223002453569812,95.81529581529581,,
866,0.15997484064033365,94.66089466089466,,
867,0.12577410014332802,96.1038961038961,,
868,0.12596595215289969,95.52669552669553,,
869,0.1027494968703987,96.24819624819625,,
870,0.15813454466470092,94.08369408369408,,
871,0.11105251572972424,95.38239538239539,,
872,0.1001076985790272,96.53679653679653,,
873,0.100935287520956,96.68109668109668,,
874,0.14553819161343884,94.22799422799423,,
875,0.137338580931893,94.8051948051948,0.9282303800830594,80.51948051948052
876,0.12374613196474821,94.51659451659452,,
877,0.16063399908023995,94.94949494949495,,
878,0.12375064751114508,95.52669552669553,,
879,0.13477498006470728,95.0937950937951,,
880,0.11604332308920604,95.81529581529581,,
881,0.1378633774720229,94.51659451659452,,
882,0.12406590603517764,95.38239538239539,,
883,0.11270607014497121,96.3924963924964,,
884,0.10547967153516682,95.81529581529581,,
885,0.12928524854744838,95.38239538239539,,
886,0.1227595756236265,95.95959595959596,,
887,0.12959855063825115,94.8051948051948,,
888,0.1079221653777563,96.53679653679653,,
889,0.12482977584192548,96.1038961038961,,
890,0.1336696201674694,96.3924963924964,,
891,0.11642181634644926,95.0937950937951,,
892,0.1293499105936521,95.23809523809524,,
893,0.11648270222768295,95.23809523809524,,
894,0.09840315565316364,97.25829725829726,,
895,0.11264293998329326,95.67099567099567,,
896,0.1255144170911453,96.24819624819625,,
897,0.11606691419153675,96.82539682539682,,
898,0.13221819868679516,94.94949494949495,,
899,0.11236584027436217,96.1038961038961,,
900,0.13013216222516794,94.22799422799423,0.7897407753126962,80.51948051948052
901,0.11050521723205738,97.11399711399712,,
902,0.10934285486243332,95.95959595959596,,
903,0.1401674761551111,94.66089466089466,,
904,0.10636181881500766,96.53679653679653,,
905,0.10954629306239311,95.52669552669553,,
906,0.12637987963231698,95.67099567099567,,
907,0.13101006620718114,95.38239538239539,,
908,0.1323489315840073,94.51659451659452,,
909,0.13408483167596882,95.0937950937951,,
910,0.1142568513428494,96.1038961038961,,
911,0.10579177649076195,95.81529581529581,,
912,0.1044122263961196,96.1038961038961,,
913,0.12893007944968313,94.66089466089466,,
914,0.13546305013253404,95.38239538239539,,
915,0.14572140608859097,94.94949494949495,,
916,0.1083236120555222,96.1038961038961,,
917,0.09155641889675355,96.96969696969697,,
918,0.11942029295524133,94.94949494949495,,
919,0.12373713966362275,95.52669552669553,,
920,0.13061713252060686,96.3924963924964,,
921,0.1193921428609204,95.67099567099567,,
922,0.1028973755210337,96.3924963924964,,
923,0.12500217161309324,96.24819624819625,,
924,0.1071731782576115,97.11399711399712,,
925,0.11191123840634269,96.1038961038961,0.8891823899436306,83.11688311688312
926,0.11005710368548637,95.95959595959596,,
927,0.1274827868176401,94.8051948051948,,
928,0.12336476658931886,95.81529581529581,,
929,0.13120759637088314,95.81529581529581,,
930,0.13447407602425263,96.3924963924964,,
931,0.12162292173500529,94.94949494949495,,
932,0.12370243130996286,94.8051948051948,,
933,0.13334770482382904,95.81529581529581,,
934,0.10005942152606116,97.54689754689754,,
935,0.12299534129072921,94.51659451659452,,
936,0.1265279245905546,96.1038961038961,,
937,0.11424600443443952,95.81529581529581,,
938,0.12056187854496518,95.23809523809524,,
939,0.12403143899351315,95.52669552669553,,
940,0.12809301785920432,95.23809523809524,,
941,0.11032088988959188,96.3924963924964,,
942,0.11739037252564795,95.95959595959596,,
943,0.1310565711877982,96.82539682539682,,
944,0.10819459270583774,96.3924963924964,,
945,0.13777484575993398,95.38239538239539,,
946,0.1488064496118097,94.08369408369408,,
947,0.12060576931050673,95.52669552669553,,
948,0.10855237850422123,95.81529581529581,,
949,0.12409877220187525,95.52669552669553,,
950,0.10362169335221315,95.81529581529581,0.8752266826567712,83.11688311688312
951,0.0977357913233329,96.3924963924964,,
952,0.11082658567029074,96.1038961038961,,
953,0.11932338569125142,96.53679653679653,,
954,0.13622953280978561,94.8051948051948,,
955,0.13570985722671025,94.22799422799423,,
956,0.11066231560526472,96.1038961038961,,
957,0.10750591103121918,96.3924963924964,,
958,0.09790000855428144,96.82539682539682,,
959,0.09975537390032888,96.82539682539682,,
960,0.10011764410426262,96.53679653679653,,
961,0.10095498993627265,96.82539682539682,,
962,0.10961244988006917,96.1038961038961,,
963,0.09376316142374647,96.96969696969697,,
964,0.10951647099005367,95.67099567099567,,
965,0.10621631746469294,96.3924963924964,,
966,0.08985829136158309,96.96969696969697,,
967,0.13387623279856742,95.0937950937951,,
968,0.1196636963060494,95.52669552669553,,
969,0.12544750050919784,95.0937950937951,,
970,0.11390010386834414,95.81529581529581,,
971,0.11875747981203066,96.24819624819625,,
972,0.09713266863558888,96.82539682539682,,
973,0.10460714694827494,96.1038961038961,,
974,0.11499838245035422,95.52669552669553,,
975,0.10599797800677851,96.24819624819625,0.981161308753026,83.11688311688312
976,0.10896562932470402,95.81529581529581,,
977,0.12234147497241803,95.81529581529581,,
978,0.13509577485325533,95.0937950937951,,
979,0.13428977238280432,94.94949494949495,,
980,0.10935771478740512,95.81529581529581,,
981,0.11176352921609926,95.67099567099567,,
982,0.12337017377024088,96.1038961038961,,
983,0.103895586166762,96.53679653679653,,
984,0.118622825904326,95.52669552669553,,
985,0.10095343187257841,96.1038961038961,,
986,0.11437296221223572,95.95959595959596,,
987,0.10161513240650447,96.68109668109668,,
988,0.1016216499819642,96.3924963924964,,
989,0.09571016376131197,97.40259740259741,,
990,0.11993044657796664,95.52669552669553,,
991,0.09819861450655894,96.68109668109668,,
992,0.10211588329572398,96.82539682539682,,
993,0.103392395977076,96.96969696969697,,
994,0.11053126475748218,96.82539682539682,,
995,0.09567395510611595,96.53679653679653,,
996,0.1041482575399019,95.52669552669553,,
997,0.11246369508179752,96.53679653679653,,
998,0.11902743329066907,95.81529581529581,,
999,0.11634555012310221,95.23809523809524,,
1000,0.14848458020804076,95.95959595959596,0.9682303547085106,83.11688311688312
