epoch,train_loss,train_acc,test_loss,test_acc
1,0.6881288548052569,55.98845598845599,0.6859349074301782,55.84415584415584
2,0.6860345643320125,55.98845598845599,,
3,0.6845985775730139,55.98845598845599,,
4,0.6861470913646197,55.98845598845599,,
5,0.6846241800471989,55.98845598845599,,
6,0.6841146183908415,55.98845598845599,,
7,0.6818245112637937,55.98845598845599,,
8,0.6781960121136895,55.98845598845599,,
9,0.6737391348353023,55.98845598845599,,
10,0.6700311900905372,56.42135642135642,,
11,0.6657616201073232,57.287157287157285,,
12,0.6636099636468709,60.02886002886003,,
13,0.655128437891323,57.43145743145743,,
14,0.6467818373553509,58.58585858585859,,
15,0.6388741625851883,61.18326118326118,,
16,0.6359167389711432,63.2034632034632,,
17,0.6287190718912287,65.51226551226551,,
18,0.6200586910887714,66.66666666666667,,
19,0.6057803887137431,66.08946608946609,,
20,0.6000598290609935,68.54256854256855,,
21,0.590430528011501,70.70707070707071,,
22,0.5866646985126952,69.98556998556998,,
23,0.5715852973265049,72.87157287157287,,
24,0.5549116753912592,73.16017316017316,,
25,0.5727422462741362,70.85137085137085,0.564746929453565,75.32467532467533
26,0.5462522634008058,73.01587301587301,,
27,0.535369638584737,73.01587301587301,,
28,0.5335772353591341,73.3044733044733,,
29,0.5316741209353547,74.74747474747475,,
30,0.5242667469111356,73.16017316017316,,
31,0.5217460912543458,73.73737373737374,,
32,0.5111124720236268,74.45887445887446,,
33,0.5116955317546107,75.32467532467533,,
34,0.5119734876943701,75.32467532467533,,
35,0.48737633804566244,76.76767676767676,,
36,0.5004053244859109,77.63347763347764,,
37,0.48762508500017987,76.47907647907648,,
38,0.5046874967230347,76.19047619047619,,
39,0.47752816783745394,76.76767676767676,,
40,0.47579142077144604,78.64357864357865,,
41,0.49212965377825507,75.32467532467533,,
42,0.4806780329600385,77.4891774891775,,
43,0.4785878531860583,75.18037518037518,,
44,0.47107870470393787,79.65367965367966,,
45,0.47026019699301724,78.21067821067821,,
46,0.45497691816237756,77.92207792207792,,
47,0.45224272151186007,78.4992784992785,,
48,0.45326874937329975,79.50937950937951,,
49,0.45291065997719593,77.92207792207792,,
50,0.4490352081185984,78.35497835497836,0.4901136097969947,77.92207792207792
51,0.45023486581543654,79.07647907647907,,
52,0.4542251876508347,77.05627705627705,,
53,0.45243445688167866,78.64357864357865,,
54,0.45854731641634544,78.64357864357865,,
55,0.43815894143233913,80.37518037518038,,
56,0.45175750529955305,79.07647907647907,,
57,0.4433061657701908,80.08658008658008,,
58,0.4434117803841958,79.79797979797979,,
59,0.42740895307769333,81.52958152958153,,
60,0.4374000747912546,78.64357864357865,,
61,0.41966927008539395,78.93217893217893,,
62,0.4452395414635216,78.78787878787878,,
63,0.419470478359927,80.23088023088023,,
64,0.4374066378819134,79.65367965367966,,
65,0.44926821245861603,80.08658008658008,,
66,0.4199412041928345,81.81818181818181,,
67,0.4216824203170567,81.81818181818181,,
68,0.4098415147690546,80.95238095238095,,
69,0.39835030982246644,82.25108225108225,,
70,0.41602984212693717,79.22077922077922,,
71,0.43030661185410457,79.07647907647907,,
72,0.4166291147943527,81.38528138528139,,
73,0.41898776756392586,83.11688311688312,,
74,0.4088629430420643,81.67388167388168,,
75,0.3964415429883017,80.95238095238095,0.46438970349051734,81.81818181818181
76,0.39316909877424805,82.25108225108225,,
77,0.38323637206661065,80.51948051948052,,
78,0.413526560665037,81.52958152958153,,
79,0.42778762224604727,80.51948051948052,,
80,0.4129950569735633,80.8080808080808,,
81,0.3931739412430905,82.25108225108225,,
82,0.40730757482382124,80.95238095238095,,
83,0.3864951961140268,82.68398268398268,,
84,0.4036889204817245,82.25108225108225,,
85,0.395464135798885,82.3953823953824,,
86,0.4054292203888061,81.38528138528139,,
87,0.40003503534356927,81.38528138528139,,
88,0.40351486515689206,81.24098124098124,,
89,0.3966168005229075,82.68398268398268,,
90,0.37342527528087816,83.40548340548341,,
91,0.41532449082378703,79.79797979797979,,
92,0.37859598090294294,83.26118326118326,,
93,0.39003077841768363,82.25108225108225,,
94,0.3770701488719186,83.98268398268398,,
95,0.37530700413007584,82.3953823953824,,
96,0.3937612258510672,82.3953823953824,,
97,0.38139502775101436,83.26118326118326,,
98,0.37399988080688024,83.26118326118326,,
99,0.38703805956489595,81.52958152958153,,
100,0.3670994986875405,83.11688311688312,0.4807309732808695,79.22077922077922
101,0.40158587737172885,80.51948051948052,,
102,0.3728169879700026,83.54978354978356,,
103,0.3922465993427439,81.24098124098124,,
104,0.3792737794214857,82.82828282828282,,
105,0.37318309545947015,83.40548340548341,,
106,0.3680233435025291,84.12698412698413,,
107,0.37590734744484805,82.68398268398268,,
108,0.38268139764860076,83.11688311688312,,
109,0.3619278794931299,85.13708513708514,,
110,0.36963811998415474,83.26118326118326,,
111,0.3678927591008713,82.53968253968254,,
112,0.3630235604350529,83.26118326118326,,
113,0.35940409472150375,82.97258297258297,,
114,0.3804997394202764,82.68398268398268,,
115,0.3514504949918385,83.54978354978356,,
116,0.37812130108024133,82.53968253968254,,
117,0.35242293570808864,84.84848484848484,,
118,0.38625090652041966,82.53968253968254,,
119,0.3731579224956672,83.40548340548341,,
120,0.35222972145715314,84.41558441558442,,
121,0.3700464647397678,83.69408369408369,,
122,0.34712439771166437,83.98268398268398,,
123,0.3608767053523621,86.002886002886,,
124,0.36102090773816403,84.55988455988457,,
125,0.3687147025938158,83.69408369408369,0.483319130036738,84.41558441558442
126,0.3540473193747313,83.54978354978356,,
127,0.3711272950296278,82.82828282828282,,
128,0.362801309959885,84.41558441558442,,
129,0.362947049820836,84.41558441558442,,
130,0.3489344593508419,86.2914862914863,,
131,0.3536480665206909,84.84848484848484,,
132,0.3656847567269296,82.53968253968254,,
133,0.354253221190337,82.97258297258297,,
134,0.32305566130090413,85.13708513708514,,
135,0.3539038629715921,84.41558441558442,,
136,0.3390928905935687,85.56998556998558,,
137,0.3509598188801073,84.27128427128427,,
138,0.3675546824158012,83.54978354978356,,
139,0.36172944874990554,84.84848484848484,,
140,0.3570120083477246,84.7041847041847,,
141,0.3529178612848037,83.69408369408369,,
142,0.34820106526645916,84.27128427128427,,
143,0.3495375275783897,85.85858585858585,,
144,0.339063321109888,85.85858585858585,,
145,0.34625158096632747,83.11688311688312,,
146,0.3518511233004657,84.41558441558442,,
147,0.3516359442326242,85.42568542568543,,
148,0.33759766610669883,84.12698412698413,,
149,0.34576259486775035,84.99278499278499,,
150,0.34493342209688,84.99278499278499,0.4977778649175322,80.51948051948052
151,0.33862192677213,85.28138528138528,,
152,0.35803079482538874,84.12698412698413,,
153,0.3350634313044696,84.41558441558442,,
154,0.3367766064697874,84.41558441558442,,
155,0.3401918538979122,84.7041847041847,,
156,0.3246898799489587,86.2914862914863,,
157,0.34463351840236656,83.98268398268398,,
158,0.34550504939036625,85.71428571428571,,
159,0.35727544957812213,84.12698412698413,,
160,0.3544179273159129,82.82828282828282,,
161,0.323494508840993,86.43578643578644,,
162,0.32657999738857346,84.84848484848484,,
163,0.3222816631219432,85.71428571428571,,
164,0.333278678239338,84.41558441558442,,
165,0.3287757814876617,86.14718614718615,,
166,0.3389742811778923,84.84848484848484,,
167,0.3493451763369132,84.27128427128427,,
168,0.3353030115236968,84.55988455988457,,
169,0.3412812900491607,85.13708513708514,,
170,0.34792982925584304,83.98268398268398,,
171,0.3420539882792023,85.71428571428571,,
172,0.34725590688841684,84.55988455988457,,
173,0.33360752927792536,84.12698412698413,,
174,0.3242347460632544,85.71428571428571,,
175,0.3430969763713826,84.84848484848484,0.5167903532455493,81.81818181818181
176,0.32523017731450854,86.2914862914863,,
177,0.3393178878064451,85.42568542568543,,
178,0.3353619674841563,86.14718614718615,,
179,0.33293840972892136,83.98268398268398,,
180,0.33209537819006396,83.98268398268398,,
181,0.3102709696793453,86.72438672438672,,
182,0.3284800995522935,86.43578643578644,,
183,0.30717752050355746,86.14718614718615,,
184,0.3341698241870297,83.98268398268398,,
185,0.31874805086790914,87.44588744588745,,
186,0.3120824138581495,86.2914862914863,,
187,0.3313536113302773,85.28138528138528,,
188,0.3051727362955459,86.72438672438672,,
189,0.31637499362101285,86.14718614718615,,
190,0.335549184060716,84.12698412698413,,
191,0.3016577678669411,86.72438672438672,,
192,0.3068079524398022,86.002886002886,,
193,0.3334302135016151,86.14718614718615,,
194,0.32579122404171446,86.14718614718615,,
195,0.3034985868359713,86.86868686868686,,
196,0.3151681697772867,86.002886002886,,
197,0.3120541160584872,85.56998556998558,,
198,0.30019613881131785,86.58008658008659,,
199,0.3132947540558434,86.43578643578644,,
200,0.3199410801498061,86.2914862914863,0.5481680480690746,81.81818181818181
201,0.33306680467049626,83.83838383838383,,
202,0.3115208787147445,86.002886002886,,
203,0.29626837858734023,86.43578643578644,,
204,0.3202697385269154,84.99278499278499,,
205,0.3133223107646382,86.14718614718615,,
206,0.31598368850449293,86.43578643578644,,
207,0.3034817732085741,87.01298701298701,,
208,0.32589454782258553,85.56998556998558,,
209,0.30979132656583197,87.01298701298701,,
210,0.3056047163140378,86.43578643578644,,
211,0.31780625890515757,87.15728715728716,,
212,0.31013858404338446,86.86868686868686,,
213,0.3201814514906031,85.71428571428571,,
214,0.32217556186568685,86.43578643578644,,
215,0.30636888475817176,86.43578643578644,,
216,0.29754470391965016,86.002886002886,,
217,0.2986212837231624,86.72438672438672,,
218,0.3145492035374153,85.42568542568543,,
219,0.2941050948131652,87.44588744588745,,
220,0.3192872635127834,85.85858585858585,,
221,0.3125177788700032,86.58008658008659,,
222,0.3077564944780578,86.14718614718615,,
223,0.3040333411523274,87.5901875901876,,
224,0.31519980459846286,86.72438672438672,,
225,0.299022893325935,88.74458874458874,0.5378516250616544,84.41558441558442
226,0.29185624870042953,87.15728715728716,,
227,0.3107246659362815,87.01298701298701,,
228,0.3095310861822675,86.14718614718615,,
229,0.3224349617743045,85.56998556998558,,
230,0.30934891360576705,86.43578643578644,,
231,0.3083500315315624,86.86868686868686,,
232,0.2922552556530566,88.02308802308802,,
233,0.301152840149179,86.002886002886,,
234,0.2999946207324148,88.02308802308802,,
235,0.3156114070962518,85.56998556998558,,
236,0.30594906086185447,87.44588744588745,,
237,0.2735294303809754,88.16738816738817,,
238,0.27838277627551367,86.58008658008659,,
239,0.3126112378456376,85.13708513708514,,
240,0.2754405933025079,88.02308802308802,,
241,0.28177262212634946,87.5901875901876,,
242,0.31010673942331973,87.87878787878788,,
243,0.2965565122567214,87.5901875901876,,
244,0.30336269306242036,86.72438672438672,,
245,0.2913231457681711,87.15728715728716,,
246,0.2957304072758508,87.73448773448773,,
247,0.28098952671322125,87.5901875901876,,
248,0.2798824008409079,87.44588744588745,,
249,0.30372333249230404,87.01298701298701,,
250,0.2963988609816261,86.86868686868686,0.6618539396818582,79.22077922077922
251,0.2851147781761866,88.45598845598846,,
252,0.29310161157001835,87.73448773448773,,
253,0.296902197177964,87.44588744588745,,
254,0.29346357105893833,88.74458874458874,,
255,0.2889695970656036,87.5901875901876,,
256,0.295415860620928,87.15728715728716,,
257,0.28814298950920547,88.02308802308802,,
258,0.27563655189363473,88.74458874458874,,
259,0.30180824568433334,87.01298701298701,,
260,0.3145650413000222,85.56998556998558,,
261,0.27788747440684924,88.02308802308802,,
262,0.28480216142591114,87.87878787878788,,
263,0.2941113865005678,88.16738816738817,,
264,0.2713966410483461,89.03318903318903,,
265,0.31258339158556336,87.15728715728716,,
266,0.2760880145675692,87.44588744588745,,
267,0.2814613419005709,88.02308802308802,,
268,0.27990266189925256,86.58008658008659,,
269,0.27581356169083415,87.87878787878788,,
270,0.27882932449058023,88.31168831168831,,
271,0.2864718038540382,87.5901875901876,,
272,0.26157668688768604,88.60028860028861,,
273,0.2915818715336347,88.02308802308802,,
274,0.2968533155205962,88.02308802308802,,
275,0.2877300415204201,87.5901875901876,0.6239937706427141,80.51948051948052
276,0.2602141878122805,88.45598845598846,,
277,0.2791505032481053,88.02308802308802,,
278,0.3006036252127409,87.15728715728716,,
279,0.27983698452060873,87.3015873015873,,
280,0.28767981020059075,87.15728715728716,,
281,0.2673387694431934,89.6103896103896,,
282,0.2793064747451876,87.15728715728716,,
283,0.29381671883327104,86.58008658008659,,
284,0.2667983410420356,89.17748917748918,,
285,0.2726419878556443,89.32178932178932,,
286,0.28690087292101474,86.86868686868686,,
287,0.2714164795469584,87.87878787878788,,
288,0.30640498567023144,88.02308802308802,,
289,0.29145378405483596,87.3015873015873,,
290,0.2823025856871281,87.73448773448773,,
291,0.26426924909176075,89.6103896103896,,
292,0.27820953656885705,87.15728715728716,,
293,0.27632608063637265,89.17748917748918,,
294,0.2747985707733022,88.60028860028861,,
295,0.2763424702149965,89.6103896103896,,
296,0.2671717938686174,88.31168831168831,,
297,0.2869403119727131,88.02308802308802,,
298,0.28014535042974686,88.88888888888889,,
299,0.2449009624588025,89.6103896103896,,
300,0.26310196331827157,87.5901875901876,0.6038148074181049,83.11688311688312
301,0.25167317664812483,89.75468975468975,,
302,0.2718832567011639,89.03318903318903,,
303,0.26978295394266494,88.02308802308802,,
304,0.28637055887116325,86.86868686868686,,
305,0.2580582060855188,89.75468975468975,,
306,0.2646584900856706,89.03318903318903,,
307,0.26902313020838287,88.60028860028861,,
308,0.29772749809819726,86.72438672438672,,
309,0.29661262301999597,86.58008658008659,,
310,0.2691517696322129,89.6103896103896,,
311,0.25728392360186336,88.16738816738817,,
312,0.2539717997780438,89.46608946608947,,
313,0.24864338469539715,89.6103896103896,,
314,0.2997500577358284,86.2914862914863,,
315,0.26862844794687596,88.16738816738817,,
316,0.2791107686352076,88.31168831168831,,
317,0.25835059415468403,88.88888888888889,,
318,0.2643072617819471,88.60028860028861,,
319,0.24605555374384958,89.32178932178932,,
320,0.2757966236075626,88.45598845598846,,
321,0.27119867228412353,89.46608946608947,,
322,0.2793422099229749,87.3015873015873,,
323,0.2830704347395794,88.16738816738817,,
324,0.2714889160482398,87.5901875901876,,
325,0.2708037628067864,89.6103896103896,0.6078723734849459,83.11688311688312
326,0.2717991527089309,87.3015873015873,,
327,0.2619178443932086,89.8989898989899,,
328,0.25775729096125044,88.74458874458874,,
329,0.24933960233931934,89.17748917748918,,
330,0.2758627530042227,88.16738816738817,,
331,0.2603932846160162,88.02308802308802,,
332,0.2659188921403403,88.60028860028861,,
333,0.25855450699855753,89.17748917748918,,
334,0.26614023089236855,88.02308802308802,,
335,0.24260354760233285,90.9090909090909,,
336,0.2724924250942632,88.60028860028861,,
337,0.24329607969238645,88.88888888888889,,
338,0.25401245575790626,89.17748917748918,,
339,0.260248741352713,88.02308802308802,,
340,0.2577012096347575,88.45598845598846,,
341,0.28506259549231755,87.44588744588745,,
342,0.256664312677122,89.03318903318903,,
343,0.2615971013710096,89.32178932178932,,
344,0.25695760128818035,89.03318903318903,,
345,0.2679297483672655,88.31168831168831,,
346,0.2519001335464687,89.6103896103896,,
347,0.2684822257549044,88.60028860028861,,
348,0.2513050687261474,90.62049062049061,,
349,0.25841494446451013,88.60028860028861,,
350,0.2521133932498691,90.18759018759019,0.6455991299121411,84.41558441558442
351,0.25623910922508736,88.74458874458874,,
352,0.2534595929613017,90.47619047619048,,
353,0.23936545840245477,88.74458874458874,,
354,0.2574457273553804,88.02308802308802,,
355,0.24348009802390314,90.04329004329004,,
356,0.2447552795577015,89.46608946608947,,
357,0.2530402104231874,88.16738816738817,,
358,0.2607640710055914,88.02308802308802,,
359,0.2670284231847843,88.60028860028861,,
360,0.24479521137983423,89.32178932178932,,
361,0.26582728741316913,89.32178932178932,,
362,0.2582262984730981,89.03318903318903,,
363,0.2388948438014475,90.18759018759019,,
364,0.2307544094530535,91.1976911976912,,
365,0.2434306028816435,90.18759018759019,,
366,0.23603493173057039,91.1976911976912,,
367,0.23987968573494564,89.46608946608947,,
368,0.24217893009599498,89.32178932178932,,
369,0.24772201704256464,89.03318903318903,,
370,0.2372438506832048,89.75468975468975,,
371,0.24657650689714056,90.04329004329004,,
372,0.26635416211159885,86.86868686868686,,
373,0.24091803702871176,89.6103896103896,,
374,0.25296409541544806,89.32178932178932,,
375,0.23145570418922415,90.9090909090909,0.725184807142654,79.22077922077922
376,0.2377510593309031,89.75468975468975,,
377,0.2603088689357859,87.87878787878788,,
378,0.2590734682181611,89.46608946608947,,
379,0.23401246760658714,90.18759018759019,,
380,0.24880259493728737,90.04329004329004,,
381,0.24483386873338817,89.32178932178932,,
382,0.23683333014168953,90.04329004329004,,
383,0.22197153772433081,91.1976911976912,,
384,0.23142655333571277,90.47619047619048,,
385,0.26098290849127637,89.03318903318903,,
386,0.23845996280855258,90.18759018759019,,
387,0.2764525777333743,88.02308802308802,,
388,0.2406466615750504,91.34199134199135,,
389,0.2410111351833715,90.47619047619048,,
390,0.25028866959512663,88.60028860028861,,
391,0.23939117177525296,90.33189033189034,,
392,0.23249766342395656,90.04329004329004,,
393,0.2238863953705044,89.8989898989899,,
394,0.2307245202394791,90.47619047619048,,
395,0.22721890632122282,90.62049062049061,,
396,0.22232813846110266,92.64069264069263,,
397,0.21580875435948887,90.9090909090909,,
398,0.22374706941658112,90.33189033189034,,
399,0.23887492380875014,91.48629148629149,,
400,0.23937801066329126,89.6103896103896,0.7023523604715025,81.81818181818181
401,0.22756203703722053,89.17748917748918,,
402,0.24372963662948702,89.17748917748918,,
403,0.24610750258915007,88.88888888888889,,
404,0.23569639811956178,90.04329004329004,,
405,0.2340719313891591,90.47619047619048,,
406,0.244948484363709,89.46608946608947,,
407,0.21795975261006348,90.62049062049061,,
408,0.21155138833590745,91.77489177489177,,
409,0.24023533959753413,90.47619047619048,,
410,0.23168040646447075,90.33189033189034,,
411,0.245309798925857,88.45598845598846,,
412,0.22753264979710655,90.18759018759019,,
413,0.24998716850634692,89.6103896103896,,
414,0.2665053525184312,87.87878787878788,,
415,0.2441329001778304,89.8989898989899,,
416,0.2353138600248967,89.17748917748918,,
417,0.2509026150897812,89.03318903318903,,
418,0.24546774718668554,90.04329004329004,,
419,0.22205133308235872,91.34199134199135,,
420,0.22535611966471653,91.34199134199135,,
421,0.23566804273648007,91.34199134199135,,
422,0.26118914761498546,89.17748917748918,,
423,0.22785387375267038,90.04329004329004,,
424,0.22679418387781147,90.9090909090909,,
425,0.23307320888424332,90.76479076479076,0.7009848820698725,81.81818181818181
426,0.23581236295541816,90.47619047619048,,
427,0.23928475117614603,89.75468975468975,,
428,0.2442037005187113,88.60028860028861,,
429,0.24188479720944106,90.47619047619048,,
430,0.23080675609270043,90.04329004329004,,
431,0.2204290722291191,91.77489177489177,,
432,0.23373303181810295,90.9090909090909,,
433,0.205354980253554,92.20779220779221,,
434,0.2500530838332049,88.74458874458874,,
435,0.2124440800317954,91.48629148629149,,
436,0.22638243600231572,89.6103896103896,,
437,0.23823203520599381,90.04329004329004,,
438,0.23256901635494068,90.76479076479076,,
439,0.22054894256148846,90.04329004329004,,
440,0.19820179658018666,91.63059163059162,,
441,0.20461547624153148,91.63059163059162,,
442,0.23151586349908407,89.6103896103896,,
443,0.24721424683691964,90.33189033189034,,
444,0.22192834139214276,91.48629148629149,,
445,0.21435266068476705,91.34199134199135,,
446,0.23161976327541758,89.75468975468975,,
447,0.22877290728804353,90.18759018759019,,
448,0.23698793887059927,88.60028860028861,,
449,0.21964855477063341,91.91919191919192,,
450,0.23999859484565722,89.8989898989899,0.6898258309085648,83.11688311688312
451,0.21871266178625487,90.76479076479076,,
452,0.21985090729306098,90.47619047619048,,
453,0.20476935909251975,92.78499278499278,,
454,0.22241167021004152,90.62049062049061,,
455,0.23920889071915916,90.18759018759019,,
456,0.2061949632363058,91.63059163059162,,
457,0.2371421167667294,89.46608946608947,,
458,0.21076264771032127,90.9090909090909,,
459,0.2565293971121225,90.33189033189034,,
460,0.20672278424448093,91.34199134199135,,
461,0.2124286609638649,90.76479076479076,,
462,0.2119606403475372,90.76479076479076,,
463,0.2531623353947809,88.60028860028861,,
464,0.22180680479064133,91.1976911976912,,
465,0.22747621091665945,90.04329004329004,,
466,0.21799017095462583,90.76479076479076,,
467,0.19587820927474062,92.35209235209236,,
468,0.22746498404610982,90.18759018759019,,
469,0.22468672260577544,89.75468975468975,,
470,0.21991387613838026,91.48629148629149,,
471,0.23895905922673655,89.17748917748918,,
472,0.22513880697851746,91.05339105339105,,
473,0.2089996234141559,91.63059163059162,,
474,0.24125860160563414,90.04329004329004,,
475,0.20888517644863797,91.48629148629149,0.7627579275663797,80.51948051948052
476,0.21794915121871156,91.77489177489177,,
477,0.21830726319770793,90.47619047619048,,
478,0.21694006582703254,90.62049062049061,,
479,0.2071887869253475,91.1976911976912,,
480,0.20283713570996195,92.20779220779221,,
481,0.19903740454545785,90.76479076479076,,
482,0.21079072326120704,91.1976911976912,,
483,0.21088425911866227,90.33189033189034,,
484,0.20159772070713375,91.1976911976912,,
485,0.21466748450827633,91.48629148629149,,
486,0.20896260259729443,91.91919191919192,,
487,0.2201680713487738,89.75468975468975,,
488,0.21895474328795209,89.8989898989899,,
489,0.21690729019617794,91.91919191919192,,
490,0.20543554932696134,91.1976911976912,,
491,0.20513050953224624,91.34199134199135,,
492,0.21448623531996602,90.9090909090909,,
493,0.21248074230424854,91.34199134199135,,
494,0.2082551403500645,91.63059163059162,,
495,0.21075622805677796,91.05339105339105,,
496,0.23180025729954157,89.75468975468975,,
497,0.205358027207731,91.91919191919192,,
498,0.20103548766042592,92.06349206349206,,
499,0.20661857945395667,90.9090909090909,,
500,0.19308780997045458,92.06349206349206,0.7789226344653538,80.51948051948052
501,0.22279118683087018,92.4963924963925,,
502,0.21809386336184167,90.18759018759019,,
503,0.19704069872353155,91.77489177489177,,
504,0.20092402243769014,91.77489177489177,,
505,0.23581477756441327,88.88888888888889,,
506,0.19197645630757357,92.20779220779221,,
507,0.20085352626971867,91.63059163059162,,
508,0.2266327345698083,90.76479076479076,,
509,0.2130637838468923,90.9090909090909,,
510,0.2320897225263659,91.05339105339105,,
511,0.19971725489883072,91.91919191919192,,
512,0.2254420800986572,89.8989898989899,,
513,0.1953458156958115,92.78499278499278,,
514,0.20072161641729858,91.77489177489177,,
515,0.20608432902746215,92.20779220779221,,
516,0.2170133064749609,90.62049062049061,,
517,0.22101215426884,89.75468975468975,,
518,0.1953300734361013,92.20779220779221,,
519,0.20685536484805192,91.91919191919192,,
520,0.18534709881953518,92.4963924963925,,
521,0.24604752268454042,90.47619047619048,,
522,0.22073680540871998,91.05339105339105,,
523,0.1928389434948628,92.35209235209236,,
524,0.19705523419345783,92.06349206349206,,
525,0.17918780059009404,92.4963924963925,0.782684828553881,79.22077922077922
526,0.23076595834753386,89.8989898989899,,
527,0.20400559990350992,92.35209235209236,,
528,0.19327944149444629,93.21789321789322,,
529,0.2186695857761054,90.76479076479076,,
530,0.19525532766338036,92.92929292929293,,
531,0.21941638395894442,91.1976911976912,,
532,0.19601632411689812,91.91919191919192,,
533,0.18950181340994945,93.21789321789322,,
534,0.18113534163258982,91.05339105339105,,
535,0.21441699067751566,91.05339105339105,,
536,0.22923393259402822,91.34199134199135,,
537,0.19530098512231187,92.4963924963925,,
538,0.19282319367706002,92.64069264069263,,
539,0.17772404714064163,92.4963924963925,,
540,0.1849442675688222,92.4963924963925,,
541,0.19674660297968086,91.34199134199135,,
542,0.2339944195373234,90.04329004329004,,
543,0.18858877467300642,92.4963924963925,,
544,0.19343533505609026,91.1976911976912,,
545,0.19768648739759023,91.63059163059162,,
546,0.17868084905058962,92.35209235209236,,
547,0.20354095045450274,91.34199134199135,,
548,0.2014152586814903,91.77489177489177,,
549,0.17806467255859665,92.35209235209236,,
550,0.19429750132010268,93.36219336219337,0.8169232885558884,81.81818181818181
551,0.19395760042541815,92.06349206349206,,
552,0.19744127859800925,93.36219336219337,,
553,0.20749006943957285,91.63059163059162,,
554,0.20248155381589655,91.63059163059162,,
555,0.22482438340331568,90.9090909090909,,
556,0.18681689800122084,92.35209235209236,,
557,0.20005267060766316,92.92929292929293,,
558,0.20987674970217426,91.1976911976912,,
559,0.18236331377194556,92.20779220779221,,
560,0.19400079709626897,91.63059163059162,,
561,0.19893420052218747,91.63059163059162,,
562,0.18821898544634574,92.06349206349206,,
563,0.19059272835092972,92.4963924963925,,
564,0.2210801766935365,91.34199134199135,,
565,0.18173131574627985,92.20779220779221,,
566,0.18222962820856775,93.21789321789322,,
567,0.17840896802719194,92.06349206349206,,
568,0.18772853831364134,92.78499278499278,,
569,0.20592885250481005,92.06349206349206,,
570,0.1966887323715298,92.35209235209236,,
571,0.1834633903413968,91.91919191919192,,
572,0.18167925415316014,92.64069264069263,,
573,0.21363062372842392,90.33189033189034,,
574,0.1863745960902858,92.78499278499278,,
575,0.21961332558725474,90.9090909090909,0.8195374886710922,79.22077922077922
576,0.21210849930197645,91.91919191919192,,
577,0.2009025388471191,92.92929292929293,,
578,0.1893779261979781,90.62049062049061,,
579,0.20169922644957836,91.1976911976912,,
580,0.16408366178569597,93.65079365079364,,
581,0.17376496370822664,92.64069264069263,,
582,0.18413646035380177,92.20779220779221,,
583,0.1712987507286268,92.92929292929293,,
584,0.21714957615341804,91.1976911976912,,
585,0.19001394419959097,92.20779220779221,,
586,0.18501613778297346,92.35209235209236,,
587,0.20875756433945886,91.34199134199135,,
588,0.20043849317735923,92.4963924963925,,
589,0.1751752636324168,93.21789321789322,,
590,0.17463595109412508,92.4963924963925,,
591,0.18932831136867254,92.64069264069263,,
592,0.18617332865407457,93.50649350649351,,
593,0.2059432233308817,92.06349206349206,,
594,0.1690094047756852,93.07359307359307,,
595,0.17116355060627966,93.50649350649351,,
596,0.1898526040270043,92.92929292929293,,
597,0.183122118733404,92.92929292929293,,
598,0.18910988192860181,92.64069264069263,,
599,0.1975397892500587,92.64069264069263,,
600,0.17346568936737414,92.92929292929293,0.89057174286285,79.22077922077922
601,0.17343192799137785,93.36219336219337,,
602,0.1858503906456767,93.07359307359307,,
603,0.19718754788239798,92.4963924963925,,
604,0.18508062236451828,92.06349206349206,,
605,0.17353583456246885,93.50649350649351,,
606,0.17330163718345018,92.4963924963925,,
607,0.1713033180366691,92.78499278499278,,
608,0.19027405608483036,92.35209235209236,,
609,0.17553938733357372,92.35209235209236,,
610,0.18672152259219088,92.06349206349206,,
611,0.1927919573598094,90.76479076479076,,
612,0.20715181338150607,92.06349206349206,,
613,0.17607035949116662,92.64069264069263,,
614,0.18501039318106047,92.35209235209236,,
615,0.18367527502697784,91.91919191919192,,
616,0.1796141615161648,91.77489177489177,,
617,0.17783942349889406,92.35209235209236,,
618,0.16552188540949966,92.78499278499278,,
619,0.1720261074505843,92.06349206349206,,
620,0.17723736154052602,93.50649350649351,,
621,0.19745097402886394,92.06349206349206,,
622,0.16059039730960328,94.22799422799423,,
623,0.1711077405432774,92.78499278499278,,
624,0.17724450391651403,91.48629148629149,,
625,0.1822818664089383,92.4963924963925,0.8715220782663915,76.62337662337663
626,0.1688463350309094,91.77489177489177,,
627,0.17145248434222793,92.92929292929293,,
628,0.1823538121206936,93.50649350649351,,
629,0.1746237034470497,93.36219336219337,,
630,0.1694984676324444,92.35209235209236,,
631,0.16337027066369766,94.22799422799423,,
632,0.17302653948207955,92.35209235209236,,
633,0.16471380087806378,93.36219336219337,,
634,0.19882189401278935,93.50649350649351,,
635,0.1759085656932594,94.08369408369408,,
636,0.18553261387915837,92.64069264069263,,
637,0.18396458455494472,93.36219336219337,,
638,0.18787641988860238,91.91919191919192,,
639,0.158509949652255,94.8051948051948,,
640,0.1724497326212958,92.64069264069263,,
641,0.19467948437339128,92.06349206349206,,
642,0.17606956441315566,92.92929292929293,,
643,0.18528303938338594,93.07359307359307,,
644,0.1970735060596707,92.4963924963925,,
645,0.18284162294124973,92.64069264069263,,
646,0.163580236744141,93.36219336219337,,
647,0.1803142563433186,92.64069264069263,,
648,0.16235602913343067,94.51659451659452,,
649,0.1555636709859705,93.93939393939394,,
650,0.18922977095730548,91.48629148629149,0.9379250925856751,79.22077922077922
651,0.18042170578912223,93.21789321789322,,
652,0.16386442447637584,93.93939393939394,,
653,0.18955126447767062,93.36219336219337,,
654,0.17930891176666877,92.35209235209236,,
655,0.17841127480435337,93.07359307359307,,
656,0.17721966262718644,92.64069264069263,,
657,0.17080915107527508,93.79509379509379,,
658,0.16808422178589078,92.64069264069263,,
659,0.1875949850706397,91.63059163059162,,
660,0.17149435536341923,93.21789321789322,,
661,0.18732898653327645,91.48629148629149,,
662,0.17824855575829873,93.21789321789322,,
663,0.17683724493519395,92.20779220779221,,
664,0.1840348323702296,93.36219336219337,,
665,0.1512821845140464,93.79509379509379,,
666,0.17306114257209831,92.78499278499278,,
667,0.17148177435387782,94.22799422799423,,
668,0.1764335824179357,92.4963924963925,,
669,0.18668463658460807,91.63059163059162,,
670,0.15817852482780234,93.07359307359307,,
671,0.1653055181621989,92.78499278499278,,
672,0.17174750841175668,93.93939393939394,,
673,0.16747724313240547,93.07359307359307,,
674,0.1702133740955617,93.36219336219337,,
675,0.1704081426150183,93.21789321789322,0.855042521829729,79.22077922077922
676,0.16550373213975805,93.79509379509379,,
677,0.18815797537264198,92.20779220779221,,
678,0.17586104272935985,92.20779220779221,,
679,0.1773813786186697,92.78499278499278,,
680,0.1680678099952907,92.92929292929293,,
681,0.15505204752926185,93.36219336219337,,
682,0.16066550672011287,93.07359307359307,,
683,0.1512027775645686,94.22799422799423,,
684,0.15963776889129463,93.07359307359307,,
685,0.18023752757653186,92.4963924963925,,
686,0.15130337387925447,94.37229437229438,,
687,0.16429495579236514,93.21789321789322,,
688,0.17281576986780758,92.92929292929293,,
689,0.16346604148030797,94.37229437229438,,
690,0.17052363592480857,92.64069264069263,,
691,0.167529099495896,93.50649350649351,,
692,0.1726756224578077,92.78499278499278,,
693,0.17023824411209185,92.78499278499278,,
694,0.15969016170733935,93.93939393939394,,
695,0.1561287512940934,94.08369408369408,,
696,0.15932182397311728,93.93939393939394,,
697,0.1627721039505748,92.92929292929293,,
698,0.1608418126040895,93.93939393939394,,
699,0.16820093004024905,93.65079365079364,,
700,0.15556743343778676,93.79509379509379,0.9225723789883898,77.92207792207792
701,0.15680517666955704,92.92929292929293,,
702,0.16353738722949146,92.78499278499278,,
703,0.1564810338012154,93.93939393939394,,
704,0.15870511351209698,93.93939393939394,,
705,0.16016408711306288,94.22799422799423,,
706,0.16872133394168398,93.21789321789322,,
707,0.17730455483816576,92.35209235209236,,
708,0.16320124206174846,93.21789321789322,,
709,0.16300314539858016,93.79509379509379,,
710,0.15113990957086737,93.93939393939394,,
711,0.16749029951694208,92.4963924963925,,
712,0.16181071825368493,93.36219336219337,,
713,0.16989005286069142,92.35209235209236,,
714,0.16683573986458744,93.65079365079364,,
715,0.15757857514666274,93.07359307359307,,
716,0.1624591082581796,94.51659451659452,,
717,0.16318107287777106,93.07359307359307,,
718,0.1643794538590299,93.36219336219337,,
719,0.1765843504974464,92.35209235209236,,
720,0.16376990506702344,93.36219336219337,,
721,0.1684569571097348,93.50649350649351,,
722,0.16020239280028778,93.50649350649351,,
723,0.15382033127425898,93.50649350649351,,
724,0.1652619931443687,93.07359307359307,,
725,0.17449146119977144,91.77489177489177,0.9743440662111554,76.62337662337663
726,0.1704129021921199,93.65079365079364,,
727,0.15139572069984236,94.37229437229438,,
728,0.17206883757317393,92.64069264069263,,
729,0.1750781298339539,92.4963924963925,,
730,0.16344299198573115,93.50649350649351,,
731,0.15347712221427742,93.93939393939394,,
732,0.190189198390574,93.07359307359307,,
733,0.1547267430100434,93.65079365079364,,
734,0.17844598412427723,92.06349206349206,,
735,0.14415522220760885,93.93939393939394,,
736,0.1907399409540632,91.77489177489177,,
737,0.1667796846420046,92.4963924963925,,
738,0.17803498995080483,92.92929292929293,,
739,0.16450568914133248,93.50649350649351,,
740,0.17874695431618465,93.21789321789322,,
741,0.1658928564562856,93.50649350649351,,
742,0.166964679542515,93.79509379509379,,
743,0.17262016619524742,93.36219336219337,,
744,0.16642756198907827,93.36219336219337,,
745,0.16093582710221646,93.50649350649351,,
746,0.1463580016976741,94.37229437229438,,
747,0.18120360796972787,93.50649350649351,,
748,0.1663481006439114,93.07359307359307,,
749,0.1735242126565991,93.21789321789322,,
750,0.17378284214239187,92.78499278499278,0.877323080966999,79.22077922077922
751,0.1542922237009068,94.8051948051948,,
752,0.14234978437939763,94.37229437229438,,
753,0.1695219935663851,92.92929292929293,,
754,0.16256332652398733,94.22799422799423,,
755,0.1724101131913638,93.79509379509379,,
756,0.17010696375981768,93.93939393939394,,
757,0.1708969400623144,93.65079365079364,,
758,0.14279904849773534,94.8051948051948,,
759,0.15181853859799593,93.93939393939394,,
760,0.15923535516337742,93.36219336219337,,
761,0.15069958051561794,93.79509379509379,,
762,0.14659356477456692,93.36219336219337,,
763,0.14912422192733182,93.65079365079364,,
764,0.14240876412150835,93.36219336219337,,
765,0.14647764264247118,94.08369408369408,,
766,0.1575855871751195,94.08369408369408,,
767,0.157275034321679,92.20779220779221,,
768,0.15453367548071462,92.92929292929293,,
769,0.16867717239108007,94.08369408369408,,
770,0.17058336923992823,92.78499278499278,,
771,0.18117614189084905,92.20779220779221,,
772,0.1505355459959132,94.8051948051948,,
773,0.165643119751805,93.36219336219337,,
774,0.16272612606292164,92.64069264069263,,
775,0.15917676996875119,93.93939393939394,0.9796605682992315,79.22077922077922
776,0.15374738596175483,93.36219336219337,,
777,0.19633248295704867,93.07359307359307,,
778,0.15835974265486646,93.65079365079364,,
779,0.169428226450649,92.06349206349206,,
780,0.15288001677346608,94.51659451659452,,
781,0.13516643221932229,95.38239538239539,,
782,0.14935914522727675,93.93939393939394,,
783,0.16348602450728245,93.07359307359307,,
784,0.18207579481309283,91.77489177489177,,
785,0.17578229819616628,93.21789321789322,,
786,0.13976673190555874,93.65079365079364,,
787,0.1488426210624831,94.08369408369408,,
788,0.1405034653659679,95.52669552669553,,
789,0.16580365580999834,92.64069264069263,,
790,0.1537570356032549,93.50649350649351,,
791,0.1484785507853757,93.93939393939394,,
792,0.17615509809918425,92.64069264069263,,
793,0.1640698533709474,94.22799422799423,,
794,0.13993502116421422,94.22799422799423,,
795,0.14936981079253284,93.79509379509379,,
796,0.15327754492023463,94.08369408369408,,
797,0.19736932641672023,91.77489177489177,,
798,0.16352410792960406,92.92929292929293,,
799,0.15530163641013797,93.93939393939394,,
800,0.1406872235305747,93.65079365079364,1.0105353075188477,79.22077922077922
801,0.16996327657548208,94.51659451659452,,
802,0.14662530891392997,95.38239538239539,,
803,0.14857790167047003,94.94949494949495,,
804,0.13255416185824903,94.51659451659452,,
805,0.14571642202646357,93.65079365079364,,
806,0.16801860218956358,92.64069264069263,,
807,0.1649903653815797,93.07359307359307,,
808,0.14857568083301423,93.50649350649351,,
809,0.14801862487545261,92.78499278499278,,
810,0.1360378030574683,94.22799422799423,,
811,0.15535918445814223,93.93939393939394,,
812,0.18616200906115693,92.92929292929293,,
813,0.16476866317184544,93.21789321789322,,
814,0.18738539290075523,93.07359307359307,,
815,0.14477200896450967,95.0937950937951,,
816,0.13518299330106545,94.94949494949495,,
817,0.15200808670097615,94.37229437229438,,
818,0.1351260333866268,94.8051948051948,,
819,0.16588114624544656,94.51659451659452,,
820,0.16007975885620365,93.93939393939394,,
821,0.1568159099243592,94.08369408369408,,
822,0.15944900384110977,93.65079365079364,,
823,0.1399266811902131,94.08369408369408,,
824,0.15174211475670252,93.07359307359307,,
825,0.16061863827842998,93.07359307359307,0.9520311525889805,77.92207792207792
826,0.16193377466342837,93.36219336219337,,
827,0.13781747452022367,95.0937950937951,,
828,0.14788516409813413,92.92929292929293,,
829,0.1435682662637719,93.93939393939394,,
830,0.1523082580143239,94.66089466089466,,
831,0.14694192800751496,93.79509379509379,,
832,0.16298756579912843,93.07359307359307,,
833,0.14087382050917832,94.08369408369408,,
834,0.15366078436933728,94.51659451659452,,
835,0.12936779124974568,95.81529581529581,,
836,0.14927922668739144,94.22799422799423,,
837,0.13418832944886164,94.8051948051948,,
838,0.15260428724565892,93.79509379509379,,
839,0.13420297691402325,94.94949494949495,,
840,0.15677087454052716,93.50649350649351,,
841,0.141369548506637,94.08369408369408,,
842,0.1497470552496838,94.51659451659452,,
843,0.14008273256332499,95.0937950937951,,
844,0.140846347783035,94.66089466089466,,
845,0.15279126432045628,93.65079365079364,,
846,0.13658138616669058,94.94949494949495,,
847,0.144381545537822,93.79509379509379,,
848,0.14990779445714936,94.51659451659452,,
849,0.13717343147526917,95.0937950937951,,
850,0.16711224529564295,92.78499278499278,1.0162185856274195,77.92207792207792
851,0.14124703528776142,93.93939393939394,,
852,0.17087188298568065,92.20779220779221,,
853,0.15195913491354016,93.79509379509379,,
854,0.16121033110358843,93.93939393939394,,
855,0.13061869442785456,94.37229437229438,,
856,0.13705926658357204,95.23809523809524,,
857,0.1868505660003699,92.4963924963925,,
858,0.15123348744400653,93.93939393939394,,
859,0.1443132972411951,93.93939393939394,,
860,0.15657004560807566,92.92929292929293,,
861,0.15923748312660455,93.93939393939394,,
862,0.17787355102845945,93.79509379509379,,
863,0.1322779156170882,95.23809523809524,,
864,0.14741274127454468,94.08369408369408,,
865,0.15542949127600478,93.79509379509379,,
866,0.17498349066162522,95.38239538239539,,
867,0.14157155254105855,95.38239538239539,,
868,0.166704520217612,92.92929292929293,,
869,0.15088471357440536,93.36219336219337,,
870,0.13695264453925785,94.22799422799423,,
871,0.15804354508889873,93.79509379509379,,
872,0.15102819950033575,94.66089466089466,,
873,0.14861207708049817,94.8051948051948,,
874,0.14376415221644148,94.08369408369408,,
875,0.14608361194660138,94.37229437229438,0.9445820334669831,79.22077922077922
876,0.13886790148494563,95.23809523809524,,
877,0.14960639133597864,93.50649350649351,,
878,0.1579644467794534,93.93939393939394,,
879,0.14093100489217997,94.66089466089466,,
880,0.14546775118505628,92.92929292929293,,
881,0.14303437240615294,93.79509379509379,,
882,0.15391463736908087,93.65079365079364,,
883,0.1425429458204458,94.94949494949495,,
884,0.12645869088207318,94.94949494949495,,
885,0.11973686717487744,94.66089466089466,,
886,0.15779711142676905,94.51659451659452,,
887,0.1635163233764631,93.79509379509379,,
888,0.15491072087404875,92.92929292929293,,
889,0.14405503413205883,94.08369408369408,,
890,0.14191998629514962,94.37229437229438,,
891,0.14710209500393998,94.22799422799423,,
892,0.14741436465714572,94.08369408369408,,
893,0.1423309707791043,93.93939393939394,,
894,0.14845457749943886,94.66089466089466,,
895,0.1300246122778322,95.23809523809524,,
896,0.14307194792304032,94.08369408369408,,
897,0.1325743928186133,94.22799422799423,,
898,0.1386192383575233,93.93939393939394,,
899,0.11835342379015418,95.67099567099567,,
900,0.14096361121315976,94.66089466089466,0.9932156623183906,79.22077922077922
901,0.12635939207578462,94.94949494949495,,
902,0.13189328755527563,94.66089466089466,,
903,0.1347277241007762,95.23809523809524,,
904,0.14332602104349507,93.93939393939394,,
905,0.1338800535635407,94.22799422799423,,
906,0.1377203091226443,94.51659451659452,,
907,0.13997053160381867,94.22799422799423,,
908,0.14919874999903326,93.79509379509379,,
909,0.13101845272261686,94.51659451659452,,
910,0.14132454107860895,94.22799422799423,,
911,0.15866740789764372,93.65079365079364,,
912,0.1279590605270295,94.94949494949495,,
913,0.14241423576124132,93.93939393939394,,
914,0.13697554516198832,95.38239538239539,,
915,0.13464080691767633,94.8051948051948,,
916,0.1133185453702189,96.53679653679653,,
917,0.1553538771739974,95.0937950937951,,
918,0.13291738364001546,94.66089466089466,,
919,0.13068478002950742,94.37229437229438,,
920,0.13026845551476898,93.93939393939394,,
921,0.13859918209875988,94.8051948051948,,
922,0.1539522446208186,93.93939393939394,,
923,0.1314535631084597,94.94949494949495,,
924,0.15184924853186177,93.65079365079364,,
925,0.13791588928233323,95.0937950937951,0.9011984281725698,79.22077922077922
926,0.12889923776727047,95.38239538239539,,
927,0.14530421129036775,94.8051948051948,,
928,0.14158133786134044,94.51659451659452,,
929,0.1273200497848303,94.94949494949495,,
930,0.13292241436772015,94.94949494949495,,
931,0.12036434503092093,95.0937950937951,,
932,0.12369291712281336,95.0937950937951,,
933,0.1276805910347688,95.0937950937951,,
934,0.15148051590544492,94.37229437229438,,
935,0.1536816709270381,93.36219336219337,,
936,0.15021114489772527,93.93939393939394,,
937,0.12772650980158112,95.38239538239539,,
938,0.1316930057876038,95.23809523809524,,
939,0.1394285469774216,93.36219336219337,,
940,0.1332884898374306,94.37229437229438,,
941,0.14634218045092398,93.79509379509379,,
942,0.16059963813677838,93.93939393939394,,
943,0.12131684299284246,95.38239538239539,,
944,0.13826948851561993,94.37229437229438,,
945,0.15209464527784833,94.22799422799423,,
946,0.15959369701912565,92.92929292929293,,
947,0.13695808387701475,94.08369408369408,,
948,0.1315195117828478,95.52669552669553,,
949,0.14045016592285162,94.51659451659452,,
950,0.1267122058103783,95.67099567099567,1.014447530368706,79.22077922077922
951,0.11869180082070707,95.52669552669553,,
952,0.12106461355175076,95.95959595959596,,
953,0.1399377364917923,94.51659451659452,,
954,0.1427541281678546,93.50649350649351,,
955,0.14641376705584888,94.37229437229438,,
956,0.11147082666765688,95.38239538239539,,
957,0.13357385012494538,94.94949494949495,,
958,0.11598168784943322,95.23809523809524,,
959,0.12989795207977295,94.8051948051948,,
960,0.1377008766752989,94.8051948051948,,
961,0.12059269497146854,94.8051948051948,,
962,0.1324231568266991,95.0937950937951,,
963,0.13615570078680525,95.23809523809524,,
964,0.14482319681847422,94.22799422799423,,
965,0.11550098169503618,95.23809523809524,,
966,0.11003853605648914,96.3924963924964,,
967,0.13585854158299998,93.79509379509379,,
968,0.09917576516431476,96.53679653679653,,
969,0.1258230326323626,94.66089466089466,,
970,0.1273977239192887,95.67099567099567,,
971,0.1416091365688635,94.66089466089466,,
972,0.12644024872762644,94.8051948051948,,
973,0.13025102359047872,94.8051948051948,,
974,0.1405199192421347,94.22799422799423,,
975,0.1309872129327291,94.94949494949495,1.0758203492536174,77.92207792207792
976,0.1455330779241105,93.93939393939394,,
977,0.12799797537178875,94.51659451659452,,
978,0.13151432446931174,95.95959595959596,,
979,0.1319903800422581,94.8051948051948,,
980,0.12167026569144894,95.23809523809524,,
981,0.13992097341653073,94.37229437229438,,
982,0.13831713520431244,94.66089466089466,,
983,0.11740241688911361,95.52669552669553,,
984,0.12692642254918857,94.66089466089466,,
985,0.1476036112380589,95.0937950937951,,
986,0.11066399950905022,95.0937950937951,,
987,0.1305223670230391,96.24819624819625,,
988,0.12703122634005237,95.38239538239539,,
989,0.12474063193643248,94.94949494949495,,
990,0.15523326586163233,95.0937950937951,,
991,0.12504451233802247,94.66089466089466,,
992,0.1269863270448916,94.66089466089466,,
993,0.13089841198912602,94.94949494949495,,
994,0.12477363936312787,95.23809523809524,,
995,0.12828115641420323,94.8051948051948,,
996,0.12684518133235012,94.51659451659452,,
997,0.12972673444510108,94.8051948051948,,
998,0.13675295684115713,93.21789321789322,,
999,0.1303274923610309,94.37229437229438,,
1000,0.12872854684599477,95.23809523809524,0.9730324048500556,79.22077922077922
