epoch,train_loss,train_acc,test_loss,test_acc
1,2.2925251248848086,12.388250319284802,2.274946178188761,25.19083969465649
2,2.1138094368261093,25.925925925925927,,
3,1.9474136153400172,36.27075351213282,,
4,1.8238551464421844,42.017879948914434,,
5,1.6662665077248449,47.254150702426564,,
6,1.563815153573817,53.89527458492976,,
7,1.4372055681272484,57.982120051085566,,
8,1.2984725882419377,64.24010217113666,,
9,1.2182699715954133,64.4955300127714,,
10,1.129753969181543,65.64495530012772,,
11,1.0468729744316823,72.15836526181354,,
12,0.9727990823687265,74.45721583652617,,
13,0.9554224426109976,74.71264367816092,,
14,0.9457431689837275,73.1800766283525,,
15,0.8735770676784589,74.20178799489145,,
16,0.8369516676260899,76.62835249042146,,
17,0.801120748008348,77.39463601532567,,
18,0.7425816394055635,81.48148148148148,,
19,0.7455521681147365,78.79948914431674,,
20,0.6696881425030539,82.88633461047255,,
21,0.6699746487850126,82.12005108556832,,
22,0.6458147416321863,82.75862068965517,,
23,0.6420783169881594,81.8646232439336,,
24,0.6357424369184146,82.75862068965517,,
25,0.6143666963315406,83.65261813537676,0.584291065125975,87.78625954198473
26,0.5815306438340081,85.56832694763729,,
27,0.5820846652771473,84.03575989782887,,
28,0.5519597624758042,86.33461047254151,,
29,0.4933236787145622,87.48403575989784,,
30,0.5087418356008762,86.46232439335887,,
31,0.49362859719862273,87.61174968071519,,
32,0.4898987995558163,87.2286079182631,,
33,0.4828226420157714,87.61174968071519,,
34,0.4517692008542223,89.65517241379311,,
35,0.46743408229920447,88.50574712643679,,
36,0.45433401026183773,87.61174968071519,,
37,0.4244310833409067,89.39974457215837,,
38,0.42549289224400527,88.37803320561942,,
39,0.38070099487767517,91.57088122605364,,
40,0.40416201853965283,89.52745849297574,,
41,0.37520793186902696,90.42145593869732,,
42,0.3640717940540606,90.42145593869732,,
43,0.3687602853257385,90.16602809706258,,
44,0.3590496375795221,91.18773946360153,,
45,0.3355941052713918,91.3154533844189,,
46,0.3561002061741562,90.54916985951469,,
47,0.3558703495015891,90.67688378033206,,
48,0.36189133743368956,89.91060025542784,,
49,0.3518365058824325,89.91060025542784,,
50,0.32333640189006413,90.67688378033206,0.4460625610108139,87.02290076335878
