epoch,train_loss,train_acc,test_loss,test_acc
1,0.6914070989146377,54.68975468975469,0.6865568308087139,55.84415584415584
2,0.689743959284448,54.112554112554115,,
3,0.6897075883237831,55.84415584415584,,
4,0.6866361270907293,56.42135642135642,,
5,0.6913072349017144,55.98845598845599,,
6,0.6880922590155278,55.266955266955264,,
7,0.6885921146618511,55.266955266955264,,
8,0.6851435562576911,55.699855699855696,,
9,0.6933944210689649,50.21645021645022,,
10,0.6872520008128443,55.266955266955264,,
11,0.6862290338176326,56.132756132756136,,
12,0.6876049570707016,55.41125541125541,,
13,0.6906580684160946,56.42135642135642,,
14,0.6860460438597598,54.112554112554115,,
15,0.688304387645804,55.699855699855696,,
16,0.6866431048766187,55.41125541125541,,
17,0.6856559172681228,55.98845598845599,,
18,0.6874581790417648,55.84415584415584,,
19,0.685253648788898,55.122655122655125,,
20,0.6875787888254438,55.41125541125541,,
21,0.6857745066865698,55.84415584415584,,
22,0.688653217335628,54.4011544011544,,
23,0.6831757130388918,55.122655122655125,,
24,0.6853494986483201,56.132756132756136,,
25,0.687032408700533,55.699855699855696,0.685120047686936,55.84415584415584
26,0.6862663028044101,56.132756132756136,,
27,0.6898373911563108,55.98845598845599,,
28,0.6882066148700137,55.699855699855696,,
29,0.6868180363381235,56.277056277056275,,
30,0.6837390668120391,56.277056277056275,,
31,0.6818879213167991,55.98845598845599,,
32,0.682659323425348,56.277056277056275,,
33,0.6828253376707543,55.122655122655125,,
34,0.6838193315620202,56.132756132756136,,
35,0.6833840835662115,55.122655122655125,,
36,0.6833863989443318,55.98845598845599,,
37,0.6852074344608863,56.277056277056275,,
38,0.6800363552346718,56.70995670995671,,
39,0.6787264933661808,56.132756132756136,,
40,0.680130114287009,56.70995670995671,,
41,0.6803359529500744,56.132756132756136,,
42,0.6770364334228923,56.56565656565657,,
43,0.6830024263387463,56.132756132756136,,
44,0.6749781931805576,56.42135642135642,,
45,0.6800309724105901,55.55555555555556,,
46,0.6770805571158383,55.55555555555556,,
47,0.6773156672501117,56.56565656565657,,
48,0.675340158942802,59.74025974025974,,
49,0.6752581651420648,56.70995670995671,,
50,0.6702595823598975,56.85425685425685,0.6781912964659852,54.54545454545455
51,0.6764049084499629,55.98845598845599,,
52,0.6758567339070087,56.998556998557,,
53,0.6699892396018619,57.57575757575758,,
54,0.6689655797994154,57.142857142857146,,
55,0.6693684672036384,56.85425685425685,,
56,0.6690601861322081,57.57575757575758,,
57,0.6660974681119383,58.152958152958156,,
58,0.6708510086305902,56.998556998557,,
59,0.6627137402091363,57.287157287157285,,
60,0.6658367598039592,56.42135642135642,,
61,0.6611934900283813,58.44155844155844,,
62,0.6655739470133706,58.44155844155844,,
63,0.6620238913602127,57.57575757575758,,
64,0.6600909122140892,59.884559884559884,,
65,0.6556398901244435,61.61616161616162,,
66,0.6539867608922213,60.02886002886003,,
67,0.6576484737630186,60.75036075036075,,
68,0.6522094816356511,60.17316017316017,,
69,0.6588929330803788,59.74025974025974,,
70,0.6479307094865719,62.04906204906205,,
71,0.659273327257038,60.60606060606061,,
72,0.6480570517233096,60.46176046176046,,
73,0.6465645586429393,61.904761904761905,,
74,0.64929324603528,61.32756132756133,,
75,0.649452416411726,63.924963924963926,0.6581395400034917,55.84415584415584
76,0.651551445239206,60.75036075036075,,
77,0.6442178773329543,61.32756132756133,,
78,0.6473175383577443,63.34776334776335,,
79,0.6427000255295725,61.61616161616162,,
80,0.6426817267316073,62.914862914862915,,
81,0.6390094074163946,63.492063492063494,,
82,0.6372341246143908,63.05916305916306,,
83,0.637210658618382,63.78066378066378,,
84,0.6333958633878358,61.904761904761905,,
85,0.627295826936697,62.19336219336219,,
86,0.6209281227547369,63.05916305916306,,
87,0.6330818219102307,64.93506493506493,,
88,0.6259459279488347,63.924963924963926,,
89,0.624664673815558,65.36796536796537,,
90,0.6193027984012257,62.77056277056277,,
91,0.6164810488062331,66.81096681096682,,
92,0.616202302481361,65.80086580086581,,
93,0.6071862125551546,69.11976911976912,,
94,0.6147961014448994,65.94516594516594,,
95,0.6134321977737834,67.82106782106783,,
96,0.6110262821763108,67.24386724386724,,
97,0.6061528763729772,68.25396825396825,,
98,0.5980848003431488,70.99567099567099,,
99,0.6093938487432736,67.24386724386724,,
100,0.5908096288189744,69.26406926406926,0.6159938449983473,66.23376623376623
101,0.5860809394807527,70.99567099567099,,
102,0.5887934581885951,69.98556998556998,,
103,0.5913140032370541,70.27417027417027,,
104,0.5810167687107818,70.99567099567099,,
105,0.5965705359996999,70.27417027417027,,
106,0.5776896717572453,73.73737373737374,,
107,0.5802608362868062,70.41847041847042,,
108,0.5642286022160132,73.88167388167388,,
109,0.574143016192132,71.13997113997114,,
110,0.5663198021927265,72.2943722943723,,
111,0.5640109392127606,72.43867243867244,,
112,0.5582796674098115,73.16017316017316,,
113,0.5483986274762587,73.3044733044733,,
114,0.5413414926239939,75.03607503607503,,
115,0.5482719153552861,73.3044733044733,,
116,0.5537194533093495,72.87157287157287,,
117,0.5464411524983196,75.18037518037518,,
118,0.5548553966082536,73.16017316017316,,
119,0.5446186993717287,75.18037518037518,,
120,0.547312111565561,75.03607503607503,,
121,0.5341452779879989,75.61327561327562,,
122,0.5351147197541737,74.74747474747475,,
123,0.5354784133630398,73.88167388167388,,
124,0.5253677401707803,77.34487734487735,,
125,0.5305691655580099,75.9018759018759,0.5519747869534926,67.53246753246754
126,0.5205895381228405,74.17027417027417,,
127,0.5280978640952667,74.74747474747475,,
128,0.5261213594528847,75.9018759018759,,
129,0.5135295265508765,76.19047619047619,,
130,0.5310450171323393,73.88167388167388,,
131,0.5157874782622118,76.91197691197691,,
132,0.5135123256653075,76.19047619047619,,
133,0.5035089819462268,77.05627705627705,,
134,0.5225817216251147,77.05627705627705,,
135,0.5035480319335519,77.4891774891775,,
136,0.5000330882327038,78.21067821067821,,
137,0.5055026724224999,76.91197691197691,,
138,0.5114299228353074,76.91197691197691,,
139,0.5000651089143959,79.36507936507937,,
140,0.49577600372388075,77.63347763347764,,
141,0.4985676244395808,77.77777777777777,,
142,0.4934657338205698,78.64357864357865,,
143,0.49543750492525307,77.4891774891775,,
144,0.4948646804643056,79.07647907647907,,
145,0.48966826935007113,79.07647907647907,,
146,0.47619447503427065,79.22077922077922,,
147,0.5000049861478599,78.21067821067821,,
148,0.4731546527293509,79.50937950937951,,
149,0.4720396333270603,79.22077922077922,,
150,0.4816256873363368,79.07647907647907,0.49830114299600775,75.32467532467533
151,0.47751362439013834,79.07647907647907,,
152,0.46387817746117,80.08658008658008,,
153,0.4636699155639604,80.51948051948052,,
154,0.4663587993959672,80.66378066378067,,
155,0.4465331309199505,82.25108225108225,,
156,0.4743068960493949,78.21067821067821,,
157,0.476249691641864,80.8080808080808,,
158,0.4610728218957975,78.78787878787878,,
159,0.4423361714784201,81.38528138528139,,
160,0.459680310575477,80.08658008658008,,
161,0.4523503401922801,80.95238095238095,,
162,0.4630924415106725,80.23088023088023,,
163,0.44694099789229996,81.0966810966811,,
164,0.4257638916308746,82.25108225108225,,
165,0.4523047212226394,81.52958152958153,,
166,0.4324524380255915,81.38528138528139,,
167,0.43636247739303335,82.25108225108225,,
168,0.4272566285269257,83.69408369408369,,
169,0.42026978662347725,82.25108225108225,,
170,0.4172279780561274,82.68398268398268,,
171,0.4204880687237474,80.66378066378067,,
172,0.43325750437305777,80.08658008658008,,
173,0.43083785915099526,83.11688311688312,,
174,0.4035656379070805,84.27128427128427,,
175,0.42560285953388244,83.83838383838383,0.4440625569263062,80.51948051948052
176,0.4139492011173463,83.69408369408369,,
177,0.40997406896230637,81.81818181818181,,
178,0.40420438093368455,84.27128427128427,,
179,0.4094195873792381,83.83838383838383,,
180,0.41587238587858355,81.96248196248196,,
181,0.40297061832780273,84.55988455988457,,
182,0.38565753320766905,84.55988455988457,,
183,0.39019353152353525,84.99278499278499,,
184,0.39822501382786474,83.83838383838383,,
185,0.3972510476563056,84.12698412698413,,
186,0.40502419117381216,84.7041847041847,,
187,0.39512649182805426,85.28138528138528,,
188,0.3673203760411316,85.85858585858585,,
189,0.39201908546780784,84.41558441558442,,
190,0.36866747229904323,85.13708513708514,,
191,0.38836771791631525,83.40548340548341,,
192,0.37378514793528106,84.84848484848484,,
193,0.38951825712838384,82.68398268398268,,
194,0.3795962099733119,84.27128427128427,,
195,0.37808529957376347,85.42568542568543,,
196,0.36955575612716346,85.28138528138528,,
197,0.399808222511286,83.26118326118326,,
198,0.36668077924034814,84.7041847041847,,
199,0.3743472623102593,84.84848484848484,,
200,0.36984913887571635,84.7041847041847,0.45234834122193324,79.22077922077922
201,0.36228246421352955,85.85858585858585,,
202,0.3600176913397653,85.85858585858585,,
203,0.3697631455431081,85.56998556998558,,
204,0.3746789177774867,85.71428571428571,,
205,0.34775758322871264,86.2914862914863,,
206,0.3523555559685392,85.56998556998558,,
207,0.3722940795177333,83.83838383838383,,
208,0.35113852540995993,86.14718614718615,,
209,0.3524084719056519,85.85858585858585,,
210,0.3400141679363333,86.2914862914863,,
211,0.36487826765185655,84.55988455988457,,
212,0.35958041450678013,84.99278499278499,,
213,0.35588739160851485,85.71428571428571,,
214,0.3486974760567471,86.2914862914863,,
215,0.34986310670472154,85.13708513708514,,
216,0.35967690881454584,86.43578643578644,,
217,0.350100183061191,86.72438672438672,,
218,0.34525036571001766,88.16738816738817,,
219,0.3311385840908618,87.01298701298701,,
220,0.3336480101637682,85.28138528138528,,
221,0.3521472526577128,85.85858585858585,,
222,0.3409765562711856,85.28138528138528,,
223,0.3403484793796512,86.58008658008659,,
224,0.3651489137227057,85.28138528138528,,
225,0.32955911987787717,86.43578643578644,0.4312480773244585,84.41558441558442
226,0.3192624540900083,87.3015873015873,,
227,0.33625808495807785,86.72438672438672,,
228,0.33110478709614466,86.86868686868686,,
229,0.3373584823002891,86.14718614718615,,
230,0.30799794661534297,87.87878787878788,,
231,0.31962175695239037,88.60028860028861,,
232,0.3041446511707609,89.8989898989899,,
233,0.3152853957932405,87.3015873015873,,
234,0.3389742566651596,86.86868686868686,,
235,0.32049038408466574,88.45598845598846,,
236,0.3272133128553586,87.87878787878788,,
237,0.3253250303443032,87.44588744588745,,
238,0.3147633255474151,87.5901875901876,,
239,0.3329706485739346,87.5901875901876,,
240,0.3205018634403939,86.72438672438672,,
241,0.30362090008255377,88.02308802308802,,
242,0.3249003642909283,87.73448773448773,,
243,0.30866278546713133,87.15728715728716,,
244,0.3036271332834362,88.45598845598846,,
245,0.2958697419489961,89.8989898989899,,
246,0.29407506630706237,88.45598845598846,,
247,0.3105770799332711,87.44588744588745,,
248,0.2976623558550858,87.73448773448773,,
249,0.2962251704879653,89.32178932178932,,
250,0.3121927443133804,88.88888888888889,0.4221327935720419,85.71428571428571
251,0.3142081802713579,87.44588744588745,,
252,0.3121537949787762,86.72438672438672,,
253,0.2815523045446622,89.17748917748918,,
254,0.2920347057379685,89.03318903318903,,
255,0.28421623598445545,89.17748917748918,,
256,0.27875328212331385,89.46608946608947,,
257,0.29300796938320944,88.45598845598846,,
258,0.29726561740535334,88.02308802308802,,
259,0.313637402580586,88.02308802308802,,
260,0.2797368404927192,90.76479076479076,,
261,0.2887297198713944,88.88888888888889,,
262,0.2764537448834891,89.32178932178932,,
263,0.29339438745641777,89.32178932178932,,
264,0.28088323761202383,89.03318903318903,,
265,0.2908510762289661,90.33189033189034,,
266,0.2999449042874841,88.88888888888889,,
267,0.283193893655382,89.46608946608947,,
268,0.2805347649264989,90.62049062049061,,
269,0.2928141201664875,88.60028860028861,,
270,0.27271866521019955,89.46608946608947,,
271,0.28494122142743583,88.45598845598846,,
272,0.274502693144618,89.6103896103896,,
273,0.25255087549122207,90.62049062049061,,
274,0.3015068073637386,86.86868686868686,,
275,0.29949816835649085,87.44588744588745,0.41004955691176576,81.81818181818181
276,0.29240172675677706,88.02308802308802,,
277,0.2824232118341314,89.32178932178932,,
278,0.2775473582194137,88.45598845598846,,
279,0.298290498307429,88.16738816738817,,
280,0.2576900509012726,91.05339105339105,,
281,0.2912772513313211,87.73448773448773,,
282,0.28572043266905334,90.62049062049061,,
283,0.2959285837263514,89.17748917748918,,
284,0.26746929734730274,91.63059163059162,,
285,0.2728502577087408,89.46608946608947,,
286,0.27507179459452114,89.8989898989899,,
287,0.27431972407632405,89.03318903318903,,
288,0.2600509804736656,90.33189033189034,,
289,0.2887594031135069,88.45598845598846,,
290,0.2510423476217801,90.9090909090909,,
291,0.26339780845683375,90.04329004329004,,
292,0.25906265581841076,90.33189033189034,,
293,0.271076718686635,89.8989898989899,,
294,0.2620279225608143,89.75468975468975,,
295,0.27114854301467084,89.46608946608947,,
296,0.2549766002902909,91.34199134199135,,
297,0.2520886604576056,90.9090909090909,,
298,0.2543074827947658,90.33189033189034,,
299,0.24811077487761152,90.76479076479076,,
300,0.25803624525730745,90.47619047619048,0.4361345400283863,88.31168831168831
301,0.2615644910290816,90.18759018759019,,
302,0.2646954201409139,89.32178932178932,,
303,0.2499375623929036,92.06349206349206,,
304,0.24747891104840614,90.47619047619048,,
305,0.26721887060402105,90.33189033189034,,
306,0.26110465065569416,89.46608946608947,,
307,0.24803572802832632,90.18759018759019,,
308,0.2716185012120017,89.03318903318903,,
309,0.25513994384121585,90.33189033189034,,
310,0.2474667052341918,90.62049062049061,,
311,0.2525581419252902,89.32178932178932,,
312,0.23907729985480014,90.18759018759019,,
313,0.28827231316081375,88.60028860028861,,
314,0.2465597056551241,90.9090909090909,,
315,0.23112472812248686,90.9090909090909,,
316,0.24738465529069584,91.63059163059162,,
317,0.2531556369250299,90.9090909090909,,
318,0.24949877871493412,90.04329004329004,,
319,0.2522896955281625,89.8989898989899,,
320,0.2598129226187779,89.17748917748918,,
321,0.2721719029876921,90.33189033189034,,
322,0.2689392922330556,90.62049062049061,,
323,0.2577158035481991,90.04329004329004,,
324,0.23816639816047136,91.1976911976912,,
325,0.22353744253107652,91.91919191919192,0.44338193845439267,88.31168831168831
326,0.255342041087185,89.17748917748918,,
327,0.23678630728054184,91.63059163059162,,
328,0.2276280445797963,91.05339105339105,,
329,0.2147886296156337,92.4963924963925,,
330,0.24857392498597095,90.9090909090909,,
331,0.24845270345909426,90.04329004329004,,
332,0.246620512869838,90.9090909090909,,
333,0.2437218970916144,91.63059163059162,,
334,0.2363135177335698,91.1976911976912,,
335,0.24347219847325466,92.35209235209236,,
336,0.22699344097965896,90.47619047619048,,
337,0.23000594973564148,91.63059163059162,,
338,0.23454522570490322,91.91919191919192,,
339,0.24805849687361614,91.63059163059162,,
340,0.22246847283444535,91.05339105339105,,
341,0.23860567872658436,90.33189033189034,,
342,0.23463181843833317,91.1976911976912,,
343,0.21038943522678308,92.92929292929293,,
344,0.24777037077307873,91.05339105339105,,
345,0.22552617853252058,91.34199134199135,,
346,0.2647654594582053,90.62049062049061,,
347,0.22542128676459902,93.07359307359307,,
348,0.2379390112679414,90.76479076479076,,
349,0.20455814551825474,92.92929292929293,,
350,0.22185514035162987,92.06349206349206,0.4635592161060928,87.01298701298701
351,0.20929116441788956,92.06349206349206,,
352,0.2136527733046771,92.64069264069263,,
353,0.20478387632841327,91.63059163059162,,
354,0.22025475720908563,92.35209235209236,,
355,0.22807014706271767,91.77489177489177,,
356,0.22590654090713458,91.34199134199135,,
357,0.23254298810641488,91.48629148629149,,
358,0.23418052956827448,91.63059163059162,,
359,0.22261417466840702,92.78499278499278,,
360,0.2233798707718457,91.77489177489177,,
361,0.20678840764673243,91.77489177489177,,
362,0.20556879245701634,93.93939393939394,,
363,0.22293033529325654,92.78499278499278,,
364,0.2122338946591552,92.4963924963925,,
365,0.22526548478166433,91.91919191919192,,
366,0.21426123032322178,92.64069264069263,,
367,0.20098894132465167,93.07359307359307,,
368,0.20760243618256086,91.63059163059162,,
369,0.21257439139601472,92.64069264069263,,
370,0.24146773787631962,91.63059163059162,,
371,0.1930464453683443,93.65079365079364,,
372,0.21954754124493653,90.76479076479076,,
373,0.1873296561824295,93.79509379509379,,
374,0.1989607084623147,93.50649350649351,,
375,0.19534437139054914,92.92929292929293,0.47278723701254116,89.6103896103896
376,0.2125454880243428,92.06349206349206,,
377,0.2102302349835075,92.64069264069263,,
378,0.22119177443554564,91.48629148629149,,
379,0.22289782784029863,91.63059163059162,,
380,0.19989987029485717,93.36219336219337,,
381,0.20337320094414776,93.07359307359307,,
382,0.1928158501138935,93.21789321789322,,
383,0.20648259509349454,91.91919191919192,,
384,0.2165456727727667,91.48629148629149,,
385,0.1990766939458479,93.79509379509379,,
386,0.19146929910570426,93.50649350649351,,
387,0.203693729568633,92.78499278499278,,
388,0.21634707263365796,93.07359307359307,,
389,0.1975399824275943,92.64069264069263,,
390,0.22136347008731974,90.76479076479076,,
391,0.18617100508354098,93.21789321789322,,
392,0.18678695350498348,93.79509379509379,,
393,0.19964629607906761,92.78499278499278,,
394,0.20725632457850127,91.48629148629149,,
395,0.19180243820876614,93.07359307359307,,
396,0.21907150703462172,92.20779220779221,,
397,0.19868487910962895,92.4963924963925,,
398,0.20703426244282963,91.48629148629149,,
399,0.18936550382841888,93.07359307359307,,
400,0.18957799443004794,93.36219336219337,0.49102444617779223,88.31168831168831
401,0.21188895577433134,91.05339105339105,,
402,0.20453932128771388,92.06349206349206,,
403,0.19122463060491873,93.79509379509379,,
404,0.20285787817203638,92.4963924963925,,
405,0.19342187373841135,92.92929292929293,,
406,0.17911894683972066,94.08369408369408,,
407,0.20791951325032618,92.35209235209236,,
408,0.18267135515615537,94.22799422799423,,
409,0.1710927255698957,94.37229437229438,,
410,0.18452444195231318,93.07359307359307,,
411,0.182934559736546,92.92929292929293,,
412,0.21413631082484216,92.4963924963925,,
413,0.185724058966616,93.36219336219337,,
414,0.18034098046317074,94.08369408369408,,
415,0.20275921068150243,93.79509379509379,,
416,0.20430225723061554,91.91919191919192,,
417,0.20646012512077327,92.20779220779221,,
418,0.19689627910976287,92.64069264069263,,
419,0.19217881095873846,93.36219336219337,,
420,0.20306523976387916,91.63059163059162,,
421,0.20314442965203378,93.21789321789322,,
422,0.16950196625522376,94.51659451659452,,
423,0.18145208725165496,93.93939393939394,,
424,0.17096391337430494,93.65079365079364,,
425,0.1812454823022883,93.65079365079364,0.4882188791578466,84.41558441558442
426,0.1560018483285952,94.51659451659452,,
427,0.18864565769487301,92.4963924963925,,
428,0.20207365207685882,91.34199134199135,,
429,0.19320473872651958,92.4963924963925,,
430,0.20921895712141006,92.35209235209236,,
431,0.18363033117885025,92.92929292929293,,
432,0.18592759288449653,92.92929292929293,,
433,0.2023286084076027,93.07359307359307,,
434,0.18147187857132024,93.50649350649351,,
435,0.17590542036024007,93.79509379509379,,
436,0.18483743686524648,92.78499278499278,,
437,0.18125427035886316,93.36219336219337,,
438,0.1936489480613458,93.21789321789322,,
439,0.16687611042163072,93.07359307359307,,
440,0.19018797643084892,93.21789321789322,,
441,0.1523496305723211,94.51659451659452,,
442,0.16109372365784336,94.37229437229438,,
443,0.15842826125812737,94.8051948051948,,
444,0.17373496057495239,93.50649350649351,,
445,0.15173300421255148,94.94949494949495,,
446,0.19443719809361523,93.21789321789322,,
447,0.19358919404210553,92.20779220779221,,
448,0.17118492335468144,93.65079365079364,,
449,0.1838542575615997,94.37229437229438,,
450,0.18193164783896823,93.21789321789322,0.5031849265872658,84.41558441558442
451,0.20041428676243297,93.07359307359307,,
452,0.18467417277643003,93.50649350649351,,
453,0.18814765426503632,92.20779220779221,,
454,0.1534166976400956,94.66089466089466,,
455,0.17230379753470593,93.93939393939394,,
456,0.15976765678730534,93.93939393939394,,
457,0.18704676774329093,93.36219336219337,,
458,0.16424707928605237,94.37229437229438,,
459,0.2009079981256615,92.20779220779221,,
460,0.21455574330227373,91.63059163059162,,
461,0.17658671706613868,93.50649350649351,,
462,0.20092804982054113,92.92929292929293,,
463,0.18519053092121562,93.36219336219337,,
464,0.18052225654022863,93.07359307359307,,
465,0.18720357047197708,92.4963924963925,,
466,0.1739347753092152,94.51659451659452,,
467,0.1553455019829335,93.93939393939394,,
468,0.16864510052561932,93.79509379509379,,
469,0.19264290044232021,92.20779220779221,,
470,0.1950782098918938,92.20779220779221,,
471,0.17025133614760285,93.93939393939394,,
472,0.16437288830634664,94.51659451659452,,
473,0.1557418638773123,95.23809523809524,,
474,0.19074429526473535,92.64069264069263,,
475,0.19049813872549956,93.36219336219337,0.5413130610794216,85.71428571428571
476,0.17914021415111822,94.22799422799423,,
477,0.16981758475088626,94.51659451659452,,
478,0.16115841851132945,94.94949494949495,,
479,0.17377365692847907,92.92929292929293,,
480,0.1869218312902712,92.20779220779221,,
481,0.17030295653303637,93.50649350649351,,
482,0.16143018512584775,93.65079365079364,,
483,0.18729347101322671,93.07359307359307,,
484,0.16641784469028573,94.8051948051948,,
485,0.17333827322566664,93.50649350649351,,
486,0.19469507851383902,92.06349206349206,,
487,0.15626782368099879,94.37229437229438,,
488,0.1689023571290495,93.36219336219337,,
489,0.16350765571449744,93.93939393939394,,
490,0.15839053387249702,94.51659451659452,,
491,0.13940943922971147,95.81529581529581,,
492,0.16457666953404745,93.79509379509379,,
493,0.1791291269131037,93.50649350649351,,
494,0.15223219427367482,94.08369408369408,,
495,0.15709409283267128,94.51659451659452,,
496,0.13997052597019063,95.67099567099567,,
497,0.1632518587690411,93.93939393939394,,
498,0.17324025405390783,93.36219336219337,,
499,0.14826286915275785,94.8051948051948,,
500,0.1673216311446516,92.4963924963925,0.540139926718427,85.71428571428571
501,0.1693042717030081,93.93939393939394,,
502,0.15353036551463484,94.37229437229438,,
503,0.16115955047277145,94.37229437229438,,
504,0.16235012469697652,94.08369408369408,,
505,0.15841155255167688,94.51659451659452,,
506,0.16280635303319102,94.8051948051948,,
507,0.1482128042507309,95.0937950937951,,
508,0.16595746940176553,93.50649350649351,,
509,0.13356624361971584,96.1038961038961,,
510,0.15959096595666453,93.93939393939394,,
511,0.1365540295161984,95.52669552669553,,
512,0.15082264847483642,95.38239538239539,,
513,0.15710802273058788,93.93939393939394,,
514,0.14363464573331036,94.37229437229438,,
515,0.14553034933442505,95.52669552669553,,
516,0.14707926616696224,94.66089466089466,,
517,0.15601381177854057,94.37229437229438,,
518,0.1645873916183543,94.66089466089466,,
519,0.15819315842391782,94.22799422799423,,
520,0.14403288389998253,94.51659451659452,,
521,0.16479240505167245,93.50649350649351,,
522,0.15304209294085208,94.37229437229438,,
523,0.1897821057625491,92.35209235209236,,
524,0.15091761411268473,95.52669552669553,,
525,0.1603718546647874,94.94949494949495,0.5673520526328644,83.11688311688312
526,0.13983099119573789,93.36219336219337,,
527,0.1611554558788027,93.93939393939394,,
528,0.16065430052546195,94.37229437229438,,
529,0.15207509982465495,93.93939393939394,,
530,0.14415687282299583,94.66089466089466,,
531,0.15580603828677883,94.66089466089466,,
532,0.14710030009134165,93.93939393939394,,
533,0.14295388181649504,94.66089466089466,,
534,0.16916577026790913,93.79509379509379,,
535,0.15896250978972318,94.37229437229438,,
536,0.14955161257422211,94.8051948051948,,
537,0.1402567292242425,95.38239538239539,,
538,0.155582049194976,94.51659451659452,,
539,0.1396515333694426,95.0937950937951,,
540,0.13507605644015522,95.67099567099567,,
541,0.16278028232280653,93.93939393939394,,
542,0.15334076428998256,92.64069264069263,,
543,0.1586835914402985,93.93939393939394,,
544,0.16319177051385245,94.66089466089466,,
545,0.14640694287905273,94.94949494949495,,
546,0.14048515255919095,95.38239538239539,,
547,0.14946427158366293,94.94949494949495,,
548,0.13613197953584047,95.52669552669553,,
549,0.12812631990636927,96.1038961038961,,
550,0.1267059724912327,95.38239538239539,0.5512590834072658,87.01298701298701
551,0.15075636110006474,94.22799422799423,,
552,0.1484248195633744,94.51659451659452,,
553,0.12829077645899759,95.38239538239539,,
554,0.15065961116911442,94.51659451659452,,
555,0.1486713071105112,94.51659451659452,,
556,0.1408197678743847,95.0937950937951,,
557,0.13840285384917328,94.51659451659452,,
558,0.12472945683962339,95.38239538239539,,
559,0.14740965224017658,94.94949494949495,,
560,0.142574436392791,94.66089466089466,,
561,0.16287738121884726,94.37229437229438,,
562,0.15737913886534016,94.66089466089466,,
563,0.14245130362534764,95.23809523809524,,
564,0.136622774953622,94.94949494949495,,
565,0.12960654154183374,95.23809523809524,,
566,0.12500033479232292,95.95959595959596,,
567,0.14562023571903399,95.52669552669553,,
568,0.1322148477478547,95.81529581529581,,
569,0.1519490074995276,95.52669552669553,,
570,0.12840544051809227,95.38239538239539,,
571,0.15188808543513518,94.22799422799423,,
572,0.11142449517442722,96.24819624819625,,
573,0.14276036151925378,94.37229437229438,,
574,0.14314172233079936,94.8051948051948,,
575,0.1395493806104618,94.66089466089466,0.607437632300637,83.11688311688312
576,0.14418380648370774,93.79509379509379,,
577,0.1452029584483667,94.37229437229438,,
578,0.1621856607313968,94.66089466089466,,
579,0.13108395652853566,95.38239538239539,,
580,0.13475562991173926,94.8051948051948,,
581,0.1224164759329,95.23809523809524,,
582,0.13285936509806012,95.23809523809524,,
583,0.14402847127480942,95.23809523809524,,
584,0.15476766928578867,93.79509379509379,,
585,0.1362012280057175,94.66089466089466,,
586,0.12290627652346486,95.38239538239539,,
587,0.13802968505313043,95.0937950937951,,
588,0.11885753791029384,95.95959595959596,,
589,0.11511338561300248,95.81529581529581,,
590,0.11996137104595206,96.1038961038961,,
591,0.1354690244015505,95.38239538239539,,
592,0.12671203548989082,96.24819624819625,,
593,0.15609827236652718,93.65079365079364,,
594,0.12160875483766778,96.24819624819625,,
595,0.13709094281836506,95.23809523809524,,
596,0.12413789837219326,95.81529581529581,,
597,0.11716072706433085,95.95959595959596,,
598,0.12141615715721812,96.3924963924964,,
599,0.12230477787414498,95.81529581529581,,
600,0.14650612770113422,94.8051948051948,0.6207975280749334,83.11688311688312
601,0.13106043673352935,95.67099567099567,,
602,0.1553758993035271,94.37229437229438,,
603,0.13105621569471443,95.52669552669553,,
604,0.12866816654113292,95.67099567099567,,
605,0.10275236288727964,96.96969696969697,,
606,0.13384545724543315,95.67099567099567,,
607,0.13390496816125955,94.37229437229438,,
608,0.13547560002810682,94.8051948051948,,
609,0.1028709239171869,96.53679653679653,,
610,0.11443214241044346,95.67099567099567,,
611,0.14979924134705833,93.93939393939394,,
612,0.14876268870193204,94.08369408369408,,
613,0.12597733897574967,95.67099567099567,,
614,0.12121502347398028,95.52669552669553,,
615,0.12084397665005914,95.95959595959596,,
616,0.12292130648401736,96.3924963924964,,
617,0.10930623863467578,95.95959595959596,,
618,0.12108028860706271,95.23809523809524,,
619,0.14038927747745705,95.0937950937951,,
620,0.12706026800439127,95.0937950937951,,
621,0.11914377180593354,96.24819624819625,,
622,0.12738411768217278,94.37229437229438,,
623,0.13662369837675345,94.51659451659452,,
624,0.12225436774172523,95.0937950937951,,
625,0.1284166630061846,94.94949494949495,0.6074926574508865,84.41558441558442
626,0.12071057990687922,96.3924963924964,,
627,0.11128430715446262,94.94949494949495,,
628,0.13834339307156132,95.23809523809524,,
629,0.14615712681460002,95.23809523809524,,
630,0.11367774952584703,95.81529581529581,,
631,0.13407779938150277,95.0937950937951,,
632,0.1164042686702197,95.95959595959596,,
633,0.13877324775011854,94.66089466089466,,
634,0.11137953619936328,96.3924963924964,,
635,0.1144175852230961,95.95959595959596,,
636,0.1481628017379092,95.38239538239539,,
637,0.12004511253464789,95.52669552669553,,
638,0.1382457681892582,95.0937950937951,,
639,0.12639765665042624,94.94949494949495,,
640,0.11511254031076748,96.24819624819625,,
641,0.11853662180522131,95.52669552669553,,
642,0.11032417549887433,95.67099567099567,,
643,0.08692475858790878,97.83549783549783,,
644,0.09356699518397085,97.25829725829726,,
645,0.13091664611863196,93.93939393939394,,
646,0.1277852078300362,95.52669552669553,,
647,0.11921477895149421,95.81529581529581,,
648,0.14684349916671088,94.37229437229438,,
649,0.11153708321202283,96.68109668109668,,
650,0.11970880877059947,94.94949494949495,0.5979175095434313,84.41558441558442
651,0.1249663910598724,94.51659451659452,,
652,0.11918436087571181,95.38239538239539,,
653,0.11401921325775796,95.95959595959596,,
654,0.11756220411557655,95.52669552669553,,
655,0.11528229147926898,96.1038961038961,,
656,0.10256415674352715,96.1038961038961,,
657,0.12354574134253492,96.1038961038961,,
658,0.10478052184050217,95.95959595959596,,
659,0.12184098952088349,95.67099567099567,,
660,0.12066210622524286,95.23809523809524,,
661,0.12723922960407774,96.24819624819625,,
662,0.11405503152215163,95.38239538239539,,
663,0.12554811237448446,95.23809523809524,,
664,0.1119516645685849,95.95959595959596,,
665,0.12014596426555776,95.81529581529581,,
666,0.1208894561954692,95.67099567099567,,
667,0.10610275363487771,96.1038961038961,,
668,0.1393441137001671,94.94949494949495,,
669,0.10415456299958979,96.3924963924964,,
670,0.10434182452691065,96.53679653679653,,
671,0.1258921747245056,95.95959595959596,,
672,0.10837887197431892,96.68109668109668,,
673,0.1406699326561299,94.66089466089466,,
674,0.1306008349722426,94.08369408369408,,
675,0.12377164189261619,95.52669552669553,0.5979984062058585,81.81818181818181
676,0.13521403992416883,95.38239538239539,,
677,0.12628746333748403,95.0937950937951,,
678,0.1143343634419627,95.52669552669553,,
679,0.11077607879993032,95.95959595959596,,
680,0.11907786126873451,95.67099567099567,,
681,0.13181379871795015,95.0937950937951,,
682,0.0984963434996973,97.11399711399712,,
683,0.09625244048164693,96.68109668109668,,
684,0.10357720225721512,96.3924963924964,,
685,0.09634232528582969,96.3924963924964,,
686,0.09565124946712243,96.3924963924964,,
687,0.1008656770420969,96.68109668109668,,
688,0.09206582728402439,97.25829725829726,,
689,0.10472419315043294,95.95959595959596,,
690,0.10562554367886477,95.95959595959596,,
691,0.09656057766978703,96.82539682539682,,
692,0.12397896082370312,94.94949494949495,,
693,0.12647812771590758,95.23809523809524,,
694,0.11988721990052068,96.24819624819625,,
695,0.1087797431202678,95.67099567099567,,
696,0.10759731929367583,95.52669552669553,,
697,0.12191430612334184,95.81529581529581,,
698,0.10924189772139724,96.24819624819625,,
699,0.130000747052192,95.38239538239539,,
700,0.10620015015634796,96.24819624819625,0.5760951065397882,84.41558441558442
701,0.12046632557720333,95.0937950937951,,
702,0.09355608340954841,97.25829725829726,,
703,0.11708328648219032,95.38239538239539,,
704,0.10252511947083826,96.53679653679653,,
705,0.10799825442941459,96.82539682539682,,
706,0.12164268299163163,95.0937950937951,,
707,0.1010449579009762,96.1038961038961,,
708,0.13478457433955063,94.51659451659452,,
709,0.13156541338940334,94.8051948051948,,
710,0.10556394284561513,96.1038961038961,,
711,0.10322580577786823,96.53679653679653,,
712,0.09474704813475561,96.82539682539682,,
713,0.09349415485692059,96.3924963924964,,
714,0.11171938881579072,95.38239538239539,,
715,0.11358914113621003,96.24819624819625,,
716,0.12568932665783433,95.67099567099567,,
717,0.10466427522648293,95.81529581529581,,
718,0.11602804853351086,96.53679653679653,,
719,0.11440867894902976,96.24819624819625,,
720,0.10492891300614778,96.24819624819625,,
721,0.12324512435975357,95.0937950937951,,
722,0.10239624892042958,96.24819624819625,,
723,0.11514745723633539,95.0937950937951,,
724,0.11560670797098939,95.67099567099567,,
725,0.10452066622083149,97.11399711399712,0.6128245692748528,83.11688311688312
726,0.11030924697588017,95.23809523809524,,
727,0.0973548601458083,96.3924963924964,,
728,0.09217451471959014,96.1038961038961,,
729,0.10341779980136546,95.81529581529581,,
730,0.09026094101380132,97.97979797979798,,
731,0.12345558944632652,95.52669552669553,,
732,0.10375097056401929,96.24819624819625,,
733,0.12019415403223055,95.38239538239539,,
734,0.12568403356863134,96.1038961038961,,
735,0.10136868390906467,96.24819624819625,,
736,0.09036086996127603,97.25829725829726,,
737,0.09548736086268446,97.40259740259741,,
738,0.09004519799183973,97.25829725829726,,
739,0.10988254147389578,96.3924963924964,,
740,0.10458799891313605,95.81529581529581,,
741,0.11292623003614155,96.82539682539682,,
742,0.10009729652564762,96.3924963924964,,
743,0.11284870184928751,95.38239538239539,,
744,0.10547523375218909,96.3924963924964,,
745,0.08753167157240137,96.53679653679653,,
746,0.0825361441793982,97.25829725829726,,
747,0.1106803800190381,95.95959595959596,,
748,0.12582674691343376,95.23809523809524,,
749,0.08473370261866638,96.68109668109668,,
750,0.087018371673911,97.40259740259741,0.6223676986508555,87.01298701298701
751,0.11330511405107177,95.67099567099567,,
752,0.09054187736319429,97.25829725829726,,
753,0.09141675890309126,97.40259740259741,,
754,0.0830313754368783,97.40259740259741,,
755,0.11366200838426146,95.52669552669553,,
756,0.10490524648415922,95.81529581529581,,
757,0.10546845870702641,96.96969696969697,,
758,0.1072962601839808,95.81529581529581,,
759,0.10713206298385906,95.95959595959596,,
760,0.11104220745367405,96.1038961038961,,
761,0.0939357994987077,96.3924963924964,,
762,0.11660214989818364,95.52669552669553,,
763,0.11797164006408675,97.54689754689754,,
764,0.08210851885324605,97.25829725829726,,
765,0.09609578333762817,96.68109668109668,,
766,0.1144406803350084,95.95959595959596,,
767,0.1130217361501801,95.23809523809524,,
768,0.1141420505392603,95.81529581529581,,
769,0.1031966031479285,95.95959595959596,,
770,0.10235463734447398,96.24819624819625,,
771,0.10949365601137087,96.3924963924964,,
772,0.08974530652143911,96.82539682539682,,
773,0.12170991555399235,95.38239538239539,,
774,0.10519554650123415,95.95959595959596,,
775,0.10622107513883242,95.95959595959596,0.6392073979625454,83.11688311688312
776,0.10050704888142727,96.24819624819625,,
777,0.11758107741458763,95.95959595959596,,
778,0.09594717920149043,97.11399711399712,,
779,0.0932191407783723,96.82539682539682,,
780,0.09617539416745971,96.53679653679653,,
781,0.0945175728219068,97.25829725829726,,
782,0.11845110566456081,96.1038961038961,,
783,0.10224870361204959,96.68109668109668,,
784,0.11684004171693652,95.95959595959596,,
785,0.10004381546790982,96.82539682539682,,
786,0.07512000291158068,97.54689754689754,,
787,0.1049041339071282,96.1038961038961,,
788,0.09665535957099598,97.11399711399712,,
789,0.112021891521169,95.95959595959596,,
790,0.09447005771713339,96.53679653679653,,
791,0.10419069421390262,95.0937950937951,,
792,0.10836012416329735,96.24819624819625,,
793,0.11051914654940925,96.68109668109668,,
794,0.10798610048570158,96.82539682539682,,
795,0.11177352649222892,95.95959595959596,,
796,0.1208131949364881,95.95959595959596,,
797,0.0930185050637734,96.82539682539682,,
798,0.09672065901678878,96.24819624819625,,
799,0.0964517757285811,96.3924963924964,,
800,0.09454320319545217,96.82539682539682,0.6602084861173259,81.81818181818181
801,0.10565174281769156,96.68109668109668,,
802,0.10148239690504032,96.24819624819625,,
803,0.10907305591077171,96.82539682539682,,
804,0.08526296646456526,97.69119769119769,,
805,0.10845419440235711,96.53679653679653,,
806,0.0950116855676943,97.25829725829726,,
807,0.08509918551725398,96.53679653679653,,
808,0.10046170861561061,95.81529581529581,,
809,0.07238982679002513,97.83549783549783,,
810,0.08793866046278336,96.68109668109668,,
811,0.07809380525763417,97.40259740259741,,
812,0.10931257418831232,96.1038961038961,,
813,0.10359670322866839,95.67099567099567,,
814,0.08725666320341147,96.82539682539682,,
815,0.09025689436480253,96.96969696969697,,
816,0.0943761799354469,96.24819624819625,,
817,0.09002564054299657,96.68109668109668,,
818,0.07593878275919087,97.69119769119769,,
819,0.10021877200658531,96.3924963924964,,
820,0.09499864336667639,97.11399711399712,,
821,0.091748713635306,96.68109668109668,,
822,0.09394626108684925,96.53679653679653,,
823,0.0919057490686452,96.82539682539682,,
824,0.08928803956568843,97.25829725829726,,
825,0.08005922910196957,97.11399711399712,0.6205341552759146,83.11688311688312
826,0.10385908448227384,96.53679653679653,,
827,0.08585964366901144,97.11399711399712,,
828,0.08676168866036259,96.24819624819625,,
829,0.11368114846620123,95.23809523809524,,
830,0.09708152055165167,96.24819624819625,,
831,0.07476367900338868,97.40259740259741,,
832,0.08927707092414515,97.83549783549783,,
833,0.08515164926433116,97.11399711399712,,
834,0.08945594940329182,96.96969696969697,,
835,0.09573767149839739,96.82539682539682,,
836,0.10402880706602619,95.95959595959596,,
837,0.07831428727890334,97.25829725829726,,
838,0.08947783966601153,96.3924963924964,,
839,0.0923893956083154,96.68109668109668,,
840,0.0849096452895267,96.68109668109668,,
841,0.07922100532439794,97.40259740259741,,
842,0.09013971956218304,97.11399711399712,,
843,0.10450719104552961,95.52669552669553,,
844,0.08497141106766454,97.11399711399712,,
845,0.08219444971870292,97.40259740259741,,
846,0.09566398692810518,97.25829725829726,,
847,0.0972827502444365,96.3924963924964,,
848,0.08880833852740508,96.24819624819625,,
849,0.09559746674284833,97.40259740259741,,
850,0.08495847872776903,97.54689754689754,0.6957201895775733,88.31168831168831
851,0.058789282331638264,98.12409812409813,,
852,0.084856023000013,96.82539682539682,,
853,0.09201482985528861,96.53679653679653,,
854,0.08330472142665417,97.11399711399712,,
855,0.08456957463879262,97.11399711399712,,
856,0.07660259174191074,97.69119769119769,,
857,0.09790141624633712,96.53679653679653,,
858,0.0882494691087398,96.68109668109668,,
859,0.08299219090099115,97.25829725829726,,
860,0.08284337669651294,96.53679653679653,,
861,0.14238837621481162,95.67099567099567,,
862,0.07935232185042351,96.82539682539682,,
863,0.09037076279757515,96.24819624819625,,
864,0.0874281854759821,97.11399711399712,,
865,0.09953665111380566,96.96969696969697,,
866,0.08991522501621928,96.82539682539682,,
867,0.08124580786715989,97.11399711399712,,
868,0.07919596159268939,97.83549783549783,,
869,0.08747454687232666,96.68109668109668,,
870,0.09565538385127702,96.53679653679653,,
871,0.08200826216892247,97.25829725829726,,
872,0.08395396843875125,96.68109668109668,,
873,0.08707236572777555,97.40259740259741,,
874,0.09041770398455523,96.68109668109668,,
875,0.08352609557969144,97.11399711399712,0.7158561124430074,84.41558441558442
876,0.09025078098602797,96.53679653679653,,
877,0.08783821707583352,97.40259740259741,,
878,0.080281422047474,97.54689754689754,,
879,0.07625649724300805,97.40259740259741,,
880,0.09189942068437822,96.24819624819625,,
881,0.08233390344255759,97.83549783549783,,
882,0.08318745401858596,96.82539682539682,,
883,0.09685674339699496,95.81529581529581,,
884,0.08619396880935624,97.40259740259741,,
885,0.09129058221868451,96.3924963924964,,
886,0.0699870821631488,97.69119769119769,,
887,0.101498184782086,95.95959595959596,,
888,0.08463893884935378,96.53679653679653,,
889,0.09406065695746406,97.11399711399712,,
890,0.07842558260582398,97.69119769119769,,
891,0.08547129428274876,96.53679653679653,,
892,0.06887238570536026,97.25829725829726,,
893,0.09210569013721844,96.68109668109668,,
894,0.06989537102598993,97.25829725829726,,
895,0.08155940607738443,96.68109668109668,,
896,0.08106635610370065,96.53679653679653,,
897,0.08847401048154886,96.53679653679653,,
898,0.08833156691657172,96.68109668109668,,
899,0.09198728959582757,96.3924963924964,,
900,0.08035644775183944,96.96969696969697,0.7286049189505639,85.71428571428571
901,0.0900870772538247,96.3924963924964,,
902,0.08433011247847676,97.11399711399712,,
903,0.09077531715497525,96.53679653679653,,
904,0.09378021557158206,96.68109668109668,,
905,0.08187010693316808,97.54689754689754,,
906,0.07810376894701955,97.11399711399712,,
907,0.070067655182246,97.11399711399712,,
908,0.07690869877585257,97.54689754689754,,
909,0.07834348360998462,96.53679653679653,,
910,0.08677618488438245,97.11399711399712,,
911,0.09418160858608428,96.68109668109668,,
912,0.062347658741869795,97.54689754689754,,
913,0.07910609551843842,97.83549783549783,,
914,0.08014539243790494,97.11399711399712,,
915,0.07976442315410097,97.25829725829726,,
916,0.09779008193489858,96.24819624819625,,
917,0.08751014821113103,96.68109668109668,,
918,0.06733033823825064,97.83549783549783,,
919,0.09970273890278557,96.53679653679653,,
920,0.06811728958184274,97.25829725829726,,
921,0.06930475977678148,96.96969696969697,,
922,0.07554541374482805,96.96969696969697,,
923,0.07334713271481737,96.96969696969697,,
924,0.07216238675028903,97.25829725829726,,
925,0.0748582353054789,96.96969696969697,0.7325621812374561,84.41558441558442
926,0.0848450196159716,97.25829725829726,,
927,0.0675431297000761,97.54689754689754,,
928,0.07598070582323863,97.11399711399712,,
929,0.07808637530858727,97.11399711399712,,
930,0.07175391134342332,97.83549783549783,,
931,0.08587190972756686,97.11399711399712,,
932,0.07714301043473624,97.40259740259741,,
933,0.06674721094656703,97.69119769119769,,
934,0.07149749993202834,97.25829725829726,,
935,0.05139736711849898,98.41269841269842,,
936,0.09130265282582584,96.68109668109668,,
937,0.08259211334401223,97.11399711399712,,
938,0.07100722057480112,97.25829725829726,,
939,0.07726964415124958,98.12409812409813,,
940,0.0738672467128711,97.69119769119769,,
941,0.06754727827178107,97.40259740259741,,
942,0.05203332776179562,98.7012987012987,,
943,0.08850109768214315,96.53679653679653,,
944,0.099181473824971,96.53679653679653,,
945,0.08565164360581946,96.96969696969697,,
946,0.0874754378644677,97.40259740259741,,
947,0.07245022725733198,97.54689754689754,,
948,0.08274185613992464,96.24819624819625,,
949,0.09060477075660212,96.3924963924964,,
950,0.08070211698439558,97.25829725829726,0.7124137460411369,84.41558441558442
951,0.09038394407878535,97.83549783549783,,
952,0.07943159801425873,97.69119769119769,,
953,0.08817655939345408,96.1038961038961,,
954,0.08302788027329706,96.68109668109668,,
955,0.07754201806468881,97.25829725829726,,
956,0.08271731928657487,96.82539682539682,,
957,0.07515972154954123,97.40259740259741,,
958,0.09941464380870478,96.68109668109668,,
959,0.05884240952577082,98.41269841269842,,
960,0.08276402207379045,96.68109668109668,,
961,0.0689115473223799,97.83549783549783,,
962,0.08597198037315068,96.68109668109668,,
963,0.08394668781310105,96.96969696969697,,
964,0.08525372793277104,96.96969696969697,,
965,0.07393246313118917,97.83549783549783,,
966,0.09728643356205581,97.54689754689754,,
967,0.08548789057399524,96.82539682539682,,
968,0.08102364899405154,97.40259740259741,,
969,0.0891882430810433,96.82539682539682,,
970,0.07257750318593965,97.83549783549783,,
971,0.10759125758784932,97.69119769119769,,
972,0.06522066470821526,97.54689754689754,,
973,0.0667999138112192,97.69119769119769,,
974,0.06972576393295633,97.54689754689754,,
975,0.0573727029629729,97.69119769119769,0.6968810836990158,87.01298701298701
976,0.07840531770930145,97.54689754689754,,
977,0.09015388480383596,96.3924963924964,,
978,0.06633265035880076,97.40259740259741,,
979,0.058968847489836496,97.97979797979798,,
980,0.10824527347683477,95.23809523809524,,
981,0.067219980292205,97.69119769119769,,
982,0.08280611209689624,96.82539682539682,,
983,0.12203735773805072,96.96969696969697,,
984,0.0793648933585932,97.11399711399712,,
985,0.0770690996511631,96.82539682539682,,
986,0.11154753088811345,97.54689754689754,,
987,0.05766303928146975,98.26839826839827,,
988,0.08408312135057532,96.53679653679653,,
989,0.08264768798533198,97.11399711399712,,
990,0.07700342062221031,97.40259740259741,,
991,0.06748028481742005,97.54689754689754,,
992,0.08545431273477522,96.68109668109668,,
993,0.07620992121779901,97.54689754689754,,
994,0.07675345143918781,97.11399711399712,,
995,0.08123884686842711,96.82539682539682,,
996,0.06294376199626905,97.97979797979798,,
997,0.0559201937002193,97.83549783549783,,
998,0.08657555653569846,96.24819624819625,,
999,0.07778731780865836,97.69119769119769,,
1000,0.060895949674697664,97.83549783549783,0.6825273052438513,85.71428571428571
