epoch,train_loss,train_acc,test_loss,test_acc
1,0.6880375811719963,55.98845598845599,0.6854941318561505,55.84415584415584
2,0.6873505901636672,55.98845598845599,,
3,0.6856031302593831,55.98845598845599,,
4,0.6817548285315047,55.98845598845599,,
5,0.6814652168733561,55.98845598845599,,
6,0.6778625883753338,55.98845598845599,,
7,0.6748826016939392,55.98845598845599,,
8,0.6712890462613897,55.98845598845599,,
9,0.667428606516355,55.41125541125541,,
10,0.6601347384858786,55.98845598845599,,
11,0.6570805526226974,55.98845598845599,,
12,0.6518886627744974,57.86435786435786,,
13,0.6417107211390959,59.16305916305916,,
14,0.6331664340148585,63.34776334776335,,
15,0.6383106722288145,61.47186147186147,,
16,0.6254546748095261,65.80086580086581,,
17,0.6205854173346516,66.66666666666667,,
18,0.6142264873778494,67.82106782106783,,
19,0.6052163213190406,68.68686868686869,,
20,0.6084115321157987,67.67676767676768,,
21,0.6063801434649018,67.67676767676768,,
22,0.5867565220052545,69.98556998556998,,
23,0.5887055959536399,70.56277056277057,,
24,0.5891206373728027,70.27417027417027,,
25,0.5794550865071505,68.97546897546897,0.5965695226347292,71.42857142857143
26,0.5607413726107555,72.15007215007215,,
27,0.5623335231950273,72.005772005772,,
28,0.5661291637461939,72.72727272727273,,
29,0.5609721997255542,71.28427128427128,,
30,0.5543730876490496,71.28427128427128,,
31,0.536873240190495,73.44877344877345,,
32,0.5399767494992949,73.16017316017316,,
33,0.546635520148587,71.86147186147186,,
34,0.5406002729142039,72.58297258297259,,
35,0.5319358362435951,74.89177489177489,,
36,0.5274454752604166,74.74747474747475,,
37,0.523430916482064,74.31457431457432,,
38,0.5159637967573444,74.31457431457432,,
39,0.5010274007894948,74.31457431457432,,
40,0.5182041832034894,75.46897546897547,,
41,0.5243643601391395,75.32467532467533,,
42,0.4917067325476444,77.63347763347764,,
43,0.5113702298586846,74.74747474747475,,
44,0.5000369708775442,76.19047619047619,,
45,0.49977196295023996,76.91197691197691,,
46,0.47784150145614646,77.05627705627705,,
47,0.48002549734982575,77.63347763347764,,
48,0.4818767337572007,76.47907647907648,,
49,0.49446759440682153,75.32467532467533,,
50,0.4767458856019795,77.63347763347764,0.5386510309460876,74.02597402597402
51,0.45373150078421204,80.51948051948052,,
52,0.47972213860714075,78.35497835497836,,
53,0.4704333831909587,77.2005772005772,,
54,0.45774944494296976,78.06637806637806,,
55,0.47411405945581103,78.35497835497836,,
56,0.4653343739791694,78.78787878787878,,
57,0.47099753676726874,77.4891774891775,,
58,0.4678384085410257,77.4891774891775,,
59,0.4719873135224049,76.47907647907648,,
60,0.4497856706767887,79.79797979797979,,
61,0.4720473487311799,77.05627705627705,,
62,0.4634032569406353,76.33477633477634,,
63,0.46552401763880236,77.63347763347764,,
64,0.44509756547892076,79.65367965367966,,
65,0.4545033552171864,78.4992784992785,,
66,0.44736317088249616,79.79797979797979,,
67,0.43917174684622934,79.07647907647907,,
68,0.4295475377256392,78.78787878787878,,
69,0.45338185733616954,80.23088023088023,,
70,0.438165584124872,79.94227994227994,,
71,0.4351642037194873,79.22077922077922,,
72,0.43321601167041673,81.0966810966811,,
73,0.4277158309026886,81.0966810966811,,
74,0.4282784708822616,80.51948051948052,,
75,0.43924357126027475,78.93217893217893,0.5222868857445655,74.02597402597402
76,0.4277888166827041,81.52958152958153,,
77,0.42063338596583444,79.65367965367966,,
78,0.4241423684281188,80.51948051948052,,
79,0.42270394992002674,80.66378066378067,,
80,0.4420465570249599,79.36507936507937,,
81,0.4136785599060389,82.3953823953824,,
82,0.4235067169731658,78.93217893217893,,
83,0.4179733725853297,79.50937950937951,,
84,0.4306050931220447,80.51948051948052,,
85,0.4302623873149162,78.64357864357865,,
86,0.416156967351963,81.38528138528139,,
87,0.40600963463686934,83.83838383838383,,
88,0.3910322186643255,81.81818181818181,,
89,0.4036387274576644,81.96248196248196,,
90,0.41023186713586124,82.68398268398268,,
91,0.4187178708946206,80.8080808080808,,
92,0.41262138294107126,81.24098124098124,,
93,0.40936103592187295,82.1067821067821,,
94,0.40934997745406576,82.68398268398268,,
95,0.40807379513419895,82.1067821067821,,
96,0.4012434450750915,83.11688311688312,,
97,0.40141718758305084,80.95238095238095,,
98,0.4029963803927792,81.38528138528139,,
99,0.40530663724413507,81.96248196248196,,
100,0.3934119681775312,82.53968253968254,0.5200315632603385,77.92207792207792
101,0.3874313088206502,82.53968253968254,,
102,0.4170864231744714,81.67388167388168,,
103,0.4164714552193321,80.8080808080808,,
104,0.39827570422387226,82.97258297258297,,
105,0.4042093316778476,82.1067821067821,,
106,0.381344576590677,83.26118326118326,,
107,0.37709846593772867,83.83838383838383,,
108,0.3767570647670421,82.82828282828282,,
109,0.40353745015668663,80.8080808080808,,
110,0.3754785346004354,83.69408369408369,,
111,0.3982448328453053,81.24098124098124,,
112,0.37457609236842454,84.7041847041847,,
113,0.38927764934722825,82.97258297258297,,
114,0.3737845711549811,84.27128427128427,,
115,0.3651815053360459,84.27128427128427,,
116,0.38886528698697925,83.40548340548341,,
117,0.3782842515243424,83.83838383838383,,
118,0.3793200005227525,82.53968253968254,,
119,0.39910637274449007,82.1067821067821,,
120,0.3941260996405008,83.26118326118326,,
121,0.3897075857778992,82.68398268398268,,
122,0.3799392757305679,82.68398268398268,,
123,0.3661709121639422,84.7041847041847,,
124,0.3662167390187581,84.27128427128427,,
125,0.3668724498449466,84.41558441558442,0.4987324220793588,80.51948051948052
126,0.3683874306912718,83.69408369408369,,
127,0.3684993962747882,85.13708513708514,,
128,0.3570218537793015,83.69408369408369,,
129,0.34922682770230895,85.28138528138528,,
130,0.33918681409623885,86.72438672438672,,
131,0.3766140899960957,82.97258297258297,,
132,0.3489941563054081,84.7041847041847,,
133,0.358675961370592,86.14718614718615,,
134,0.3742081740760872,81.81818181818181,,
135,0.35827778636721136,84.27128427128427,,
136,0.3552316783740579,84.84848484848484,,
137,0.3354536365464996,85.42568542568543,,
138,0.3411156963476371,84.84848484848484,,
139,0.3505769093315323,85.13708513708514,,
140,0.3545096263741002,84.27128427128427,,
141,0.36017478501469885,82.97258297258297,,
142,0.3742643747408841,82.3953823953824,,
143,0.35379445570027845,85.13708513708514,,
144,0.36364630320543506,84.41558441558442,,
145,0.36484089609864473,84.7041847041847,,
146,0.35706387815021334,83.54978354978356,,
147,0.37051187827645615,82.97258297258297,,
148,0.35726243416640324,83.40548340548341,,
149,0.35081004356753087,84.7041847041847,,
150,0.37448843905075974,83.98268398268398,0.4893753799525174,81.81818181818181
151,0.34667623404300574,84.7041847041847,,
152,0.3521446684566239,84.41558441558442,,
153,0.3587851594020794,84.55988455988457,,
154,0.3483270864079009,83.83838383838383,,
155,0.3213937297183886,85.42568542568543,,
156,0.3508104110865022,83.98268398268398,,
157,0.3499129147068591,82.25108225108225,,
158,0.3790630576070425,83.54978354978356,,
159,0.3395787664134093,85.28138528138528,,
160,0.36009099051721855,82.97258297258297,,
161,0.3607301696554407,84.27128427128427,,
162,0.3485441026405511,84.55988455988457,,
163,0.35257460604842433,83.26118326118326,,
164,0.3447880739773507,85.42568542568543,,
165,0.3629592748689445,82.3953823953824,,
166,0.35263133900506155,83.83838383838383,,
167,0.3480824539585719,84.84848484848484,,
168,0.3405863941145838,85.28138528138528,,
169,0.3656869334575934,83.69408369408369,,
170,0.3298093323067669,85.85858585858585,,
171,0.34999799485416466,84.99278499278499,,
172,0.34783955621512935,84.12698412698413,,
173,0.3280901617086983,86.43578643578644,,
174,0.3540551506982737,82.68398268398268,,
175,0.33255689381520986,84.7041847041847,0.4978370608447434,83.11688311688312
176,0.36067151232027217,84.12698412698413,,
177,0.3325708058231321,86.43578643578644,,
178,0.3232667518599553,85.56998556998558,,
179,0.3589022584463783,83.54978354978356,,
180,0.347662112048006,84.84848484848484,,
181,0.3484474344213976,84.41558441558442,,
182,0.3329357180803541,86.43578643578644,,
183,0.3406440375902264,85.71428571428571,,
184,0.3401984941391718,83.98268398268398,,
185,0.3368226005917504,85.13708513708514,,
186,0.33764851308316207,85.13708513708514,,
187,0.32321867329561693,86.14718614718615,,
188,0.33587682014935977,84.99278499278499,,
189,0.3570238432240865,84.41558441558442,,
190,0.325850659806663,86.72438672438672,,
191,0.3419590109870547,86.58008658008659,,
192,0.31669476890632775,86.002886002886,,
193,0.3212474141630087,88.45598845598846,,
194,0.330440834734433,86.43578643578644,,
195,0.31870778255476406,85.13708513708514,,
196,0.3146267351822076,87.5901875901876,,
197,0.3412786580267407,85.85858585858585,,
198,0.33391139225182254,85.71428571428571,,
199,0.32163019755702,85.28138528138528,,
200,0.34490655485169713,84.7041847041847,0.49220157017955535,79.22077922077922
201,0.3148565206133786,87.15728715728716,,
202,0.3198355500187193,85.85858585858585,,
203,0.3241438167048739,86.43578643578644,,
204,0.331638661684928,85.85858585858585,,
205,0.3203631453269832,86.43578643578644,,
206,0.30934447643560764,86.002886002886,,
207,0.34690597601783224,85.71428571428571,,
208,0.3230696688654791,86.58008658008659,,
209,0.2999237064073268,86.14718614718615,,
210,0.3185513037623781,86.14718614718615,,
211,0.3260509625324525,84.41558441558442,,
212,0.3129446735285749,86.14718614718615,,
213,0.3229946657520696,85.71428571428571,,
214,0.3178102255813659,85.28138528138528,,
215,0.3110965549257755,86.72438672438672,,
216,0.3201345797052975,87.15728715728716,,
217,0.31257540826157576,87.01298701298701,,
218,0.3469697538908426,83.69408369408369,,
219,0.3296326451960408,85.28138528138528,,
220,0.31126920906840294,86.002886002886,,
221,0.3234491042502515,85.28138528138528,,
222,0.33400015909262376,84.12698412698413,,
223,0.31814634505374434,86.43578643578644,,
224,0.3068517456839095,86.72438672438672,,
225,0.32368323387521686,85.28138528138528,0.5153085659076642,79.22077922077922
226,0.32633996844119667,84.84848484848484,,
227,0.2927960025369691,87.73448773448773,,
228,0.3173324016781596,86.58008658008659,,
229,0.3148506965601083,87.44588744588745,,
230,0.31456229443329925,87.44588744588745,,
231,0.31863621389022984,86.58008658008659,,
232,0.3094157812227246,84.84848484848484,,
233,0.30439502080367586,86.86868686868686,,
234,0.31642729603022896,86.86868686868686,,
235,0.3178965770148956,86.2914862914863,,
236,0.3108566407528188,86.58008658008659,,
237,0.287863357855386,88.88888888888889,,
238,0.29962796002927455,87.3015873015873,,
239,0.32513882944422196,86.58008658008659,,
240,0.31199704267589906,86.2914862914863,,
241,0.32602021179846014,85.28138528138528,,
242,0.3054719057692078,86.58008658008659,,
243,0.3050781015795891,86.2914862914863,,
244,0.30811970385294113,87.3015873015873,,
245,0.3075238537005704,85.71428571428571,,
246,0.30298589987070185,87.01298701298701,,
247,0.2968507900640562,86.86868686868686,,
248,0.3070384022735414,86.58008658008659,,
249,0.3048760034923387,86.2914862914863,,
250,0.28993768338517195,88.60028860028861,0.5082640938170544,80.51948051948052
251,0.3026819203753148,88.02308802308802,,
252,0.29423997606033886,86.86868686868686,,
253,0.3112599714665874,86.58008658008659,,
254,0.2793732975296472,88.02308802308802,,
255,0.29777902601257206,86.72438672438672,,
256,0.30205332880240326,88.02308802308802,,
257,0.3187202758345253,84.7041847041847,,
258,0.2893807058038478,87.01298701298701,,
259,0.3185308844625176,86.43578643578644,,
260,0.2894188580230889,86.86868686868686,,
261,0.3013789899335451,86.86868686868686,,
262,0.29685978551125114,86.43578643578644,,
263,0.2824617029096485,87.01298701298701,,
264,0.2991752929845758,87.3015873015873,,
265,0.31815249433077086,85.85858585858585,,
266,0.29036944093986333,88.02308802308802,,
267,0.30203403969003695,86.86868686868686,,
268,0.31594264679850437,86.2914862914863,,
269,0.31103025733736517,86.58008658008659,,
270,0.299133519159595,87.15728715728716,,
271,0.30648795496484244,86.86868686868686,,
272,0.29445231154367524,87.3015873015873,,
273,0.3020076972001043,85.56998556998558,,
274,0.28927813321997076,86.002886002886,,
275,0.30672179483963125,86.72438672438672,0.529155854280893,79.22077922077922
276,0.2932103007902831,86.72438672438672,,
277,0.3072837668579894,86.58008658008659,,
278,0.3071322965974588,86.2914862914863,,
279,0.3022267831997438,87.15728715728716,,
280,0.28566190613296644,89.17748917748918,,
281,0.27712268716673144,89.32178932178932,,
282,0.2783124517826807,87.15728715728716,,
283,0.26505518422971386,89.17748917748918,,
284,0.2872397806307282,86.86868686868686,,
285,0.3069584051208923,86.002886002886,,
286,0.29269464999910383,87.44588744588745,,
287,0.28806737602875176,87.5901875901876,,
288,0.28029353587658373,87.87878787878788,,
289,0.27704587391702645,88.31168831168831,,
290,0.2871613671511283,86.86868686868686,,
291,0.2991359338787899,87.3015873015873,,
292,0.267850550523224,89.17748917748918,,
293,0.2982497939041683,87.73448773448773,,
294,0.3053414834526194,87.87878787878788,,
295,0.3010454105178343,86.14718614718615,,
296,0.30374125626696136,88.02308802308802,,
297,0.30657025879251665,86.72438672438672,,
298,0.29380349511708015,87.3015873015873,,
299,0.2659224969957126,88.16738816738817,,
300,0.30473738934570577,86.72438672438672,0.5173421513724636,83.11688311688312
301,0.29323571761277156,87.3015873015873,,
302,0.29888452282027594,85.85858585858585,,
303,0.2666191285822815,89.46608946608947,,
304,0.28810084072542397,86.72438672438672,,
305,0.27395408657550124,87.5901875901876,,
306,0.27963181035687223,87.87878787878788,,
307,0.28552414597284914,89.03318903318903,,
308,0.29354225436674397,87.5901875901876,,
309,0.267525130966181,90.04329004329004,,
310,0.27308225709122497,88.60028860028861,,
311,0.26237538422512974,88.88888888888889,,
312,0.30140029731465967,87.15728715728716,,
313,0.2986234421552862,86.14718614718615,,
314,0.29602368795252465,87.73448773448773,,
315,0.27579197545588274,87.3015873015873,,
316,0.2823515905962362,89.6103896103896,,
317,0.29753588130334757,87.87878787878788,,
318,0.2810927939105344,88.45598845598846,,
319,0.2667818256743887,89.75468975468975,,
320,0.30051483400972373,88.02308802308802,,
321,0.29148389551718684,88.02308802308802,,
322,0.28122003406587276,88.31168831168831,,
323,0.27653813942686306,86.86868686868686,,
324,0.2820963475310269,88.16738816738817,,
325,0.2803314531606341,87.73448773448773,0.5667096341585184,77.92207792207792
326,0.29476046884730783,87.44588744588745,,
327,0.2939394554405501,86.72438672438672,,
328,0.28396465933598136,87.73448773448773,,
329,0.2867358888769563,88.31168831168831,,
330,0.2873880426691036,89.17748917748918,,
331,0.28043439515569335,86.72438672438672,,
332,0.2752555375663405,88.60028860028861,,
333,0.26488444824067375,87.73448773448773,,
334,0.26215904331826545,88.88888888888889,,
335,0.2677447692656414,88.74458874458874,,
336,0.2634527435120394,88.45598845598846,,
337,0.2888215528518865,86.86868686868686,,
338,0.25543827323772517,89.75468975468975,,
339,0.25048612707535084,89.8989898989899,,
340,0.2902361648466336,87.73448773448773,,
341,0.2640685008416788,88.60028860028861,,
342,0.2869230769413374,88.02308802308802,,
343,0.29724076992333537,87.44588744588745,,
344,0.27714975571735595,87.87878787878788,,
345,0.2598458653447604,89.17748917748918,,
346,0.270783985869537,88.60028860028861,,
347,0.2778051977205758,88.02308802308802,,
348,0.25732844629329005,89.46608946608947,,
349,0.2689239200833556,89.46608946608947,,
350,0.26925057938260605,88.45598845598846,0.5596453675201961,75.32467532467533
351,0.25559008305335973,88.88888888888889,,
352,0.27356093296240935,88.45598845598846,,
353,0.2650574476365403,89.03318903318903,,
354,0.2548773295177526,90.47619047619048,,
355,0.2613387931820978,88.16738816738817,,
356,0.2810275788388039,89.17748917748918,,
357,0.2802869292328196,90.18759018759019,,
358,0.26423168818844,88.88888888888889,,
359,0.2647123241966421,88.45598845598846,,
360,0.2769107948477994,87.01298701298701,,
361,0.2572182188345412,89.46608946608947,,
362,0.28517231117251285,87.87878787878788,,
363,0.2491604577841353,89.46608946608947,,
364,0.2485030513219159,90.04329004329004,,
365,0.282067533179279,88.74458874458874,,
366,0.27844913562149626,88.31168831168831,,
367,0.25426282564885,89.46608946608947,,
368,0.27484868761436937,88.16738816738817,,
369,0.2571449377836087,89.75468975468975,,
370,0.25264043561995975,88.74458874458874,,
371,0.24974357002397293,88.74458874458874,,
372,0.2536803962821396,88.16738816738817,,
373,0.27471700577336816,87.5901875901876,,
374,0.25707834202145774,89.46608946608947,,
375,0.23406562996117067,89.8989898989899,0.5368961308683667,79.22077922077922
376,0.2552845449674697,88.88888888888889,,
377,0.26386335513636494,87.44588744588745,,
378,0.22975518370603587,91.05339105339105,,
379,0.27476368670339707,87.87878787878788,,
380,0.26005036537340626,89.03318903318903,,
381,0.2556040223585751,89.46608946608947,,
382,0.24518431663986237,90.33189033189034,,
383,0.25713052747913595,88.88888888888889,,
384,0.25676847227767086,88.60028860028861,,
385,0.2558922886332392,89.17748917748918,,
386,0.2685796471600237,87.73448773448773,,
387,0.2634212917407698,88.45598845598846,,
388,0.26184487149312896,88.02308802308802,,
389,0.25693988673184687,89.8989898989899,,
390,0.2647704676460222,89.03318903318903,,
391,0.27318809649128933,89.75468975468975,,
392,0.23988389175433616,89.75468975468975,,
393,0.27611268304213127,88.16738816738817,,
394,0.2570208360966494,87.87878787878788,,
395,0.23719214943666306,90.18759018759019,,
396,0.2698969699947693,88.45598845598846,,
397,0.2567590544750164,88.45598845598846,,
398,0.23814322223179957,89.75468975468975,,
399,0.2542602993322141,89.32178932178932,,
400,0.24501292689194068,89.6103896103896,0.5518382017488603,77.92207792207792
401,0.26654804612995053,89.46608946608947,,
402,0.2435533520463225,89.6103896103896,,
403,0.29178990047387404,86.2914862914863,,
404,0.2508289005720254,89.75468975468975,,
405,0.25883979237440863,89.8989898989899,,
406,0.2598029413350561,87.5901875901876,,
407,0.23694835355959584,90.18759018759019,,
408,0.2721821591795609,88.45598845598846,,
409,0.26335497572480515,88.88888888888889,,
410,0.25089509112150293,88.74458874458874,,
411,0.2496721681750354,89.32178932178932,,
412,0.255996346538201,89.32178932178932,,
413,0.2389825548100437,88.88888888888889,,
414,0.24155078901442958,88.45598845598846,,
415,0.22944446649902311,90.47619047619048,,
416,0.25068662142512776,88.74458874458874,,
417,0.24158167473509543,90.33189033189034,,
418,0.25733319681788247,89.32178932178932,,
419,0.25720927726697784,88.74458874458874,,
420,0.26630170761592803,88.88888888888889,,
421,0.2569823903696878,89.03318903318903,,
422,0.2506072072884737,89.6103896103896,,
423,0.24690730295656046,90.04329004329004,,
424,0.25069261844368035,89.6103896103896,,
425,0.2521570379083807,90.04329004329004,0.5629110471768812,79.22077922077922
426,0.25791023974810845,88.31168831168831,,
427,0.25389378506039817,87.73448773448773,,
428,0.23855004458544402,89.75468975468975,,
429,0.24035772396329505,89.8989898989899,,
430,0.24260135371275623,90.47619047619048,,
431,0.23402010349484234,90.18759018759019,,
432,0.22507417041265432,90.47619047619048,,
433,0.23310677184687031,90.18759018759019,,
434,0.27251757651266423,88.88888888888889,,
435,0.250201217066846,91.63059163059162,,
436,0.23409144741632207,90.76479076479076,,
437,0.23941702263437825,89.03318903318903,,
438,0.24794566067954335,90.62049062049061,,
439,0.24757433789116995,89.8989898989899,,
440,0.24084358684944385,89.6103896103896,,
441,0.2359687556844597,90.33189033189034,,
442,0.2823654998088468,89.03318903318903,,
443,0.25964500119675804,88.74458874458874,,
444,0.2443138597396029,90.04329004329004,,
445,0.2269720346230105,90.9090909090909,,
446,0.23914246091250904,89.6103896103896,,
447,0.2460355358722406,89.8989898989899,,
448,0.23917178261331665,90.62049062049061,,
449,0.24948312206701798,90.33189033189034,,
450,0.23817749110737232,89.6103896103896,0.5655896121805365,77.92207792207792
451,0.23595293784382368,90.18759018759019,,
452,0.23413461090359852,90.04329004329004,,
453,0.22587961119748814,90.04329004329004,,
454,0.2235475605270391,90.62049062049061,,
455,0.24510946994564062,88.88888888888889,,
456,0.26563393712731836,87.87878787878788,,
457,0.2430478280993423,90.04329004329004,,
458,0.22031828847110357,92.06349206349206,,
459,0.25195663343190416,89.8989898989899,,
460,0.23438442302236137,90.33189033189034,,
461,0.21570666957899262,91.77489177489177,,
462,0.2337591646381615,89.6103896103896,,
463,0.25272383869855436,91.1976911976912,,
464,0.23068665128206622,90.47619047619048,,
465,0.2372541100292065,89.6103896103896,,
466,0.24244335582439516,88.88888888888889,,
467,0.24551997877238116,89.75468975468975,,
468,0.23090154844273048,91.05339105339105,,
469,0.257344916613415,90.18759018759019,,
470,0.26291666075608777,88.02308802308802,,
471,0.2437509164364651,90.18759018759019,,
472,0.23468599785629976,89.17748917748918,,
473,0.22830774107192675,90.9090909090909,,
474,0.2286821569371189,91.1976911976912,,
475,0.22502211149120743,89.8989898989899,0.5773147371682253,79.22077922077922
476,0.21243526366193918,90.76479076479076,,
477,0.23615304715017563,90.04329004329004,,
478,0.23806271668184886,90.62049062049061,,
479,0.21623729476853024,90.9090909090909,,
480,0.23934950613958322,90.33189033189034,,
481,0.24596393095466482,89.46608946608947,,
482,0.22264640331053287,90.04329004329004,,
483,0.22750191964628377,89.8989898989899,,
484,0.22743813947251693,90.18759018759019,,
485,0.22730034383344444,90.76479076479076,,
486,0.21188117217535923,91.1976911976912,,
487,0.24523692422184937,89.17748917748918,,
488,0.22608499235405036,91.91919191919192,,
489,0.22618775551367287,90.76479076479076,,
490,0.2256197574539016,90.9090909090909,,
491,0.24229280693620486,89.46608946608947,,
492,0.23380041948128572,90.18759018759019,,
493,0.23227972585659523,90.18759018759019,,
494,0.2615220579836104,89.17748917748918,,
495,0.21400273655787175,92.06349206349206,,
496,0.23466639467992137,88.88888888888889,,
497,0.23656121992961668,89.8989898989899,,
498,0.23179890689524738,90.47619047619048,,
499,0.22345646145023826,91.63059163059162,,
500,0.25563357987617175,89.8989898989899,0.5842712955041365,77.92207792207792
501,0.20783932969339655,91.77489177489177,,
502,0.2403239986253163,90.62049062049061,,
503,0.24831721814507873,91.48629148629149,,
504,0.24438612872645968,90.04329004329004,,
505,0.23713178272543187,89.17748917748918,,
506,0.20652130249387773,91.63059163059162,,
507,0.2223816600884882,90.47619047619048,,
508,0.23739509850009352,90.18759018759019,,
509,0.2287461223486612,89.8989898989899,,
510,0.2466391795039349,88.45598845598846,,
511,0.25059481608059153,89.17748917748918,,
512,0.2079008079710461,90.33189033189034,,
513,0.20461096172724969,91.63059163059162,,
514,0.21710379419560727,90.47619047619048,,
515,0.21911050239510693,91.77489177489177,,
516,0.23030359120596022,90.18759018759019,,
517,0.22501362382983964,91.34199134199135,,
518,0.21701577567047886,90.9090909090909,,
519,0.21887508101363548,91.63059163059162,,
520,0.24446904482951584,89.75468975468975,,
521,0.20364743710359798,91.34199134199135,,
522,0.22812712884912587,89.8989898989899,,
523,0.20018884782043714,92.35209235209236,,
524,0.23215816874180692,89.32178932178932,,
525,0.21960365226086428,91.63059163059162,0.5632744450847824,81.81818181818181
526,0.21702255867690406,90.04329004329004,,
527,0.21611259196055743,90.9090909090909,,
528,0.21195237602484862,91.48629148629149,,
529,0.21996948603556785,90.47619047619048,,
530,0.2259060000788426,90.33189033189034,,
531,0.23695366804905957,89.03318903318903,,
532,0.22929372661041492,90.33189033189034,,
533,0.20878929196498094,91.48629148629149,,
534,0.21764597525715312,91.91919191919192,,
535,0.21732789430697416,91.34199134199135,,
536,0.22400920194120807,90.47619047619048,,
537,0.2228342563042909,90.04329004329004,,
538,0.2254258432085552,90.33189033189034,,
539,0.2201934168316843,90.9090909090909,,
540,0.20256785669970134,91.1976911976912,,
541,0.21785376060748685,91.05339105339105,,
542,0.23009847442137044,90.9090909090909,,
543,0.21280839523195705,89.17748917748918,,
544,0.22005977074133198,90.47619047619048,,
545,0.23596138406872835,91.48629148629149,,
546,0.23374778642970934,91.05339105339105,,
547,0.23416873442834246,89.17748917748918,,
548,0.2133418181413868,92.06349206349206,,
549,0.25535207014923317,89.17748917748918,,
550,0.22651310984017045,90.33189033189034,0.6118570225579398,81.81818181818181
551,0.20525507254641595,91.48629148629149,,
552,0.21806441111998123,91.34199134199135,,
553,0.1932509242628216,92.06349206349206,,
554,0.24086012399901904,89.17748917748918,,
555,0.22844766169076874,90.9090909090909,,
556,0.20501347574503476,90.9090909090909,,
557,0.22330321242540946,91.34199134199135,,
558,0.21181594645994223,92.06349206349206,,
559,0.235799959781452,90.62049062049061,,
560,0.21804069453503663,90.47619047619048,,
561,0.1932377820292926,91.77489177489177,,
562,0.21494646024222325,91.91919191919192,,
563,0.22997686604486745,90.62049062049061,,
564,0.20087437406934874,91.34199134199135,,
565,0.22112128353566146,90.76479076479076,,
566,0.23574809676296954,90.62049062049061,,
567,0.2078744394524617,92.4963924963925,,
568,0.21016321958595024,90.76479076479076,,
569,0.22316750324993767,90.9090909090909,,
570,0.20913063404708027,91.34199134199135,,
571,0.1976138587293859,90.76479076479076,,
572,0.22278868188761702,89.6103896103896,,
573,0.19895312854479918,91.63059163059162,,
574,0.20136941800600866,91.63059163059162,,
575,0.2067284235706577,91.63059163059162,0.5636485397041618,79.22077922077922
576,0.22900038824280963,89.17748917748918,,
577,0.22303568069724983,89.46608946608947,,
578,0.24684736799196075,88.31168831168831,,
579,0.20232961923529058,90.9090909090909,,
580,0.2009066952255381,92.4963924963925,,
581,0.19311507781067108,91.91919191919192,,
582,0.21198887804799954,89.8989898989899,,
583,0.18739494927560785,92.64069264069263,,
584,0.2006840749736472,91.77489177489177,,
585,0.20371050394071646,91.34199134199135,,
586,0.21960521032455851,90.76479076479076,,
587,0.20961237792328838,91.77489177489177,,
588,0.2128134790974606,90.47619047619048,,
589,0.21297334510870655,91.34199134199135,,
590,0.20235910793446532,92.78499278499278,,
591,0.2320589827639716,90.62049062049061,,
592,0.20871824577106715,91.91919191919192,,
593,0.20031164055434827,91.34199134199135,,
594,0.19435147399252112,91.77489177489177,,
595,0.20912242187308028,91.48629148629149,,
596,0.19813177856101963,92.06349206349206,,
597,0.20967078649722481,91.1976911976912,,
598,0.21233811299350183,91.34199134199135,,
599,0.19195526746917424,91.34199134199135,,
600,0.21087986867321173,92.06349206349206,0.5814690663442983,79.22077922077922
601,0.21314899750258157,91.05339105339105,,
602,0.20095096053327144,91.48629148629149,,
603,0.1956610946256189,90.9090909090909,,
604,0.23052086309136077,89.32178932178932,,
605,0.2159272279445227,91.77489177489177,,
606,0.19865620717900828,91.63059163059162,,
607,0.18293264058847275,92.35209235209236,,
608,0.21510676261236486,90.62049062049061,,
609,0.21653444959659768,91.34199134199135,,
610,0.19314970950694138,91.63059163059162,,
611,0.20183187492009022,90.9090909090909,,
612,0.21446186119171792,90.18759018759019,,
613,0.2065215954465676,90.9090909090909,,
614,0.20833992202259588,90.04329004329004,,
615,0.1972706037940401,91.1976911976912,,
616,0.20106377597215544,92.78499278499278,,
617,0.19270117815266785,91.91919191919192,,
618,0.2129603133820438,91.77489177489177,,
619,0.18360477328988553,91.48629148629149,,
620,0.19432140936239115,92.92929292929293,,
621,0.18240186099022154,92.64069264069263,,
622,0.20102636144102737,90.76479076479076,,
623,0.19688334618123923,91.77489177489177,,
624,0.1803519752892581,92.64069264069263,,
625,0.18511088247294033,92.20779220779221,0.6537543542973407,80.51948051948052
626,0.20255227253636585,90.47619047619048,,
627,0.20810984027764154,92.35209235209236,,
628,0.2011078019635846,92.20779220779221,,
629,0.19887993780393448,91.1976911976912,,
630,0.17769096763791115,92.4963924963925,,
631,0.18881416858360708,92.20779220779221,,
632,0.2009560816301756,91.05339105339105,,
633,0.2123081385444253,91.91919191919192,,
634,0.19194719702822477,91.77489177489177,,
635,0.18257174974584262,91.91919191919192,,
636,0.1944081105754145,92.20779220779221,,
637,0.198602026804185,92.06349206349206,,
638,0.1904780442059083,91.77489177489177,,
639,0.19513295649471565,91.48629148629149,,
640,0.18085846289841814,92.4963924963925,,
641,0.21152488215360118,91.34199134199135,,
642,0.19002350979897195,91.91919191919192,,
643,0.2167978323297239,90.47619047619048,,
644,0.18941223210672622,91.91919191919192,,
645,0.2007461180117567,91.48629148629149,,
646,0.18282250392359572,90.9090909090909,,
647,0.18183660715775402,91.91919191919192,,
648,0.19933569647404023,92.20779220779221,,
649,0.19517182282737924,92.20779220779221,,
650,0.20849680345811886,91.05339105339105,0.5914625943481148,79.22077922077922
651,0.1937714365793427,92.78499278499278,,
652,0.19419904906856378,90.47619047619048,,
653,0.18789450512475953,91.77489177489177,,
654,0.187088120087019,92.4963924963925,,
655,0.1824566282407202,92.4963924963925,,
656,0.17780596464012263,92.4963924963925,,
657,0.2026816029827316,91.91919191919192,,
658,0.21569604094410355,90.76479076479076,,
659,0.20376345635530194,91.91919191919192,,
660,0.19207918342917857,92.64069264069263,,
661,0.18116186896922312,92.35209235209236,,
662,0.20470451577170112,91.1976911976912,,
663,0.18843687664378772,91.05339105339105,,
664,0.2029893220890136,90.9090909090909,,
665,0.1872188968403859,92.4963924963925,,
666,0.18792118699777693,91.48629148629149,,
667,0.18547619334697552,92.64069264069263,,
668,0.19555945465446034,91.34199134199135,,
669,0.20387538663322619,91.91919191919192,,
670,0.18578392387640597,92.92929292929293,,
671,0.18511089114915757,92.78499278499278,,
672,0.19627441757212125,91.63059163059162,,
673,0.19477334797038318,92.20779220779221,,
674,0.19539231079137342,91.34199134199135,,
675,0.17047090385469352,93.93939393939394,0.6002890800500845,80.51948051948052
676,0.20274326058432546,90.18759018759019,,
677,0.18690952486634083,93.07359307359307,,
678,0.201881462662423,91.91919191919192,,
679,0.17033056554641215,93.21789321789322,,
680,0.1729333418358284,92.4963924963925,,
681,0.18911623766626975,92.92929292929293,,
682,0.19268719282157148,92.20779220779221,,
683,0.1877026078741444,92.92929292929293,,
684,0.18413113992967647,92.06349206349206,,
685,0.1744057291427904,93.21789321789322,,
686,0.19811709074660985,91.34199134199135,,
687,0.15888243973857225,93.07359307359307,,
688,0.2004968426761474,92.06349206349206,,
689,0.17704805822083444,92.35209235209236,,
690,0.17448048003308184,94.08369408369408,,
691,0.1702094886150926,93.36219336219337,,
692,0.19243736518882915,91.77489177489177,,
693,0.18398980280817157,92.35209235209236,,
694,0.22836878513016914,90.76479076479076,,
695,0.20611467294147692,90.47619047619048,,
696,0.19547413960421756,92.4963924963925,,
697,0.18843325989758986,92.35209235209236,,
698,0.19419029524918072,91.63059163059162,,
699,0.1825058443893774,93.07359307359307,,
700,0.21009310037112683,91.63059163059162,0.6632800059659141,80.51948051948052
701,0.16487121822858097,94.51659451659452,,
702,0.17850587526161604,92.06349206349206,,
703,0.17934322887749382,91.91919191919192,,
704,0.18081235592112396,92.78499278499278,,
705,0.1674852604718414,92.64069264069263,,
706,0.17145931918555696,92.64069264069263,,
707,0.1837581516516329,92.92929292929293,,
708,0.19047240773148694,90.9090909090909,,
709,0.18405491788837988,91.63059163059162,,
710,0.19502407236866018,92.20779220779221,,
711,0.1655230283976397,92.92929292929293,,
712,0.18976160335592376,91.34199134199135,,
713,0.1943620288338711,92.20779220779221,,
714,0.17102341566767013,93.21789321789322,,
715,0.16967793924060032,93.07359307359307,,
716,0.177589575793664,92.64069264069263,,
717,0.17352597927405872,92.92929292929293,,
718,0.1864938148408913,91.77489177489177,,
719,0.18208962644505466,92.64069264069263,,
720,0.16888431058645592,92.4963924963925,,
721,0.17946718656827534,92.4963924963925,,
722,0.18432966504826562,92.78499278499278,,
723,0.17992013477831864,91.48629148629149,,
724,0.20044158459311784,91.48629148629149,,
725,0.21466169060136678,91.91919191919192,0.6756416129601466,80.51948051948052
726,0.2071525798129485,90.47619047619048,,
727,0.16965225886171859,93.50649350649351,,
728,0.18917855345153534,93.21789321789322,,
729,0.17385869702219447,92.4963924963925,,
730,0.19316510294939016,92.4963924963925,,
731,0.18063828783461885,93.79509379509379,,
732,0.16812033536286236,93.21789321789322,,
733,0.17211366817892715,92.78499278499278,,
734,0.15604712049682418,93.79509379509379,,
735,0.1857296388709184,92.35209235209236,,
736,0.17701287929460535,93.65079365079364,,
737,0.1859865194834328,91.34199134199135,,
738,0.17382184836427542,92.06349206349206,,
739,0.19286318050232457,91.48629148629149,,
740,0.1764537217297079,92.4963924963925,,
741,0.18828542871484036,93.07359307359307,,
742,0.1687758584301193,92.64069264069263,,
743,0.16029965084094505,93.65079365079364,,
744,0.1639158506360319,92.78499278499278,,
745,0.19203970333948345,92.06349206349206,,
746,0.16084269185860953,93.79509379509379,,
747,0.1587863460634694,94.37229437229438,,
748,0.16496531654573965,92.78499278499278,,
749,0.1887816989103609,92.06349206349206,,
750,0.18889905978934934,92.4963924963925,0.7243926656710638,76.62337662337663
751,0.15971340219695845,93.21789321789322,,
752,0.16480759623719846,93.21789321789322,,
753,0.16322253620813762,93.79509379509379,,
754,0.18755283685129615,92.4963924963925,,
755,0.16919286761965072,92.78499278499278,,
756,0.17927706442655078,92.78499278499278,,
757,0.16244919366817412,93.79509379509379,,
758,0.17050010937804955,93.07359307359307,,
759,0.16398977236701295,93.93939393939394,,
760,0.2054670862477235,91.63059163059162,,
761,0.19883123612700604,91.1976911976912,,
762,0.17750205069479316,93.07359307359307,,
763,0.19084176072289075,91.77489177489177,,
764,0.17129407055450208,92.64069264069263,,
765,0.18932874262074886,92.4963924963925,,
766,0.15446658929189047,92.78499278499278,,
767,0.15645522357086944,93.21789321789322,,
768,0.19243963558393468,92.06349206349206,,
769,0.1871544195320269,91.91919191919192,,
770,0.1638752149920615,93.36219336219337,,
771,0.16256541932407567,93.50649350649351,,
772,0.18211932460983077,92.35209235209236,,
773,0.16572291436262462,91.91919191919192,,
774,0.17090923828308027,93.65079365079364,,
775,0.18413942860786145,92.35209235209236,0.7384207442209318,77.92207792207792
776,0.16653465291466377,93.36219336219337,,
777,0.16494135178012764,92.4963924963925,,
778,0.17830621213537962,92.4963924963925,,
779,0.1710723668207854,93.65079365079364,,
780,0.17792764551195747,92.20779220779221,,
781,0.2105896719778427,90.62049062049061,,
782,0.16871015971572195,93.50649350649351,,
783,0.16023813342893278,93.07359307359307,,
784,0.17272697841751283,92.78499278499278,,
785,0.1666687010084568,93.36219336219337,,
786,0.15999833700579053,92.92929292929293,,
787,0.1877792617373308,93.07359307359307,,
788,0.17263928410552798,92.64069264069263,,
789,0.16825581874703777,93.50649350649351,,
790,0.16859806925703436,93.21789321789322,,
791,0.17261806031498214,92.92929292929293,,
792,0.15342515634982962,93.65079365079364,,
793,0.17503835817780158,92.20779220779221,,
794,0.193442614574367,92.20779220779221,,
795,0.1692328221671294,93.93939393939394,,
796,0.1733037679097353,92.92929292929293,,
797,0.18231193319199576,93.07359307359307,,
798,0.16212612506631133,92.78499278499278,,
799,0.1482831413869734,94.51659451659452,,
800,0.17074206855260965,93.21789321789322,0.7246766252951189,76.62337662337663
801,0.17796767811582545,91.34199134199135,,
802,0.19028681972498157,91.34199134199135,,
803,0.16707122268915864,93.21789321789322,,
804,0.18266743077516212,92.78499278499278,,
805,0.1762766054096332,92.35209235209236,,
806,0.17474910843724983,92.35209235209236,,
807,0.1703069367772573,93.79509379509379,,
808,0.16805565847462905,93.65079365079364,,
809,0.18202424224084418,92.92929292929293,,
810,0.16401796397708712,92.78499278499278,,
811,0.1746702583299743,92.64069264069263,,
812,0.16925966410667864,93.07359307359307,,
813,0.15435061380159631,94.08369408369408,,
814,0.16568893721007338,92.78499278499278,,
815,0.16323847246247453,93.36219336219337,,
816,0.13886504824586418,94.66089466089466,,
817,0.1842922560795389,91.91919191919192,,
818,0.1660715745275499,93.65079365079364,,
819,0.1652863687885358,92.64069264069263,,
820,0.17621852700231652,92.78499278499278,,
821,0.15732056075575376,93.93939393939394,,
822,0.15263731508888034,93.36219336219337,,
823,0.1806749255325199,91.48629148629149,,
824,0.16603639920767596,93.65079365079364,,
825,0.16696705253093275,93.79509379509379,0.6817448115968084,77.92207792207792
826,0.15799675089499307,93.93939393939394,,
827,0.16260460349106234,93.21789321789322,,
828,0.1748282608789799,92.20779220779221,,
829,0.1769130036428377,93.07359307359307,,
830,0.15820830842160216,93.36219336219337,,
831,0.1542152783216594,93.79509379509379,,
832,0.1489380852011547,93.93939393939394,,
833,0.16809630811128437,93.65079365079364,,
834,0.14993877040187345,94.22799422799423,,
835,0.17824156029743893,92.92929292929293,,
836,0.18363572423807298,92.78499278499278,,
837,0.14987810661352385,94.8051948051948,,
838,0.17701910124906214,92.78499278499278,,
839,0.17061695138269345,93.36219336219337,,
840,0.17523137155334326,92.92929292929293,,
841,0.1679571634978271,93.50649350649351,,
842,0.15769121201620215,93.21789321789322,,
843,0.16985070278591236,93.50649350649351,,
844,0.14076509566448123,94.51659451659452,,
845,0.14678505392581181,93.93939393939394,,
846,0.15803161704802582,94.37229437229438,,
847,0.17087560735943944,92.06349206349206,,
848,0.15030439992530695,93.79509379509379,,
849,0.16537302842129878,93.36219336219337,,
850,0.15082659979833324,93.65079365079364,0.7564109409010256,79.22077922077922
851,0.15406231526258532,93.50649350649351,,
852,0.14215321617381052,94.66089466089466,,
853,0.13832134451894534,94.8051948051948,,
854,0.1652311948470739,93.79509379509379,,
855,0.1561383642202504,93.21789321789322,,
856,0.17531549616637512,91.77489177489177,,
857,0.14915838794618802,94.37229437229438,,
858,0.1487580631640545,94.08369408369408,,
859,0.14952772485917437,93.79509379509379,,
860,0.1649374414832045,92.64069264069263,,
861,0.18454023291495283,92.35209235209236,,
862,0.15500654697332203,93.07359307359307,,
863,0.1569133953528659,93.93939393939394,,
864,0.15789296189900945,94.22799422799423,,
865,0.16993301972467317,93.65079365079364,,
866,0.148004904367879,94.51659451659452,,
867,0.16159444400021997,94.37229437229438,,
868,0.15004810508647007,93.93939393939394,,
869,0.16984030031861164,93.50649350649351,,
870,0.18064785104723377,93.50649350649351,,
871,0.16732607985689463,93.07359307359307,,
872,0.14616162776086924,94.37229437229438,,
873,0.16767002838901626,92.78499278499278,,
874,0.17572252213696896,92.78499278499278,,
875,0.17058832538119298,92.78499278499278,0.7575160412045269,77.92207792207792
876,0.1294007146943355,95.38239538239539,,
877,0.16311748658036773,93.65079365079364,,
878,0.17894161422703345,92.20779220779221,,
879,0.1537058207113699,94.37229437229438,,
880,0.15615800874573843,93.65079365079364,,
881,0.14067141582663903,93.79509379509379,,
882,0.14449903881177306,94.08369408369408,,
883,0.1604067629893965,92.4963924963925,,
884,0.1597705673087727,93.79509379509379,,
885,0.15351644532505052,94.51659451659452,,
886,0.1500575231095241,93.79509379509379,,
887,0.14223107621295467,94.08369408369408,,
888,0.14993608388431576,93.07359307359307,,
889,0.1585663737834016,92.92929292929293,,
890,0.13573832149801487,94.08369408369408,,
891,0.1857206237006497,92.64069264069263,,
892,0.17680121452949435,93.50649350649351,,
893,0.15286712688199025,94.37229437229438,,
894,0.1495961459383132,92.64069264069263,,
895,0.15008290391549747,94.22799422799423,,
896,0.16075029091917592,92.92929292929293,,
897,0.15755070072113608,93.50649350649351,,
898,0.16611825516729645,93.50649350649351,,
899,0.1657608789949534,92.92929292929293,,
900,0.14071054397551355,94.37229437229438,0.7088127174934784,80.51948051948052
901,0.16491447300965995,93.50649350649351,,
902,0.1570639226902787,93.79509379509379,,
903,0.12813340093064274,94.66089466089466,,
904,0.1404924239065568,93.93939393939394,,
905,0.1343473832396465,94.8051948051948,,
906,0.15551957263359947,93.36219336219337,,
907,0.14231584409808185,93.65079365079364,,
908,0.14935852705486238,94.08369408369408,,
909,0.1252217860180148,94.94949494949495,,
910,0.1504692780055525,94.22799422799423,,
911,0.16494188298609694,93.21789321789322,,
912,0.1692681974834866,93.36219336219337,,
913,0.16175605126617618,93.50649350649351,,
914,0.13651074787324985,94.66089466089466,,
915,0.15427533493069515,93.50649350649351,,
916,0.1735089665082583,92.20779220779221,,
917,0.16713955723190033,93.07359307359307,,
918,0.14780695259055018,94.94949494949495,,
919,0.13159365781070867,94.51659451659452,,
920,0.13950473885085504,94.66089466089466,,
921,0.15629417542771343,93.36219336219337,,
922,0.16520012715699697,92.78499278499278,,
923,0.1464282199417874,94.08369408369408,,
924,0.1483615728855821,94.94949494949495,,
925,0.16908500518805708,92.35209235209236,0.7240305295238247,80.51948051948052
926,0.164207774516824,93.36219336219337,,
927,0.13097942108624383,94.37229437229438,,
928,0.14360354468763992,95.23809523809524,,
929,0.1646024597886665,93.21789321789322,,
930,0.15400257989936234,92.92929292929293,,
931,0.1683285390745854,93.07359307359307,,
932,0.17310672321102835,92.92929292929293,,
933,0.16286127037042147,93.21789321789322,,
934,0.13520399799293598,95.23809523809524,,
935,0.1386107152266076,94.22799422799423,,
936,0.14084777299416873,94.66089466089466,,
937,0.13557685677010517,93.79509379509379,,
938,0.14046424571397845,94.37229437229438,,
939,0.1567900155013774,93.93939393939394,,
940,0.13860495476667672,93.93939393939394,,
941,0.14772375394599607,94.51659451659452,,
942,0.14774772017914667,94.51659451659452,,
943,0.15962777289993318,93.50649350649351,,
944,0.13164311554954852,95.0937950937951,,
945,0.16367082846113098,91.91919191919192,,
946,0.1435590439501607,93.79509379509379,,
947,0.15186100570561598,93.21789321789322,,
948,0.15408472074424207,93.65079365079364,,
949,0.1293746849728955,94.37229437229438,,
950,0.1671253370946276,92.78499278499278,0.682547976831337,81.81818181818181
951,0.15917640053606652,94.51659451659452,,
952,0.1566449361618119,93.65079365079364,,
953,0.14442703648219032,95.38239538239539,,
954,0.14214339081472133,94.66089466089466,,
955,0.14415811797843178,93.65079365079364,,
956,0.15640549543401036,93.36219336219337,,
957,0.17867091491624906,92.78499278499278,,
958,0.15231121597007927,93.65079365079364,,
959,0.1482246286984302,94.51659451659452,,
960,0.14214983843750767,94.94949494949495,,
961,0.14536866749882763,93.93939393939394,,
962,0.13988600642263116,95.38239538239539,,
963,0.17532204636634685,93.07359307359307,,
964,0.1323033906250633,94.8051948051948,,
965,0.14213904749177408,95.0937950937951,,
966,0.15101670014737834,93.65079365079364,,
967,0.12752614822910632,95.38239538239539,,
968,0.1658925651686876,93.50649350649351,,
969,0.16887358273950662,93.07359307359307,,
970,0.15414444833434848,93.36219336219337,,
971,0.1289031585573634,95.23809523809524,,
972,0.1691841015439013,94.08369408369408,,
973,0.14412513164558796,94.22799422799423,,
974,0.16566779947212076,94.37229437229438,,
975,0.15372845186471595,93.50649350649351,0.7335849179849996,79.22077922077922
976,0.14280491363133532,93.50649350649351,,
977,0.13611688207926345,94.51659451659452,,
978,0.13698675725367163,94.22799422799423,,
979,0.16217487474196574,94.08369408369408,,
980,0.12909792136255796,94.66089466089466,,
981,0.13604021168073363,95.0937950937951,,
982,0.13955756480581144,94.22799422799423,,
983,0.14508573151856102,93.79509379509379,,
984,0.13131051657863854,95.23809523809524,,
985,0.14667138139062802,94.51659451659452,,
986,0.15737706575069635,93.21789321789322,,
987,0.13881773290911106,93.93939393939394,,
988,0.1448107896558134,94.8051948051948,,
989,0.13693198368146822,95.52669552669553,,
990,0.156233560815346,93.50649350649351,,
991,0.13334241702959135,93.50649350649351,,
992,0.1469431080429413,93.36219336219337,,
993,0.1337699351609183,95.38239538239539,,
994,0.15150795737214245,94.08369408369408,,
995,0.12773697181977062,94.8051948051948,,
996,0.12805369188256485,94.8051948051948,,
997,0.16584563137046873,93.36219336219337,,
998,0.1445086206353846,94.37229437229438,,
999,0.14498175445186112,93.65079365079364,,
1000,0.14449581704646736,94.51659451659452,0.7596729335846839,80.51948051948052
