epoch,train_loss,train_acc,test_loss,test_acc
1,2.2390658553989455,19.284802043422733,2.260329972696668,17.17557251908397
2,2.0304633537319274,32.56704980842912,,
3,1.852620175667345,42.017879948914434,,
4,1.6201839660167086,54.15070242656449,,
5,1.4822149386351136,57.982120051085566,,
6,1.3772174616274098,60.02554278416348,,
7,1.2621320422125046,62.324393358876115,,
8,1.1739716755932774,65.13409961685824,,
9,1.085229722476097,69.98722860791827,,
10,1.0446028429277403,70.62579821200511,,
11,0.9776745535252499,72.03065134099617,,
12,0.9425888594387439,71.51979565772669,,
13,0.8885302465994239,74.45721583652617,,
14,0.8333217515342537,77.2669220945083,,
15,0.7955230311567908,77.39463601532567,,
16,0.7925725905831289,75.86206896551724,,
17,0.7722758924062834,77.2669220945083,,
18,0.7268698601430403,80.45977011494253,,
19,0.7543254579925294,77.77777777777777,,
20,0.6868533230223722,81.60919540229885,,
21,0.6888899750636455,80.07662835249042,,
22,0.6546233199717594,79.82120051085569,,
23,0.6072256536928325,82.75862068965517,,
24,0.6150255522204238,81.8646232439336,,
25,0.6163665001419769,81.60919540229885,0.6322564815974417,83.58778625954199
26,0.5701176479249469,84.92975734355045,,
27,0.5531423482401617,84.67432950191571,,
28,0.5391550126508126,84.03575989782887,,
29,0.5202421873693722,86.71775223499361,,
30,0.49801543244609126,85.69604086845466,,
31,0.5250123724398486,84.16347381864624,,
32,0.4956133410163309,85.82375478927203,,
33,0.49581832333086095,85.82375478927203,,
34,0.48376227685013645,86.84546615581098,,
35,0.4631859603817283,87.61174968071519,,
36,0.4846206315784771,86.07918263090677,,
37,0.4527299715869728,86.33461047254151,,
38,0.46277046907755,87.35632183908046,,
39,0.4559244268394217,86.97318007662835,,
40,0.42627295094279344,87.2286079182631,,
41,0.4177592837871415,88.50574712643679,,
42,0.42106206553344677,88.50574712643679,,
43,0.3853853142428977,89.14431673052363,,
44,0.39684465523728313,89.39974457215837,,
45,0.39842893938756385,89.272030651341,,
46,0.3562232734752036,91.44316730523627,,
47,0.37729172007029693,90.03831417624521,,
48,0.3411939120916876,91.57088122605364,,
49,0.35278109313579964,90.67688378033206,,
50,0.33574896575086116,91.69859514687101,0.47310366527042313,87.78625954198473
