epoch,train_loss,train_acc,test_loss,test_acc
1,0.6875932310394739,55.84415584415584,0.6855729485487009,55.84415584415584
2,0.6868777623424283,55.98845598845599,,
3,0.6848255199787421,55.98845598845599,,
4,0.6864748081947646,55.98845598845599,,
5,0.6856172716978824,55.98845598845599,,
6,0.6842287328164127,55.98845598845599,,
7,0.6824312880957798,55.98845598845599,,
8,0.6809996535079648,55.98845598845599,,
9,0.6780043973723188,55.98845598845599,,
10,0.6741177997031769,55.98845598845599,,
11,0.6704273355471624,55.98845598845599,,
12,0.6664076187737921,55.98845598845599,,
13,0.6615750513551555,55.98845598845599,,
14,0.6536054251685975,56.277056277056275,,
15,0.6499489756545636,58.297258297258296,,
16,0.6402596250756994,59.16305916305916,,
17,0.6374565188330833,62.19336219336219,,
18,0.6259736280248622,64.93506493506493,,
19,0.6129346525170243,65.36796536796537,,
20,0.6103258169918694,69.11976911976912,,
21,0.5917593355130668,67.53246753246754,,
22,0.5873712822472378,71.42857142857143,,
23,0.5800936991002137,70.85137085137085,,
24,0.5647933325296185,71.13997113997114,,
25,0.5835138895638922,70.27417027417027,0.5673222959815681,72.72727272727273
26,0.562407373951971,72.43867243867244,,
27,0.5572561632847202,71.57287157287158,,
28,0.5511455924652011,71.86147186147186,,
29,0.543527506216608,73.73737373737374,,
30,0.5394666858049698,71.71717171717172,,
31,0.5426343294105145,74.17027417027417,,
32,0.5298078618352375,73.44877344877345,,
33,0.5298986888637103,74.89177489177489,,
34,0.5287012426024047,73.5930735930736,,
35,0.5131769674852985,75.46897546897547,,
36,0.5200741308678108,74.31457431457432,,
37,0.5100540042267562,74.31457431457432,,
38,0.5149679111281859,76.04617604617604,,
39,0.4958680455302779,75.18037518037518,,
40,0.5087572407799882,75.75757575757575,,
41,0.5153023258260147,75.03607503607503,,
42,0.5094930833208269,74.60317460317461,,
43,0.5069260348231246,75.18037518037518,,
44,0.4819441668226949,78.06637806637806,,
45,0.48426472461240805,77.2005772005772,,
46,0.4765492957649809,77.4891774891775,,
47,0.48027257945974494,78.78787878787878,,
48,0.46460433637597,78.21067821067821,,
49,0.46030276962172934,77.63347763347764,,
50,0.4628519777955775,76.91197691197691,0.4961127294348432,76.62337662337663
51,0.4719037961478185,76.76767676767676,,
52,0.4875800788488567,76.33477633477634,,
53,0.4723913285123321,77.77777777777777,,
54,0.4703970296902402,78.06637806637806,,
55,0.4692432868360269,78.64357864357865,,
56,0.471433787720888,77.92207792207792,,
57,0.4571329555642209,79.07647907647907,,
58,0.4455092452133201,79.65367965367966,,
59,0.4519669745563601,79.50937950937951,,
60,0.4560862814881241,78.4992784992785,,
61,0.4380660467333608,79.07647907647907,,
62,0.43628068171538315,79.50937950937951,,
63,0.43526969714598224,79.50937950937951,,
64,0.4467661225950563,80.51948051948052,,
65,0.44702669462084255,79.36507936507937,,
66,0.4430368260559754,80.51948051948052,,
67,0.42691736596315283,82.1067821067821,,
68,0.4282226547018274,79.79797979797979,,
69,0.4156807607730574,81.0966810966811,,
70,0.4344577044463605,79.79797979797979,,
71,0.4471982800083243,79.50937950937951,,
72,0.43817188630544435,80.51948051948052,,
73,0.43937887748082477,79.94227994227994,,
74,0.42742391100521554,79.50937950937951,,
75,0.41171016289300216,79.36507936507937,0.46628898924047296,79.22077922077922
76,0.40548701926227254,81.0966810966811,,
77,0.3962693644464446,82.3953823953824,,
78,0.4228655302851403,79.94227994227994,,
79,0.4311225413416027,80.08658008658008,,
80,0.4206804624969653,80.08658008658008,,
81,0.41289651884145034,79.79797979797979,,
82,0.4174186031711738,81.0966810966811,,
83,0.41150821184183095,81.24098124098124,,
84,0.4129708053659739,79.36507936507937,,
85,0.4130458266274066,81.52958152958153,,
86,0.39166985127488946,81.96248196248196,,
87,0.4095260219656544,81.0966810966811,,
88,0.39494388895633414,81.96248196248196,,
89,0.4097524687411293,81.67388167388168,,
90,0.39598288256970665,83.26118326118326,,
91,0.41707128931433607,80.95238095238095,,
92,0.3979975554506156,81.52958152958153,,
93,0.40933862728473946,80.37518037518038,,
94,0.39385227315009586,84.41558441558442,,
95,0.3864925554906479,82.97258297258297,,
96,0.4170124421130011,81.52958152958153,,
97,0.38304509659006136,82.53968253968254,,
98,0.3978336751676053,82.97258297258297,,
99,0.40416725186300484,82.68398268398268,,
100,0.3748913090810459,83.26118326118326,0.44837270231990073,80.51948051948052
101,0.4057789481477476,82.53968253968254,,
102,0.39981414401341997,81.67388167388168,,
103,0.3974271116920708,81.52958152958153,,
104,0.4015786021646827,81.96248196248196,,
105,0.384607755690598,82.1067821067821,,
106,0.3774204474334937,84.27128427128427,,
107,0.386172508866584,82.1067821067821,,
108,0.38362887652233396,82.97258297258297,,
109,0.379101582763859,83.83838383838383,,
110,0.37129954471216575,82.97258297258297,,
111,0.3700903815796537,84.12698412698413,,
112,0.38453311171022503,81.81818181818181,,
113,0.3913257633796846,82.25108225108225,,
114,0.38094969495894415,81.96248196248196,,
115,0.37035307118838484,82.53968253968254,,
116,0.3660973921568707,84.55988455988457,,
117,0.3534761858192873,85.13708513708514,,
118,0.37300076895806006,82.82828282828282,,
119,0.3859028408537695,82.3953823953824,,
120,0.3635002292294867,83.83838383838383,,
121,0.3801110005825973,83.11688311688312,,
122,0.3733158028142965,82.82828282828282,,
123,0.37848820198665967,83.26118326118326,,
124,0.34500845707684197,84.55988455988457,,
125,0.3718192500813527,84.7041847041847,0.43293890627947723,79.22077922077922
126,0.36207393499851914,83.40548340548341,,
127,0.37754113935632966,82.1067821067821,,
128,0.3583083730325382,85.28138528138528,,
129,0.35928211003154903,83.54978354978356,,
130,0.35698256760964664,85.13708513708514,,
131,0.3563980505752013,84.84848484848484,,
132,0.36054651032794605,84.99278499278499,,
133,0.34434297160496785,85.56998556998558,,
134,0.33915007080006565,86.002886002886,,
135,0.35426923796039983,83.40548340548341,,
136,0.33676499876625093,86.14718614718615,,
137,0.35208025659618614,84.99278499278499,,
138,0.36854872533253263,84.84848484848484,,
139,0.350204710384984,85.42568542568543,,
140,0.3618243197342018,85.42568542568543,,
141,0.34489660603659494,85.85858585858585,,
142,0.36532718330234676,83.69408369408369,,
143,0.3518155753870547,85.85858585858585,,
144,0.34347782371106084,86.002886002886,,
145,0.35180843108660215,84.7041847041847,,
146,0.36511276178545765,82.97258297258297,,
147,0.35824007696833615,84.84848484848484,,
148,0.34431039220498927,86.002886002886,,
149,0.3529936989922544,83.69408369408369,,
150,0.34139319054492107,85.85858585858585,0.4160042258052083,84.41558441558442
151,0.3448710362460534,87.01298701298701,,
152,0.3423997668218819,84.7041847041847,,
153,0.3467518073032257,83.98268398268398,,
154,0.32592232684466405,86.14718614718615,,
155,0.3409274324108168,87.01298701298701,,
156,0.32635648477645146,86.14718614718615,,
157,0.35049431525912633,83.98268398268398,,
158,0.3608584019098791,84.99278499278499,,
159,0.34163511416526754,84.84848484848484,,
160,0.35502865061185407,83.40548340548341,,
161,0.3239221467944279,85.85858585858585,,
162,0.32674224058658013,85.56998556998558,,
163,0.3181382334357044,85.28138528138528,,
164,0.33397981442758357,86.58008658008659,,
165,0.32789367987824036,86.86868686868686,,
166,0.3309583608034197,85.71428571428571,,
167,0.33492339741099963,84.84848484848484,,
168,0.3178988549788449,86.002886002886,,
169,0.3501731621432098,86.14718614718615,,
170,0.3430943917832505,84.84848484848484,,
171,0.33648795156079797,87.01298701298701,,
172,0.322525077180945,87.5901875901876,,
173,0.3299655747017991,86.2914862914863,,
174,0.3164279481979332,86.2914862914863,,
175,0.3334457209443977,85.56998556998558,0.4101038880936511,84.41558441558442
176,0.33041573008374564,85.42568542568543,,
177,0.3459549210804365,86.002886002886,,
178,0.3253626479816987,85.56998556998558,,
179,0.30584745951975234,88.31168831168831,,
180,0.3384204703836042,84.41558441558442,,
181,0.3186025324278924,85.56998556998558,,
182,0.3292458721827635,85.85858585858585,,
183,0.29870191319680317,88.16738816738817,,
184,0.3244917108684047,85.56998556998558,,
185,0.3290551920000781,86.43578643578644,,
186,0.31150365907908517,87.01298701298701,,
187,0.3303299868777717,85.13708513708514,,
188,0.309891478581862,86.86868686868686,,
189,0.3266947055920894,86.43578643578644,,
190,0.30866769788327153,86.86868686868686,,
191,0.3013690033172288,85.71428571428571,,
192,0.3000477015929133,87.5901875901876,,
193,0.3222913220847324,85.85858585858585,,
194,0.31613616982923787,86.86868686868686,,
195,0.29295241527399113,88.02308802308802,,
196,0.31519401292780264,87.15728715728716,,
197,0.308579972941122,86.72438672438672,,
198,0.2991126731661663,88.88888888888889,,
199,0.30428691459940627,86.43578643578644,,
200,0.3110824672002641,86.72438672438672,0.3814305477328115,83.11688311688312
201,0.31409471960466834,87.44588744588745,,
202,0.3211691044109724,84.84848484848484,,
203,0.2991564835261817,88.02308802308802,,
204,0.3094200274300954,86.2914862914863,,
205,0.300771859731165,88.16738816738817,,
206,0.30081516229057037,87.73448773448773,,
207,0.3067931221075044,86.72438672438672,,
208,0.3276523496595468,86.72438672438672,,
209,0.293868318501145,88.88888888888889,,
210,0.3000241487057178,87.15728715728716,,
211,0.3165090014408161,87.3015873015873,,
212,0.2895277818560084,88.31168831168831,,
213,0.3141475474249577,86.58008658008659,,
214,0.32196557857257463,87.01298701298701,,
215,0.30273406424735705,86.14718614718615,,
216,0.29893809582763936,87.5901875901876,,
217,0.2967029445486151,87.3015873015873,,
218,0.296870183979106,86.2914862914863,,
219,0.27904032884652136,89.17748917748918,,
220,0.2985037003588711,87.44588744588745,,
221,0.31403730581763156,88.02308802308802,,
222,0.2986122281283871,87.5901875901876,,
223,0.3036348352001773,88.02308802308802,,
224,0.3008180931533054,86.72438672438672,,
225,0.30855419324417993,87.44588744588745,0.3971512956278665,80.51948051948052
226,0.2733725044462416,88.16738816738817,,
227,0.2923387421502007,87.15728715728716,,
228,0.31513829853971626,86.86868686868686,,
229,0.3023866106464405,88.16738816738817,,
230,0.3149346884710964,85.13708513708514,,
231,0.32725519520293755,87.44588744588745,,
232,0.285749621549554,88.45598845598846,,
233,0.2983536660069167,87.5901875901876,,
234,0.2694985849989785,89.32178932178932,,
235,0.30917171263075494,86.72438672438672,,
236,0.3011749178644211,88.74458874458874,,
237,0.3129316798235259,86.58008658008659,,
238,0.28043299418851236,88.45598845598846,,
239,0.2782340415499427,86.72438672438672,,
240,0.2895032384178855,87.5901875901876,,
241,0.2719207068456372,89.17748917748918,,
242,0.30224916115295664,86.14718614718615,,
243,0.30377862870177147,87.01298701298701,,
244,0.30180157878010133,87.73448773448773,,
245,0.2872680691413549,87.01298701298701,,
246,0.2962189811304706,87.3015873015873,,
247,0.2756230092323876,87.87878787878788,,
248,0.2817387670321554,88.02308802308802,,
249,0.3031906939258135,87.3015873015873,,
250,0.28398202166154785,88.45598845598846,0.4460763784198018,83.11688311688312
251,0.2662796928382023,88.88888888888889,,
252,0.29213758290330055,87.3015873015873,,
253,0.2878856998243373,88.31168831168831,,
254,0.2826478485001888,88.60028860028861,,
255,0.30130145808448006,87.44588744588745,,
256,0.2898178235620991,88.60028860028861,,
257,0.2912673037633579,86.58008658008659,,
258,0.2750559372647328,89.03318903318903,,
259,0.3032704543800753,88.02308802308802,,
260,0.2991596290150934,87.44588744588745,,
261,0.2934128706159358,87.73448773448773,,
262,0.2607481407396721,89.17748917748918,,
263,0.28350029759979867,88.88888888888889,,
264,0.2723921648969855,88.88888888888889,,
265,0.2907154114559443,87.87878787878788,,
266,0.2664074119379338,88.88888888888889,,
267,0.2682210956559037,88.88888888888889,,
268,0.27103836972046036,89.17748917748918,,
269,0.3025808093738762,87.44588744588745,,
270,0.27303199295873765,88.31168831168831,,
271,0.27456872821026207,88.60028860028861,,
272,0.2770380482056096,89.03318903318903,,
273,0.26029118942835977,89.46608946608947,,
274,0.29485330349009103,87.44588744588745,,
275,0.2654288423181784,89.17748917748918,0.46150142341465145,85.71428571428571
276,0.28404229401488496,88.45598845598846,,
277,0.2660712533956998,88.31168831168831,,
278,0.26186302072041995,89.6103896103896,,
279,0.2547202535392918,89.8989898989899,,
280,0.27787369003715623,87.73448773448773,,
281,0.28809521871942806,89.32178932178932,,
282,0.2868601709045201,88.60028860028861,,
283,0.2954635917925387,87.5901875901876,,
284,0.2666031585369275,88.88888888888889,,
285,0.26368380263770297,89.03318903318903,,
286,0.2854007533489368,88.31168831168831,,
287,0.2662653282693282,88.88888888888889,,
288,0.26482475870443456,88.88888888888889,,
289,0.27633111507861646,89.17748917748918,,
290,0.2530744621936033,90.47619047619048,,
291,0.2682880133089393,88.74458874458874,,
292,0.27503111126629737,88.31168831168831,,
293,0.25941320828029085,89.75468975468975,,
294,0.2885671454504627,88.31168831168831,,
295,0.28522974708551624,88.45598845598846,,
296,0.2657715913021203,88.88888888888889,,
297,0.2823534447049338,88.31168831168831,,
298,0.2750866368606493,88.60028860028861,,
299,0.26792735495694614,88.60028860028861,,
300,0.26454900437361234,88.60028860028861,0.44193340896011946,81.81818181818181
301,0.2606296739493958,89.17748917748918,,
302,0.2454892365963428,89.03318903318903,,
303,0.2767496360694347,87.44588744588745,,
304,0.2602256525732566,89.6103896103896,,
305,0.25236530935265455,89.03318903318903,,
306,0.24252876110407182,90.47619047619048,,
307,0.258653433721991,89.6103896103896,,
308,0.2841716456034827,88.02308802308802,,
309,0.2930407059657109,86.86868686868686,,
310,0.2683830170544109,88.88888888888889,,
311,0.24257645333484137,90.04329004329004,,
312,0.2520590755029502,90.33189033189034,,
313,0.25582214437349876,89.32178932178932,,
314,0.2759882342849803,88.60028860028861,,
315,0.24358903682249106,90.47619047619048,,
316,0.2489402454566818,90.18759018759019,,
317,0.25693611344819806,89.32178932178932,,
318,0.2521674845469806,88.60028860028861,,
319,0.26384480119095566,88.02308802308802,,
320,0.28277715894394967,87.3015873015873,,
321,0.2522041501442419,89.8989898989899,,
322,0.27030767734776673,89.8989898989899,,
323,0.2790386090632985,88.45598845598846,,
324,0.24162178640058976,90.47619047619048,,
325,0.27512333265802735,87.44588744588745,0.4615455958750341,83.11688311688312
326,0.2468872954921117,90.47619047619048,,
327,0.25358719227117893,89.03318903318903,,
328,0.23309940863051284,90.76479076479076,,
329,0.2560780355639616,89.75468975468975,,
330,0.256099479496049,88.60028860028861,,
331,0.25473100248009267,89.75468975468975,,
332,0.26752817157715086,88.74458874458874,,
333,0.2719139206031012,88.45598845598846,,
334,0.2564034586689001,90.04329004329004,,
335,0.2445019855557754,89.8989898989899,,
336,0.25168629971159484,89.17748917748918,,
337,0.24122279172851926,89.6103896103896,,
338,0.2670308400434677,88.60028860028861,,
339,0.25414403220490805,89.17748917748918,,
340,0.22341851744945948,91.05339105339105,,
341,0.2510604595639145,90.04329004329004,,
342,0.25462682577438683,88.74458874458874,,
343,0.2377435891454956,89.6103896103896,,
344,0.25761842652402744,89.46608946608947,,
345,0.2731767779304868,87.73448773448773,,
346,0.25209387048842413,90.18759018759019,,
347,0.24995290091285458,89.8989898989899,,
348,0.2483863066586237,88.88888888888889,,
349,0.2605814521790927,89.8989898989899,,
350,0.26707314571142626,88.74458874458874,0.5378938727564626,80.51948051948052
351,0.2399282045286111,88.74458874458874,,
352,0.2607659867401591,88.02308802308802,,
353,0.2389625266629767,89.75468975468975,,
354,0.26847683792076416,90.47619047619048,,
355,0.2551264160811299,89.6103896103896,,
356,0.25518029655126956,89.32178932178932,,
357,0.24860256312557458,89.75468975468975,,
358,0.24734895380716476,90.18759018759019,,
359,0.2633181226803971,90.9090909090909,,
360,0.25654389207153266,89.8989898989899,,
361,0.25514313591507093,88.88888888888889,,
362,0.2645592545018052,89.03318903318903,,
363,0.22737063158405635,90.62049062049061,,
364,0.24053022547115668,91.05339105339105,,
365,0.2420417263910368,91.48629148629149,,
366,0.23277113037277955,91.1976911976912,,
367,0.23892059670640275,89.46608946608947,,
368,0.26049192163765345,88.74458874458874,,
369,0.23753283223376473,89.46608946608947,,
370,0.23200042259813558,91.1976911976912,,
371,0.26083638614734356,88.31168831168831,,
372,0.23848552462170478,90.18759018759019,,
373,0.2478839349200543,91.05339105339105,,
374,0.2266083097281566,91.77489177489177,,
375,0.24878330973835736,89.17748917748918,0.5353280073636538,83.11688311688312
376,0.2628129008528474,89.03318903318903,,
377,0.25074420507035045,89.46608946608947,,
378,0.25552576167500896,89.6103896103896,,
379,0.22637438619291628,91.34199134199135,,
380,0.23986545923296335,90.33189033189034,,
381,0.2436686267546804,90.76479076479076,,
382,0.2505597424455535,89.8989898989899,,
383,0.2224247641377635,90.62049062049061,,
384,0.21327325225435467,91.63059163059162,,
385,0.2720190335661818,89.46608946608947,,
386,0.21972175612293107,92.35209235209236,,
387,0.25042793859995116,88.60028860028861,,
388,0.23591136107756117,90.62049062049061,,
389,0.2608640306181722,89.17748917748918,,
390,0.2557522983520062,89.32178932178932,,
391,0.24639302549123077,90.33189033189034,,
392,0.23823536569077902,90.62049062049061,,
393,0.21205135205596642,90.18759018759019,,
394,0.23865188838857593,89.8989898989899,,
395,0.21754464442595775,91.77489177489177,,
396,0.25049695122481724,89.03318903318903,,
397,0.21857405642066338,91.1976911976912,,
398,0.23737840840934332,90.62049062049061,,
399,0.225044319080928,90.76479076479076,,
400,0.2373273101504919,89.75468975468975,0.5309444727835717,81.81818181818181
401,0.2181429472062495,90.33189033189034,,
402,0.25186241639060375,88.16738816738817,,
403,0.24271785877483748,89.03318903318903,,
404,0.22445600962570048,90.47619047619048,,
405,0.2585836084933164,90.33189033189034,,
406,0.23553814461607953,90.04329004329004,,
407,0.2657003972953532,89.46608946608947,,
408,0.2282029301530183,89.8989898989899,,
409,0.2470398914246332,90.47619047619048,,
410,0.24307642143332597,90.33189033189034,,
411,0.2271879385796632,91.1976911976912,,
412,0.22369730653184833,91.63059163059162,,
413,0.2432741168644521,90.9090909090909,,
414,0.26102625196974344,88.60028860028861,,
415,0.22561858861047296,90.18759018759019,,
416,0.22822189283749414,90.62049062049061,,
417,0.2436401095203679,90.04329004329004,,
418,0.242870934511848,89.75468975468975,,
419,0.24733290119260593,88.88888888888889,,
420,0.2305022475953398,90.04329004329004,,
421,0.23042216817451933,90.47619047619048,,
422,0.25346171192577566,89.46608946608947,,
423,0.24726297497792332,89.8989898989899,,
424,0.2274941476908597,90.62049062049061,,
425,0.24374321408430047,90.76479076479076,0.4887217863813623,83.11688311688312
426,0.23259740373358925,91.34199134199135,,
427,0.23155799744621156,91.48629148629149,,
428,0.23917385858374757,89.6103896103896,,
429,0.22614877719383736,91.34199134199135,,
430,0.23370723559656872,90.04329004329004,,
431,0.21935068053686602,91.63059163059162,,
432,0.24165335458852513,91.1976911976912,,
433,0.21280246691356317,90.62049062049061,,
434,0.22380997437290298,91.05339105339105,,
435,0.21017127781891376,90.76479076479076,,
436,0.2283358270299727,91.1976911976912,,
437,0.22758864479147511,90.33189033189034,,
438,0.22663091345653905,90.9090909090909,,
439,0.21430501181626904,91.63059163059162,,
440,0.2064972933365669,90.33189033189034,,
441,0.21931955218852683,90.47619047619048,,
442,0.22239356132124755,90.76479076479076,,
443,0.22359360920058358,91.77489177489177,,
444,0.23770725658273628,90.04329004329004,,
445,0.2373657294076667,90.76479076479076,,
446,0.24865913209418025,90.9090909090909,,
447,0.2231799816070353,90.62049062049061,,
448,0.22387092514299556,91.05339105339105,,
449,0.22510585297990326,91.1976911976912,,
450,0.2554177481998269,89.46608946608947,0.5254798338010713,80.51948051948052
451,0.2262656760750094,91.05339105339105,,
452,0.19371294332359087,91.91919191919192,,
453,0.2186929132859256,90.9090909090909,,
454,0.24013337445637536,89.8989898989899,,
455,0.255734991438117,89.17748917748918,,
456,0.22696484212493484,91.77489177489177,,
457,0.22337537917374362,90.62049062049061,,
458,0.22390341408238953,91.05339105339105,,
459,0.2322787507873937,90.47619047619048,,
460,0.23209589530551245,90.9090909090909,,
461,0.21690439625305874,90.76479076479076,,
462,0.21447418193624476,91.1976911976912,,
463,0.2304598532004274,90.76479076479076,,
464,0.21319484968722124,92.06349206349206,,
465,0.23412580196819607,90.76479076479076,,
466,0.2209446791473448,90.62049062049061,,
467,0.22650172161462503,91.05339105339105,,
468,0.2184049543880281,92.06349206349206,,
469,0.2555005523291501,89.6103896103896,,
470,0.2152666650809251,91.63059163059162,,
471,0.20552602517828453,91.1976911976912,,
472,0.22780122165803354,90.04329004329004,,
473,0.20942733888910792,90.76479076479076,,
474,0.20758932988020937,90.76479076479076,,
475,0.21767056188284062,89.03318903318903,0.5576691379794827,84.41558441558442
476,0.2254718956665215,90.33189033189034,,
477,0.20892395734959007,92.35209235209236,,
478,0.21912020212644107,91.63059163059162,,
479,0.23179583356838035,90.76479076479076,,
480,0.22746323498468551,90.9090909090909,,
481,0.22036042168714956,89.46608946608947,,
482,0.22093295749991831,91.48629148629149,,
483,0.21941354148315662,91.48629148629149,,
484,0.19350770803929063,91.77489177489177,,
485,0.20433947388055865,92.35209235209236,,
486,0.23541574055412287,91.1976911976912,,
487,0.21162809087514534,91.77489177489177,,
488,0.21381629741660615,90.76479076479076,,
489,0.21467305133912126,90.9090909090909,,
490,0.21164161530235973,90.9090909090909,,
491,0.21651543513300572,90.76479076479076,,
492,0.2118004449518212,89.17748917748918,,
493,0.2218891190631049,90.47619047619048,,
494,0.23046304201398146,90.33189033189034,,
495,0.2120112016324013,92.06349206349206,,
496,0.21051657733119067,93.07359307359307,,
497,0.2201212757679635,90.76479076479076,,
498,0.22042149193531163,92.64069264069263,,
499,0.20069899678520567,91.63059163059162,,
500,0.19975607168106807,91.91919191919192,0.6073432386695564,83.11688311688312
501,0.2333026836917858,90.76479076479076,,
502,0.2101327424269562,92.06349206349206,,
503,0.19292857013051473,92.35209235209236,,
504,0.22464834934189207,91.05339105339105,,
505,0.21694563957089813,91.34199134199135,,
506,0.206376198394302,91.91919191919192,,
507,0.22628038696955466,91.34199134199135,,
508,0.21871014676912867,91.48629148629149,,
509,0.19748150416438887,93.21789321789322,,
510,0.2049718133642904,90.62049062049061,,
511,0.2251619112934557,91.63059163059162,,
512,0.22479634909402757,91.05339105339105,,
513,0.21348877150624518,91.91919191919192,,
514,0.22444744233961228,90.47619047619048,,
515,0.2085894194107723,91.05339105339105,,
516,0.21137820151977207,91.05339105339105,,
517,0.2340664631790585,89.8989898989899,,
518,0.22854561118938535,91.1976911976912,,
519,0.2240063426626408,90.76479076479076,,
520,0.20611300373189206,91.1976911976912,,
521,0.2432199295551058,90.76479076479076,,
522,0.21215656283613923,91.34199134199135,,
523,0.1981579799844761,91.48629148629149,,
524,0.20424242539151236,92.20779220779221,,
525,0.21898954679912647,90.04329004329004,0.6515939127315175,84.41558441558442
526,0.20467044630801523,91.77489177489177,,
527,0.21103055514986552,91.63059163059162,,
528,0.20752349289464744,91.48629148629149,,
529,0.22793005791211884,88.74458874458874,,
530,0.1908808716533848,92.64069264069263,,
531,0.22208678182940206,90.62049062049061,,
532,0.2163802021724665,91.48629148629149,,
533,0.22046674300968905,90.76479076479076,,
534,0.18907946640622908,92.78499278499278,,
535,0.21875654412554457,90.62049062049061,,
536,0.2036237009030916,91.91919191919192,,
537,0.20402327759935915,92.35209235209236,,
538,0.1949618086111322,92.20779220779221,,
539,0.2032531589097619,91.48629148629149,,
540,0.1961621789189128,91.91919191919192,,
541,0.17358829520782523,93.79509379509379,,
542,0.2096253696716193,89.8989898989899,,
543,0.21786816837467674,91.91919191919192,,
544,0.1999227502645352,91.77489177489177,,
545,0.19616335161664614,93.07359307359307,,
546,0.20939032329195334,91.1976911976912,,
547,0.18987273430239415,93.21789321789322,,
548,0.2026709085988878,92.35209235209236,,
549,0.16370351378191772,94.66089466089466,,
550,0.19441336014914135,92.20779220779221,0.669973614153924,81.81818181818181
551,0.205027466309277,90.76479076479076,,
552,0.2062872209590235,92.06349206349206,,
553,0.22661206642270604,91.63059163059162,,
554,0.21645258958915095,91.48629148629149,,
555,0.20413161536831875,91.48629148629149,,
556,0.23077241633447562,92.06349206349206,,
557,0.2061226928732956,92.20779220779221,,
558,0.18878259390463561,93.21789321789322,,
559,0.19354535587680288,92.78499278499278,,
560,0.2052161872472942,91.77489177489177,,
561,0.18589283854930433,91.63059163059162,,
562,0.19966394580029823,91.77489177489177,,
563,0.17941320492398172,93.21789321789322,,
564,0.193116966565106,92.4963924963925,,
565,0.20311874095323626,92.35209235209236,,
566,0.21610098090264704,91.48629148629149,,
567,0.21198876408529488,91.77489177489177,,
568,0.20320777128441164,92.35209235209236,,
569,0.20300930350868387,91.77489177489177,,
570,0.20763920245404538,90.9090909090909,,
571,0.19851669154168897,91.63059163059162,,
572,0.2077249229212344,91.34199134199135,,
573,0.2198456795630818,90.18759018759019,,
574,0.19205356903191426,93.36219336219337,,
575,0.2026485363384346,92.06349206349206,0.6435759106239716,84.41558441558442
576,0.20660425853763653,91.34199134199135,,
577,0.22807269873471142,90.62049062049061,,
578,0.18520759303031373,92.92929292929293,,
579,0.21891116375616962,90.18759018759019,,
580,0.19421139487413444,92.92929292929293,,
581,0.20348488881345436,92.20779220779221,,
582,0.18759972226912153,92.92929292929293,,
583,0.1938002711379683,92.35209235209236,,
584,0.2137153452695018,91.63059163059162,,
585,0.23482264679403705,90.9090909090909,,
586,0.1895557360731678,93.07359307359307,,
587,0.2138054815979747,91.34199134199135,,
588,0.21100630062870132,91.63059163059162,,
589,0.177109301646615,92.35209235209236,,
590,0.20564029373303808,91.91919191919192,,
591,0.20770861219190073,93.36219336219337,,
592,0.1915072856355367,92.06349206349206,,
593,0.18383841608982926,93.65079365079364,,
594,0.21570195492039856,91.63059163059162,,
595,0.20931246840162537,91.77489177489177,,
596,0.18568447766043408,91.91919191919192,,
597,0.21665907101799745,90.62049062049061,,
598,0.18999604955026653,92.20779220779221,,
599,0.19485338726773063,92.4963924963925,,
600,0.17809977916756062,92.92929292929293,0.6883734642685234,80.51948051948052
601,0.21707126605734336,90.47619047619048,,
602,0.18924540732846115,91.77489177489177,,
603,0.19452824510236152,92.64069264069263,,
604,0.21007565158442157,91.91919191919192,,
605,0.2038232565119669,91.77489177489177,,
606,0.1812767167757084,92.06349206349206,,
607,0.1899663626981031,93.36219336219337,,
608,0.20606628121622714,91.77489177489177,,
609,0.1838220006115681,92.35209235209236,,
610,0.20044358872404003,90.9090909090909,,
611,0.21659452563842482,90.62049062049061,,
612,0.23157707344832015,89.6103896103896,,
613,0.1980885976460503,91.77489177489177,,
614,0.17936175324098028,92.4963924963925,,
615,0.19123941667453206,91.91919191919192,,
616,0.19475645721388757,92.20779220779221,,
617,0.19365377662888852,91.34199134199135,,
618,0.18928935296005672,91.91919191919192,,
619,0.17236563696661725,91.77489177489177,,
620,0.1874106676031501,92.4963924963925,,
621,0.19652418519167328,91.77489177489177,,
622,0.16976380933070767,94.22799422799423,,
623,0.28686909955989404,90.9090909090909,,
624,0.17941829618093427,92.20779220779221,,
625,0.21468310921438158,90.9090909090909,0.6615932970852046,81.81818181818181
626,0.17737631162179668,91.91919191919192,,
627,0.20804448227410194,92.06349206349206,,
628,0.21345900579706414,90.18759018759019,,
629,0.18066659715322442,92.92929292929293,,
630,0.203717113530309,92.92929292929293,,
631,0.19568075839575236,92.35209235209236,,
632,0.1824459448069721,92.92929292929293,,
633,0.19346571876029087,91.91919191919192,,
634,0.1864224318556036,92.64069264069263,,
635,0.220514294313748,91.48629148629149,,
636,0.20222320918310943,91.48629148629149,,
637,0.20482615048192107,91.48629148629149,,
638,0.18679809528382826,91.91919191919192,,
639,0.19605706225741992,91.77489177489177,,
640,0.2011621082927306,92.78499278499278,,
641,0.190178697006871,91.05339105339105,,
642,0.183844649849774,92.64069264069263,,
643,0.19536729632173955,91.91919191919192,,
644,0.19724747467608678,91.91919191919192,,
645,0.20389192793276403,92.06349206349206,,
646,0.18983639850889966,92.06349206349206,,
647,0.18466582457826594,92.64069264069263,,
648,0.2063711950445244,91.91919191919192,,
649,0.1799187460460016,92.20779220779221,,
650,0.18969310255127209,92.35209235209236,0.6533495458689603,84.41558441558442
651,0.18892955730573782,92.20779220779221,,
652,0.19549254653773782,91.91919191919192,,
653,0.22011703816155162,91.91919191919192,,
654,0.1829408924774002,93.36219336219337,,
655,0.17798835572398242,91.77489177489177,,
656,0.16418402484506583,92.92929292929293,,
657,0.17065867640260837,93.07359307359307,,
658,0.17469981630987247,92.64069264069263,,
659,0.19714288954847475,92.35209235209236,,
660,0.17394338176729532,92.64069264069263,,
661,0.18162495200488646,93.36219336219337,,
662,0.18117755165519825,93.07359307359307,,
663,0.19381023195947145,92.35209235209236,,
664,0.19512839366992316,92.20779220779221,,
665,0.1768795939009169,92.06349206349206,,
666,0.19850170983251555,91.48629148629149,,
667,0.21671045826369034,90.18759018759019,,
668,0.1911836223942893,92.92929292929293,,
669,0.20582658877061388,92.06349206349206,,
670,0.1877634342743721,93.50649350649351,,
671,0.18741783086871688,92.06349206349206,,
672,0.1886170469493233,92.06349206349206,,
673,0.19050282153904352,92.78499278499278,,
674,0.17357390551340013,93.07359307359307,,
675,0.18404074247609314,93.65079365079364,0.7324939904274879,80.51948051948052
676,0.19562696146511327,91.34199134199135,,
677,0.19010761539313356,93.07359307359307,,
678,0.1828830423529702,92.06349206349206,,
679,0.16878980097144541,93.93939393939394,,
680,0.18280310479421463,93.07359307359307,,
681,0.19477932955021465,92.78499278499278,,
682,0.1831422383221025,93.07359307359307,,
683,0.16439599015926043,93.65079365079364,,
684,0.1828778898303127,92.64069264069263,,
685,0.22069100128193783,90.76479076479076,,
686,0.2004078950028743,91.48629148629149,,
687,0.17303748848118308,93.21789321789322,,
688,0.14857029269784044,94.08369408369408,,
689,0.17902417399236478,92.92929292929293,,
690,0.18930464552938508,93.21789321789322,,
691,0.1819583757916226,92.20779220779221,,
692,0.18973911548783254,93.07359307359307,,
693,0.17924451731242141,92.78499278499278,,
694,0.1919058978256553,92.64069264069263,,
695,0.1788294507139517,92.35209235209236,,
696,0.1843122277747501,92.4963924963925,,
697,0.1795545250048369,93.07359307359307,,
698,0.19876746097942452,91.91919191919192,,
699,0.18581153120990698,93.21789321789322,,
700,0.1801846923567301,92.64069264069263,0.761521763615794,79.22077922077922
701,0.1917968082737613,92.35209235209236,,
702,0.18904508304114293,91.63059163059162,,
703,0.2061470906756829,91.77489177489177,,
704,0.17493612302029116,92.78499278499278,,
705,0.18548461330401433,92.92929292929293,,
706,0.18066267231627117,93.50649350649351,,
707,0.17453219351314364,93.36219336219337,,
708,0.17568140024316603,92.4963924963925,,
709,0.19420273170348198,93.07359307359307,,
710,0.18625277446375954,91.63059163059162,,
711,0.1871775078545573,91.77489177489177,,
712,0.158914652834465,93.21789321789322,,
713,0.1885629744627775,92.92929292929293,,
714,0.17950621782701254,93.07359307359307,,
715,0.18988024242340573,92.78499278499278,,
716,0.18396224460496016,92.20779220779221,,
717,0.1728446530379774,92.20779220779221,,
718,0.20536538762877685,91.77489177489177,,
719,0.1899560158078634,93.79509379509379,,
720,0.16341101888884368,93.21789321789322,,
721,0.1833802323632512,93.65079365079364,,
722,0.16455744477835568,93.50649350649351,,
723,0.17930768464636837,93.21789321789322,,
724,0.1660788305222042,93.07359307359307,,
725,0.19667885823425277,91.48629148629149,0.7117876395002588,83.11688311688312
726,0.19174839526113838,92.35209235209236,,
727,0.17276142931625268,93.07359307359307,,
728,0.18366212250522376,92.64069264069263,,
729,0.18537017548239076,92.92929292929293,,
730,0.1952227202457783,92.20779220779221,,
731,0.18105011707518523,92.20779220779221,,
732,0.18301960220358846,92.35209235209236,,
733,0.1643465871225188,93.65079365079364,,
734,0.1878724094335135,92.35209235209236,,
735,0.19001710290172572,92.4963924963925,,
736,0.20489655766222212,90.62049062049061,,
737,0.19997060684887705,92.4963924963925,,
738,0.18875655269553995,91.77489177489177,,
739,0.17948960173138637,92.06349206349206,,
740,0.20969305663741855,91.1976911976912,,
741,0.17724011694370065,93.65079365079364,,
742,0.17055588799379603,93.21789321789322,,
743,0.1685174626619441,93.07359307359307,,
744,0.19221008400208334,92.78499278499278,,
745,0.1718611828284002,93.79509379509379,,
746,0.15896958949159923,94.8051948051948,,
747,0.16993420545941065,92.78499278499278,,
748,0.17337919464187015,93.07359307359307,,
749,0.1811301815948445,92.78499278499278,,
750,0.1980161861681835,92.20779220779221,0.7320546322054677,81.81818181818181
751,0.17369642260270718,92.92929292929293,,
752,0.1908475709393685,92.4963924963925,,
753,0.1870894098888228,92.92929292929293,,
754,0.18074898984052057,92.06349206349206,,
755,0.17984778713569324,92.20779220779221,,
756,0.1680660066107479,93.36219336219337,,
757,0.1691382783229905,93.79509379509379,,
758,0.18924101710878583,91.91919191919192,,
759,0.19482341464635786,90.9090909090909,,
760,0.17766925203378756,92.92929292929293,,
761,0.17214008953965243,92.78499278499278,,
762,0.16621737984179763,93.36219336219337,,
763,0.16600016379812235,93.50649350649351,,
764,0.1719700540557052,92.35209235209236,,
765,0.14485730185653223,94.22799422799423,,
766,0.15995495412686858,93.21789321789322,,
767,0.1448483360665185,94.08369408369408,,
768,0.16586274175244836,92.64069264069263,,
769,0.1591537640581894,94.22799422799423,,
770,0.19595607523880307,92.64069264069263,,
771,0.16758833323238473,92.35209235209236,,
772,0.17597691160001797,93.36219336219337,,
773,0.17369744927111025,93.79509379509379,,
774,0.16143360544764807,92.92929292929293,,
775,0.16493907488323478,93.50649350649351,0.7441801653279887,83.11688311688312
776,0.1724397505688633,93.79509379509379,,
777,0.16515539368294707,93.93939393939394,,
778,0.14933507778771857,94.08369408369408,,
779,0.17000879553747383,92.64069264069263,,
780,0.1496242221665245,93.36219336219337,,
781,0.18776574823333417,91.91919191919192,,
782,0.16368165018754605,92.78499278499278,,
783,0.18747304382090274,91.63059163059162,,
784,0.1962786925819529,91.91919191919192,,
785,0.16985129610760322,92.4963924963925,,
786,0.16885452819679034,92.64069264069263,,
787,0.167305516001122,93.21789321789322,,
788,0.16301189220011836,93.65079365079364,,
789,0.1572446631103711,93.07359307359307,,
790,0.16725988782845536,93.07359307359307,,
791,0.13301622175207042,93.65079365079364,,
792,0.1968431015005725,92.20779220779221,,
793,0.17468332469095119,93.36219336219337,,
794,0.15677267715904705,93.93939393939394,,
795,0.16505246935412288,92.92929292929293,,
796,0.1559000787839917,93.65079365079364,,
797,0.19637853879089134,92.06349206349206,,
798,0.18977857452063335,92.20779220779221,,
799,0.17787474602955416,92.92929292929293,,
800,0.1487040278672484,93.79509379509379,0.7729681033592719,81.81818181818181
801,0.1585200789342883,92.92929292929293,,
802,0.17684288193911185,92.06349206349206,,
803,0.15011188802329492,93.36219336219337,,
804,0.17516334861258923,92.92929292929293,,
805,0.15413373790434085,94.22799422799423,,
806,0.15266069017275416,94.22799422799423,,
807,0.17801521731403483,92.06349206349206,,
808,0.17434024505456977,92.35209235209236,,
809,0.1698023968229734,93.79509379509379,,
810,0.17634159394285895,92.35209235209236,,
811,0.16598390842671001,93.07359307359307,,
812,0.18049140565882169,92.35209235209236,,
813,0.16805302984421217,94.08369408369408,,
814,0.17710380168016165,92.78499278499278,,
815,0.1735350332648895,92.35209235209236,,
816,0.16656145351316679,93.65079365079364,,
817,0.1827701030011473,93.07359307359307,,
818,0.15253357350568233,94.66089466089466,,
819,0.19376967793591265,92.78499278499278,,
820,0.1643676599984905,93.07359307359307,,
821,0.1587284364862553,93.36219336219337,,
822,0.15508788567127776,93.65079365079364,,
823,0.1573261350210525,93.65079365079364,,
824,0.17677831927161197,92.4963924963925,,
825,0.14844318118059274,93.36219336219337,0.7636693089039295,83.11688311688312
826,0.1874594512310895,92.20779220779221,,
827,0.14776810477951388,94.08369408369408,,
828,0.1806498229460627,92.20779220779221,,
829,0.16781216051327374,92.92929292929293,,
830,0.19094138447340434,92.06349206349206,,
831,0.16077589016800148,93.36219336219337,,
832,0.18936123707013214,92.92929292929293,,
833,0.16085874539777142,93.50649350649351,,
834,0.16551081490035008,93.93939393939394,,
835,0.16680064990116664,93.07359307359307,,
836,0.15363225581670048,93.07359307359307,,
837,0.14728163670839858,94.22799422799423,,
838,0.15349379642013175,94.22799422799423,,
839,0.17616846847306256,93.07359307359307,,
840,0.16847232771126222,93.79509379509379,,
841,0.1523974755668709,94.08369408369408,,
842,0.1508745885686613,92.92929292929293,,
843,0.17546268454705827,92.06349206349206,,
844,0.1727232567073635,92.78499278499278,,
845,0.2093590877326622,91.91919191919192,,
846,0.16410787543886668,93.36219336219337,,
847,0.16560968047096616,92.35209235209236,,
848,0.17203576117216424,93.65079365079364,,
849,0.18690830706732958,92.78499278499278,,
850,0.16499486309711378,93.36219336219337,0.78268069106263,84.41558441558442
851,0.17093980882698495,92.35209235209236,,
852,0.16689826287920512,92.78499278499278,,
853,0.187449983231089,91.77489177489177,,
854,0.16244351033868556,94.51659451659452,,
855,0.15721363637698504,93.36219336219337,,
856,0.16600731317314063,93.36219336219337,,
857,0.16510898244673383,95.0937950937951,,
858,0.15380330347895493,94.08369408369408,,
859,0.18793807381933386,91.77489177489177,,
860,0.1934832828186592,92.06349206349206,,
861,0.14469732424784532,95.0937950937951,,
862,0.1510451991234679,93.93939393939394,,
863,0.18207153407010165,92.78499278499278,,
864,0.1643763796640036,92.78499278499278,,
865,0.14526127491678512,94.08369408369408,,
866,0.15248831956073491,93.79509379509379,,
867,0.1539461427350753,94.08369408369408,,
868,0.18192988204061555,92.4963924963925,,
869,0.16405262762591952,93.93939393939394,,
870,0.17372062836718594,93.21789321789322,,
871,0.19484130808113284,92.78499278499278,,
872,0.19662090641423566,90.62049062049061,,
873,0.165772307529766,93.50649350649351,,
874,0.15914273874304682,94.08369408369408,,
875,0.17945866979131794,92.06349206349206,0.7371682795611295,84.41558441558442
876,0.1410752963294876,94.94949494949495,,
877,0.1648938487274478,93.36219336219337,,
878,0.16330885603314355,93.79509379509379,,
879,0.16049119276444807,93.93939393939394,,
880,0.17215661882741368,93.07359307359307,,
881,0.1636103916520852,93.93939393939394,,
882,0.16494371293685137,93.65079365079364,,
883,0.16069817553243423,93.50649350649351,,
884,0.17294136136985272,92.78499278499278,,
885,0.16816240123340062,92.92929292929293,,
886,0.1553925761111715,93.65079365079364,,
887,0.18368318685952675,93.50649350649351,,
888,0.16749021896896252,92.92929292929293,,
889,0.1741679452606954,92.35209235209236,,
890,0.15988314218421348,94.37229437229438,,
891,0.1604464024649382,92.64069264069263,,
892,0.16751826694302402,93.79509379509379,,
893,0.13891735520854884,93.79509379509379,,
894,0.13143984050977797,95.0937950937951,,
895,0.18938774584885285,92.78499278499278,,
896,0.1549858260432105,92.78499278499278,,
897,0.1569184394523738,93.36219336219337,,
898,0.16216426722243063,94.08369408369408,,
899,0.16095328227782146,92.78499278499278,,
900,0.1554108209327444,93.50649350649351,0.7323727127793548,81.81818181818181
901,0.14401315406541385,93.79509379509379,,
902,0.13884121011324432,93.93939393939394,,
903,0.15007927281644953,93.79509379509379,,
904,0.13579760459325615,93.93939393939394,,
905,0.16379707325034887,92.78499278499278,,
906,0.1532326095117979,94.51659451659452,,
907,0.16771564145356116,93.07359307359307,,
908,0.15675284691466743,93.65079365079364,,
909,0.15084504752727643,93.36219336219337,,
910,0.1885630949407085,91.63059163059162,,
911,0.17023007259912476,93.50649350649351,,
912,0.15174887296011266,93.79509379509379,,
913,0.16124623938104807,92.78499278499278,,
914,0.15322377809227952,94.08369408369408,,
915,0.18039787309123323,92.92929292929293,,
916,0.14532450033945782,94.08369408369408,,
917,0.16873345493834901,93.65079365079364,,
918,0.14344773720009157,94.37229437229438,,
919,0.16998478239146833,92.4963924963925,,
920,0.15322531683606996,93.50649350649351,,
921,0.16180861806349148,92.4963924963925,,
922,0.17307192362404145,92.64069264069263,,
923,0.14371639298756228,94.22799422799423,,
924,0.1480874316887809,92.4963924963925,,
925,0.14776044646425854,94.22799422799423,0.7433358848869026,83.11688311688312
926,0.15557388663506955,93.21789321789322,,
927,0.16281381399944575,93.36219336219337,,
928,0.1533332932391036,93.79509379509379,,
929,0.16995651830756475,92.35209235209236,,
930,0.13909585267025842,95.38239538239539,,
931,0.17301901339581519,93.21789321789322,,
932,0.14738660199301584,93.93939393939394,,
933,0.1467352562152591,94.66089466089466,,
934,0.1569500258797175,93.79509379509379,,
935,0.1534491323396929,93.36219336219337,,
936,0.19714528205569345,91.1976911976912,,
937,0.15785627608949487,93.21789321789322,,
938,0.14697974999831698,93.79509379509379,,
939,0.16278079795028913,93.07359307359307,,
940,0.12363676424978186,95.0937950937951,,
941,0.1528575625727531,94.66089466089466,,
942,0.1727817767282241,92.78499278499278,,
943,0.15084010688386437,93.65079365079364,,
944,0.13871725980853622,94.66089466089466,,
945,0.14341436339405192,94.08369408369408,,
946,0.18404960681779733,92.20779220779221,,
947,0.16716072802978849,92.92929292929293,,
948,0.15085351613886427,93.93939393939394,,
949,0.16806383521267862,92.64069264069263,,
950,0.15229064311622542,93.93939393939394,0.8014691340458857,83.11688311688312
951,0.15502090319926604,93.79509379509379,,
952,0.1426613993867479,94.66089466089466,,
953,0.15527446519631843,93.07359307359307,,
954,0.15869789556593433,93.93939393939394,,
955,0.16120811661471537,93.65079365079364,,
956,0.14660386731485267,94.94949494949495,,
957,0.1446387804345823,94.22799422799423,,
958,0.13283647555981534,94.37229437229438,,
959,0.13290618327788975,93.93939393939394,,
960,0.154294086440129,93.79509379509379,,
961,0.14564468987920412,93.65079365079364,,
962,0.1380210846641019,93.79509379509379,,
963,0.15224430134888164,93.79509379509379,,
964,0.14453060197150724,94.66089466089466,,
965,0.14704328616288145,94.66089466089466,,
966,0.1490221969880067,93.36219336219337,,
967,0.1666737420304341,93.07359307359307,,
968,0.13854627697735294,95.23809523809524,,
969,0.14404001887914594,93.93939393939394,,
970,0.15649076713542057,94.08369408369408,,
971,0.17327060977273862,93.93939393939394,,
972,0.14339614278417817,94.37229437229438,,
973,0.15981624510897185,93.21789321789322,,
974,0.1364271379308439,94.51659451659452,,
975,0.17350389482655051,92.35209235209236,0.7467087135686503,85.71428571428571
976,0.14168900432008685,93.79509379509379,,
977,0.14444137992495926,94.66089466089466,,
978,0.14115587661706697,95.23809523809524,,
979,0.1528093284815765,93.50649350649351,,
980,0.16357437651308757,93.21789321789322,,
981,0.17345743938140884,92.78499278499278,,
982,0.16537859911182398,93.50649350649351,,
983,0.15261655590062878,94.94949494949495,,
984,0.13565898347984662,94.51659451659452,,
985,0.15415180061505718,94.51659451659452,,
986,0.15532297684581248,93.93939393939394,,
987,0.1411403522532417,94.51659451659452,,
988,0.14459051746568638,93.93939393939394,,
989,0.14826326065765313,93.79509379509379,,
990,0.14704716719504216,93.93939393939394,,
991,0.1556075748599109,94.22799422799423,,
992,0.15929470683245087,92.20779220779221,,
993,0.14402996534736986,93.79509379509379,,
994,0.15046740262023298,91.91919191919192,,
995,0.16978992923857675,92.64069264069263,,
996,0.13955345273576947,94.37229437229438,,
997,0.13446926918891386,94.8051948051948,,
998,0.16485820891279163,92.92929292929293,,
999,0.14935962342983716,94.51659451659452,,
1000,0.16587046857686072,94.08369408369408,0.7577084217752729,83.11688311688312
