epoch,train_loss,train_acc,test_loss,test_acc
1,2.2716137951818007,14.559386973180077,2.284119129180908,20.99236641221374
2,2.075906546941053,31.162196679438058,,
3,1.8856750900261248,37.93103448275862,,
4,1.6942529647895355,45.721583652618136,,
5,1.556209629675133,50.830140485312896,,
6,1.4489146675034348,56.194125159642404,,
7,1.3090574572369513,61.68582375478927,,
8,1.2280825607925843,63.72924648786718,,
9,1.1473187360422517,66.02809706257982,,
10,1.0795687761343302,68.71008939974458,,
11,1.0096637925577956,70.62579821200511,,
12,0.9720078390067869,70.37037037037037,,
13,0.8995913018212007,76.88378033205619,,
14,0.8604012830504055,76.11749680715198,,
15,0.8098536248712552,76.62835249042146,,
16,0.7336576900719682,79.18263090676884,,
17,0.731754031446245,79.69348659003832,,
18,0.7081875345868321,80.33205619412516,,
19,0.7132317579873525,78.79948914431674,,
20,0.6827626695730372,83.01404853128992,,
21,0.6444872149562471,81.22605363984674,,
22,0.6504807954851543,80.84291187739464,,
23,0.6061624370772263,82.12005108556832,,
24,0.6087926542850289,83.39719029374201,,
25,0.5739144760530114,85.18518518518519,0.5789629760134312,84.35114503816794
26,0.5449219849983546,85.44061302681992,,
27,0.5574369049924848,83.9080459770115,,
28,0.5530302847329989,84.16347381864624,,
29,0.5291216877000086,85.18518518518519,,
30,0.5122387274091119,85.56832694763729,,
31,0.47286279832570793,87.2286079182631,,
32,0.47216612785712053,86.71775223499361,,
33,0.4526416737001061,89.39974457215837,,
34,0.4453696414428652,88.88888888888889,,
35,0.4663449438291187,86.46232439335887,,
36,0.4113588600323118,89.01660280970626,,
37,0.4253223098405324,87.73946360153256,,
38,0.4330967252510261,88.12260536398468,,
39,0.413043732615723,88.12260536398468,,
40,0.39992285969918107,88.76117496807151,,
41,0.39906667296609355,90.03831417624521,,
42,0.3902414783664133,89.52745849297574,,
43,0.3722102833129133,90.42145593869732,,
44,0.38503480844418514,89.65517241379311,,
45,0.3716784585100785,89.91060025542784,,
46,0.33913081595115124,91.44316730523627,,
47,0.33895315517258673,91.82630906768838,,
48,0.3314148204003866,90.80459770114942,,
49,0.31899359129550053,91.82630906768838,,
50,0.30984575256686253,91.06002554278416,0.4678787322615394,86.6412213740458
