epoch,train_loss,train_acc,test_loss,test_acc
1,0.6922318214633936,52.525252525252526,0.6844442424836097,55.84415584415584
2,0.6871320195012278,55.84415584415584,,
3,0.6851399208044077,55.84415584415584,,
4,0.6824243294900286,55.98845598845599,,
5,0.680673584621534,56.132756132756136,,
6,0.6824530818073609,56.56565656565657,,
7,0.6769012453580143,55.98845598845599,,
8,0.6726117414485496,55.98845598845599,,
9,0.6719444968655683,56.42135642135642,,
10,0.6694740684001477,57.86435786435786,,
11,0.6638176110915808,60.317460317460316,,
12,0.660347008945966,57.86435786435786,,
13,0.6592975993349095,60.02886002886003,,
14,0.6518735822833117,57.57575757575758,,
15,0.6446733847152963,60.60606060606061,,
16,0.6396255912030758,62.62626262626262,,
17,0.6319016052186919,65.07936507936508,,
18,0.6271435172870906,64.5021645021645,,
19,0.6171144405312696,66.37806637806638,,
20,0.619387013141555,68.3982683982684,,
21,0.6117065219480066,65.94516594516594,,
22,0.5937327085463343,70.56277056277057,,
23,0.5905435633177709,69.6969696969697,,
24,0.5851715707675719,69.26406926406926,,
25,0.5834310080581929,66.95526695526695,0.6011737960499602,63.63636363636363
26,0.5814952948392728,72.15007215007215,,
27,0.5623996819424595,72.2943722943723,,
28,0.5721557148091205,70.12987012987013,,
29,0.5539291741872074,72.72727272727273,,
30,0.5565104866440678,74.17027417027417,,
31,0.5489346901489714,72.72727272727273,,
32,0.5453760470834818,73.44877344877345,,
33,0.5567847823167776,73.16017316017316,,
34,0.533618492782546,74.02597402597402,,
35,0.5337426763936383,74.60317460317461,,
36,0.5375907877392927,76.19047619047619,,
37,0.5346097601698591,74.74747474747475,,
38,0.5252404488612391,74.31457431457432,,
39,0.5237582743941963,73.73737373737374,,
40,0.5247411104335757,75.75757575757575,,
41,0.5199851281027085,74.45887445887446,,
42,0.5086663963990811,75.46897546897547,,
43,0.5101159422256558,76.19047619047619,,
44,0.5147754303562693,74.31457431457432,,
45,0.520788444671108,74.74747474747475,,
46,0.4987283648780586,77.34487734487735,,
47,0.5159983148564508,75.46897546897547,,
48,0.4972637614818535,76.91197691197691,,
49,0.5032222897545428,75.03607503607503,,
50,0.5136221986140351,76.47907647907648,0.5266138102327075,71.42857142857143
51,0.4725578440646245,78.93217893217893,,
52,0.5076251121138425,75.32467532467533,,
53,0.4814563114921768,78.21067821067821,,
54,0.48955978876756556,78.06637806637806,,
55,0.4711602236887421,79.07647907647907,,
56,0.4800803921955488,78.35497835497836,,
57,0.48635350608550454,75.9018759018759,,
58,0.48655807670920787,77.63347763347764,,
59,0.4794363459037324,78.4992784992785,,
60,0.4760722302513205,79.07647907647907,,
61,0.45988092148974863,79.36507936507937,,
62,0.4495748363187991,80.08658008658008,,
63,0.47098824534495326,77.77777777777777,,
64,0.45690465566915867,79.07647907647907,,
65,0.45020532556426474,80.37518037518038,,
66,0.4772742409554739,76.76767676767676,,
67,0.44814830945339723,81.81818181818181,,
68,0.4464137540407167,80.51948051948052,,
69,0.44013480715249353,80.51948051948052,,
70,0.44084736997258955,79.94227994227994,,
71,0.4606230529441806,78.35497835497836,,
72,0.45385001472924524,79.50937950937951,,
73,0.4132645745126028,81.67388167388168,,
74,0.42982486376342666,80.37518037518038,,
75,0.42916667882842247,80.37518037518038,0.48203311105827235,80.51948051948052
76,0.431027915570643,80.37518037518038,,
77,0.42686729393308126,80.37518037518038,,
78,0.43732105219174944,78.78787878787878,,
79,0.4223296709820994,81.24098124098124,,
80,0.4227743935791445,81.81818181818181,,
81,0.41880746101920224,79.94227994227994,,
82,0.4118516901870827,81.52958152958153,,
83,0.43266698378333107,80.08658008658008,,
84,0.42759189568728767,79.65367965367966,,
85,0.42211124971831515,80.37518037518038,,
86,0.40633392011448416,82.82828282828282,,
87,0.40407062944395716,81.96248196248196,,
88,0.3936595344784284,82.25108225108225,,
89,0.4233876656832289,79.94227994227994,,
90,0.4047279531219477,81.67388167388168,,
91,0.41001401164314966,80.95238095238095,,
92,0.3958773598784492,82.68398268398268,,
93,0.3993769478574288,81.0966810966811,,
94,0.4235503493793427,80.66378066378067,,
95,0.40875922614361815,81.24098124098124,,
96,0.39727550521385446,82.1067821067821,,
97,0.3882763146236001,82.82828282828282,,
98,0.3940380597097361,82.82828282828282,,
99,0.40390797365795483,81.52958152958153,,
100,0.4146341194666137,80.66378066378067,0.478353966366161,81.81818181818181
101,0.39334289353303237,84.7041847041847,,
102,0.39122894122487023,82.25108225108225,,
103,0.3991024045631139,81.67388167388168,,
104,0.39002649703239123,82.1067821067821,,
105,0.385051604494732,82.68398268398268,,
106,0.3741917774446771,85.56998556998558,,
107,0.392739718438571,82.25108225108225,,
108,0.3943468752877537,81.0966810966811,,
109,0.3795492322241933,84.7041847041847,,
110,0.38598299220010834,82.68398268398268,,
111,0.39876894349659675,81.52958152958153,,
112,0.39609970507167636,82.3953823953824,,
113,0.3797818548321552,83.11688311688312,,
114,0.35924678064699983,86.14718614718615,,
115,0.3846525883605814,82.82828282828282,,
116,0.37369917064346103,83.11688311688312,,
117,0.39685208216030016,81.67388167388168,,
118,0.3728301756051712,83.98268398268398,,
119,0.38741148881409937,82.3953823953824,,
120,0.3797284219989185,83.26118326118326,,
121,0.37002965207997857,83.54978354978356,,
122,0.3867841652375451,81.81818181818181,,
123,0.39274303733356414,82.68398268398268,,
124,0.3667459668965223,83.26118326118326,,
125,0.3722262798363684,83.26118326118326,0.48513109691731343,79.22077922077922
126,0.3609206538007717,85.28138528138528,,
127,0.37301238240273654,83.26118326118326,,
128,0.3605273167776081,84.7041847041847,,
129,0.3632955683602227,84.12698412698413,,
130,0.3935583346935922,82.1067821067821,,
131,0.35434527862897686,85.56998556998558,,
132,0.37485693236020046,82.82828282828282,,
133,0.38673406856572645,84.27128427128427,,
134,0.36737923532681377,83.83838383838383,,
135,0.35932077970597653,84.55988455988457,,
136,0.36170309197163,84.99278499278499,,
137,0.3778897956508235,83.54978354978356,,
138,0.3673352653760071,83.54978354978356,,
139,0.3749938365313914,83.11688311688312,,
140,0.3625446528755397,84.55988455988457,,
141,0.34666678373947807,85.13708513708514,,
142,0.35961526675313754,84.55988455988457,,
143,0.3532774183270219,84.41558441558442,,
144,0.3661308201059463,82.25108225108225,,
145,0.36871928133575776,83.54978354978356,,
146,0.36052556488593074,84.99278499278499,,
147,0.3753158770512365,82.25108225108225,,
148,0.3418342343398503,86.86868686868686,,
149,0.35834806813478126,85.42568542568543,,
150,0.33483532225930845,86.2914862914863,0.46126420234704946,77.92207792207792
151,0.3579910589330984,84.7041847041847,,
152,0.34979974419351606,86.72438672438672,,
153,0.3441644170970628,85.56998556998558,,
154,0.34216635309772575,85.13708513708514,,
155,0.3584108277187719,84.7041847041847,,
156,0.36694252265222144,83.26118326118326,,
157,0.3334208308446287,86.43578643578644,,
158,0.3514909199176929,84.12698412698413,,
159,0.3709901324426285,84.99278499278499,,
160,0.3394073929965582,85.13708513708514,,
161,0.3400112848949295,85.28138528138528,,
162,0.36859860513117404,82.68398268398268,,
163,0.3414160780404381,86.002886002886,,
164,0.33594985942733924,85.85858585858585,,
165,0.34577332275770445,84.27128427128427,,
166,0.33716817215235545,84.55988455988457,,
167,0.3270796836282612,86.86868686868686,,
168,0.34222609286356453,84.99278499278499,,
169,0.34345844082674076,85.56998556998558,,
170,0.3223926993288519,88.16738816738817,,
171,0.3471619293287203,85.56998556998558,,
172,0.3511776802859781,85.28138528138528,,
173,0.3280205703830994,85.13708513708514,,
174,0.3325102725005769,85.13708513708514,,
175,0.33502351437812244,85.56998556998558,0.4873285200688746,77.92207792207792
176,0.32342335401159344,86.2914862914863,,
177,0.3521860567436246,84.84848484848484,,
178,0.3106805001792712,87.73448773448773,,
179,0.32666175284598986,85.71428571428571,,
180,0.3487756194232346,84.55988455988457,,
181,0.3138250115113857,88.02308802308802,,
182,0.3370802475604488,85.42568542568543,,
183,0.32677736942902275,85.28138528138528,,
184,0.33224747930942333,85.71428571428571,,
185,0.31521351469887626,88.45598845598846,,
186,0.33568408960559837,84.99278499278499,,
187,0.33395925271734705,85.28138528138528,,
188,0.3274971567105077,87.73448773448773,,
189,0.3386262771586147,84.55988455988457,,
190,0.32584878681886076,85.56998556998558,,
191,0.334940077250482,85.71428571428571,,
192,0.33746808388876537,86.58008658008659,,
193,0.35561762725421014,84.27128427128427,,
194,0.3072007421463255,87.15728715728716,,
195,0.31955741451244163,85.85858585858585,,
196,0.335675186753101,84.99278499278499,,
197,0.3271161989130155,86.58008658008659,,
198,0.32306171244099025,85.71428571428571,,
199,0.3290607856766658,85.56998556998558,,
200,0.3228707320848413,85.85858585858585,0.4918603974503356,77.92207792207792
201,0.30316592430397543,86.72438672438672,,
202,0.3334469399582944,85.28138528138528,,
203,0.3154156407580575,85.71428571428571,,
204,0.3166788112893593,87.44588744588745,,
205,0.31817564630577233,86.43578643578644,,
206,0.3118491495971556,86.86868686868686,,
207,0.31603651256186277,86.72438672438672,,
208,0.3133287981991128,87.15728715728716,,
209,0.31496553026236496,86.14718614718615,,
210,0.31737810012066003,86.58008658008659,,
211,0.31211998710384614,87.73448773448773,,
212,0.33590399812568317,83.98268398268398,,
213,0.31791710206354507,87.3015873015873,,
214,0.30255476478890425,87.15728715728716,,
215,0.31785415936514066,85.42568542568543,,
216,0.29036686895213604,87.01298701298701,,
217,0.32655931318993175,86.72438672438672,,
218,0.30643319722377893,86.58008658008659,,
219,0.3075223733035345,86.58008658008659,,
220,0.3059626723952796,87.5901875901876,,
221,0.319662763442828,85.56998556998558,,
222,0.3177225589859709,86.2914862914863,,
223,0.32438434486265305,86.2914862914863,,
224,0.33772748403390934,85.56998556998558,,
225,0.31201871597405634,87.15728715728716,0.5160279235282501,76.62337662337663
226,0.3082364217887537,86.86868686868686,,
227,0.3269979908610835,86.72438672438672,,
228,0.28650533370297365,87.3015873015873,,
229,0.29377300142811835,89.03318903318903,,
230,0.30704287328847385,87.15728715728716,,
231,0.3099535294683465,86.72438672438672,,
232,0.30874874031044874,86.14718614718615,,
233,0.294538003842724,87.5901875901876,,
234,0.30499706966708406,87.87878787878788,,
235,0.3066038609862672,87.44588744588745,,
236,0.29307348890738055,87.73448773448773,,
237,0.2974398753472737,86.58008658008659,,
238,0.2942627677089208,87.44588744588745,,
239,0.3005003022059562,88.16738816738817,,
240,0.2915655563318024,88.74458874458874,,
241,0.27884476129798835,88.31168831168831,,
242,0.3107957198871851,87.01298701298701,,
243,0.3080596501090998,86.72438672438672,,
244,0.2966484841158208,88.16738816738817,,
245,0.30336241555248333,86.2914862914863,,
246,0.2901444962680942,88.02308802308802,,
247,0.2726187719862698,89.17748917748918,,
248,0.32978860373792884,85.42568542568543,,
249,0.28673511582277555,88.88888888888889,,
250,0.2792125213541854,88.16738816738817,0.5469776593245469,77.92207792207792
251,0.2776198166746426,88.16738816738817,,
252,0.2943852175279785,88.02308802308802,,
253,0.2701838630618471,88.31168831168831,,
254,0.28233125012416344,89.17748917748918,,
255,0.2753387447043415,87.87878787878788,,
256,0.28893451975365564,87.01298701298701,,
257,0.2782234413197202,88.02308802308802,,
258,0.2953112588773386,87.3015873015873,,
259,0.29683632095052737,87.87878787878788,,
260,0.29851119620201394,87.01298701298701,,
261,0.2712095860192958,88.88888888888889,,
262,0.28327496787385337,87.73448773448773,,
263,0.2773429260281429,88.60028860028861,,
264,0.29741669208628446,86.43578643578644,,
265,0.2785560191107691,88.74458874458874,,
266,0.29516350717685613,86.72438672438672,,
267,0.31218007004794274,87.15728715728716,,
268,0.26655173732819837,88.88888888888889,,
269,0.26796786386041244,88.88888888888889,,
270,0.2882106924727882,87.15728715728716,,
271,0.28031985816501437,88.88888888888889,,
272,0.2945430553148663,88.31168831168831,,
273,0.3125155603601819,87.44588744588745,,
274,0.2966345225233708,87.3015873015873,,
275,0.2728433491175653,88.60028860028861,0.5718583828443057,76.62337662337663
276,0.2742030605523273,88.60028860028861,,
277,0.2763228904869821,89.03318903318903,,
278,0.27322196831434836,87.01298701298701,,
279,0.28543423101155446,88.45598845598846,,
280,0.2935359279314677,86.72438672438672,,
281,0.27279968918832004,89.17748917748918,,
282,0.2928963175196668,86.72438672438672,,
283,0.2784548414734019,88.16738816738817,,
284,0.2818321064867155,86.2914862914863,,
285,0.26682882306594696,88.60028860028861,,
286,0.30050126879246203,86.86868686868686,,
287,0.2770134431523678,87.87878787878788,,
288,0.27594262672236125,88.45598845598846,,
289,0.28289102493082463,89.46608946608947,,
290,0.2955652612757373,88.60028860028861,,
291,0.25635647042661175,89.6103896103896,,
292,0.26848710272434295,89.03318903318903,,
293,0.27712180453633506,89.75468975468975,,
294,0.27145952820605873,88.74458874458874,,
295,0.2667843619466344,90.62049062049061,,
296,0.27552950780027013,89.6103896103896,,
297,0.25548976551456454,88.60028860028861,,
298,0.2947295741278888,87.87878787878788,,
299,0.2812175952424907,87.73448773448773,,
300,0.27187693836154014,87.73448773448773,0.5886391904446986,77.92207792207792
301,0.2694061521553632,89.17748917748918,,
302,0.26654547169094994,87.5901875901876,,
303,0.25223591523769096,90.33189033189034,,
304,0.2723164869765355,88.60028860028861,,
305,0.26908244693337324,89.32178932178932,,
306,0.28476596824706546,88.31168831168831,,
307,0.26588186849591366,89.17748917748918,,
308,0.2853388339281082,88.31168831168831,,
309,0.26563958120552494,89.03318903318903,,
310,0.24261088082284638,90.47619047619048,,
311,0.2777543177164306,87.87878787878788,,
312,0.2877841904049828,87.73448773448773,,
313,0.2701566474563288,88.74458874458874,,
314,0.26599139413792333,89.46608946608947,,
315,0.274003687746081,89.6103896103896,,
316,0.2650784144411871,90.04329004329004,,
317,0.2649993828966848,89.6103896103896,,
318,0.2595597900353469,89.32178932178932,,
319,0.2849051642727542,88.16738816738817,,
320,0.248762591985225,89.46608946608947,,
321,0.25544719117415415,89.03318903318903,,
322,0.2671294346623779,89.32178932178932,,
323,0.28261236870099626,87.73448773448773,,
324,0.2555575187158103,89.46608946608947,,
325,0.25041319847020926,89.17748917748918,0.6144520532001149,76.62337662337663
326,0.24509284558234276,90.9090909090909,,
327,0.2724437772324591,89.75468975468975,,
328,0.260367569727299,89.8989898989899,,
329,0.2658976973350258,89.6103896103896,,
330,0.2628591727535274,89.32178932178932,,
331,0.27153514598699185,88.31168831168831,,
332,0.24215739591297133,90.04329004329004,,
333,0.2601907235633415,90.04329004329004,,
334,0.25213344091976875,89.17748917748918,,
335,0.2859303302536107,88.45598845598846,,
336,0.2689633688648886,87.87878787878788,,
337,0.2730646642814639,89.32178932178932,,
338,0.2701219444258561,89.6103896103896,,
339,0.2535439042903988,89.17748917748918,,
340,0.2550341169985514,90.18759018759019,,
341,0.2663973243893655,89.17748917748918,,
342,0.25818943525805615,88.88888888888889,,
343,0.26858525386706406,89.6103896103896,,
344,0.23737867166856666,89.8989898989899,,
345,0.26692525967203007,88.16738816738817,,
346,0.2696542590641528,89.17748917748918,,
347,0.25671006238133703,89.32178932178932,,
348,0.27021485438078513,89.17748917748918,,
349,0.21779558582911415,91.91919191919192,,
350,0.2513594961527622,89.03318903318903,0.6439841799921804,76.62337662337663
351,0.22982775216752832,91.34199134199135,,
352,0.2594537938935588,88.88888888888889,,
353,0.28040240341622763,88.74458874458874,,
354,0.2714030185195619,88.45598845598846,,
355,0.2609185343299163,89.03318903318903,,
356,0.24109369189536245,91.1976911976912,,
357,0.2587289112750414,89.8989898989899,,
358,0.25006622523284405,90.18759018759019,,
359,0.26043137344619066,88.31168831168831,,
360,0.25726255099322715,89.17748917748918,,
361,0.257183772166398,89.6103896103896,,
362,0.25485158451492823,89.8989898989899,,
363,0.2798579161258315,89.32178932178932,,
364,0.23723749874474168,90.76479076479076,,
365,0.2583915529743073,88.31168831168831,,
366,0.25624181893566816,90.9090909090909,,
367,0.2645305338521282,90.18759018759019,,
368,0.2741804709187662,88.60028860028861,,
369,0.24325160538135324,90.76479076479076,,
370,0.242575497983338,89.32178932178932,,
371,0.2392129139896767,89.46608946608947,,
372,0.25132348441114327,89.17748917748918,,
373,0.24364710284173918,88.45598845598846,,
374,0.22751583045007173,91.1976911976912,,
375,0.26688705666412693,88.88888888888889,0.6531823641294009,72.72727272727273
376,0.2676174470571556,87.5901875901876,,
377,0.25967787798026426,89.6103896103896,,
378,0.24166505508565628,89.8989898989899,,
379,0.24343579908642074,90.18759018759019,,
380,0.24283536666571492,89.8989898989899,,
381,0.25421711052048945,88.74458874458874,,
382,0.24505031976477926,91.1976911976912,,
383,0.2542309971555831,87.87878787878788,,
384,0.22377979161935452,91.77489177489177,,
385,0.24742414356138112,88.45598845598846,,
386,0.23688648273418475,90.9090909090909,,
387,0.24626027757213229,89.46608946608947,,
388,0.23363191622590262,91.05339105339105,,
389,0.24759821895870124,89.46608946608947,,
390,0.25309687475492426,90.04329004329004,,
391,0.24568054198272646,88.88888888888889,,
392,0.22343412006185168,89.6103896103896,,
393,0.25040441755780585,89.17748917748918,,
394,0.24498467360224044,89.46608946608947,,
395,0.23749528758625618,89.6103896103896,,
396,0.2551642198325236,89.32178932178932,,
397,0.24823403402539387,87.87878787878788,,
398,0.24482689830131862,90.18759018759019,,
399,0.2449593757310127,89.46608946608947,,
400,0.23099225327308043,90.62049062049061,0.6259450200316193,75.32467532467533
401,0.2598015025236562,89.32178932178932,,
402,0.2524295501440527,89.8989898989899,,
403,0.2296143707538408,90.47619047619048,,
404,0.24015420458103498,90.62049062049061,,
405,0.2652066910765732,89.75468975468975,,
406,0.23995607435531258,90.33189033189034,,
407,0.2499652915186696,89.32178932178932,,
408,0.25196131988607273,89.75468975468975,,
409,0.24162604774296026,89.32178932178932,,
410,0.23754195277653042,90.76479076479076,,
411,0.2349303298956388,89.6103896103896,,
412,0.23345112800598145,90.76479076479076,,
413,0.23144472751653555,90.76479076479076,,
414,0.2604914845154227,88.31168831168831,,
415,0.2686014214119354,89.6103896103896,,
416,0.24844179460496613,88.16738816738817,,
417,0.23451406589318147,91.05339105339105,,
418,0.233248578607606,90.47619047619048,,
419,0.22196291243015084,92.20779220779221,,
420,0.254792311386048,88.45598845598846,,
421,0.2255820453188464,90.04329004329004,,
422,0.2345241683106574,90.9090909090909,,
423,0.21254042643532264,93.36219336219337,,
424,0.22781977521908747,90.33189033189034,,
425,0.22716509977632443,90.9090909090909,0.6503505253946626,75.32467532467533
426,0.23832066088355808,90.9090909090909,,
427,0.23149335466078005,90.62049062049061,,
428,0.23175492132294917,90.76479076479076,,
429,0.2151183308375002,91.48629148629149,,
430,0.2600550664451731,87.73448773448773,,
431,0.21853100503075862,90.62049062049061,,
432,0.22000498882619848,90.76479076479076,,
433,0.2551940040498929,89.03318903318903,,
434,0.23051491960302575,90.76479076479076,,
435,0.22384954384739092,91.1976911976912,,
436,0.201861019946452,91.63059163059162,,
437,0.22277913768312116,91.1976911976912,,
438,0.23371483873667312,89.6103896103896,,
439,0.21763663494913782,90.9090909090909,,
440,0.23803678546289,89.32178932178932,,
441,0.22305252936280306,90.04329004329004,,
442,0.22161173390447664,91.1976911976912,,
443,0.24276592002974617,89.46608946608947,,
444,0.21696868929125013,91.1976911976912,,
445,0.23128855582138505,89.6103896103896,,
446,0.22879767869458054,90.47619047619048,,
447,0.24512210561427547,89.32178932178932,,
448,0.2069170167951873,91.1976911976912,,
449,0.23099352853724794,90.18759018759019,,
450,0.23149314105596722,89.6103896103896,0.6793507461423998,75.32467532467533
451,0.20922584476925077,92.06349206349206,,
452,0.20390677942342056,91.63059163059162,,
453,0.22680731771398244,89.8989898989899,,
454,0.22554255256491135,90.9090909090909,,
455,0.20739594372836026,91.34199134199135,,
456,0.23946424166189473,89.8989898989899,,
457,0.24095398273646917,90.04329004329004,,
458,0.21211701992786292,92.06349206349206,,
459,0.26484835616609925,90.18759018759019,,
460,0.2055347160648549,92.64069264069263,,
461,0.24819668775900103,89.6103896103896,,
462,0.21590172165055985,91.34199134199135,,
463,0.2258564190345065,90.76479076479076,,
464,0.23576310762939343,89.6103896103896,,
465,0.22346593972838458,91.05339105339105,,
466,0.20941511779206484,91.1976911976912,,
467,0.2630791583274522,89.32178932178932,,
468,0.22700576658372756,90.04329004329004,,
469,0.21785645687906946,90.18759018759019,,
470,0.21062231665909892,91.1976911976912,,
471,0.25273106646056126,89.8989898989899,,
472,0.22378133865231903,91.91919191919192,,
473,0.22647646985528788,90.9090909090909,,
474,0.2278499518121992,90.04329004329004,,
475,0.24376039873555969,90.04329004329004,0.6716991895205014,75.32467532467533
476,0.2155868387841559,90.9090909090909,,
477,0.20967707756105783,91.91919191919192,,
478,0.22651556970667186,90.18759018759019,,
479,0.20875745825738273,90.62049062049061,,
480,0.2440752023656303,90.33189033189034,,
481,0.2373895368298239,90.9090909090909,,
482,0.21930901592256014,91.1976911976912,,
483,0.20286106409351806,92.20779220779221,,
484,0.20368932911650442,91.63059163059162,,
485,0.2314902421027895,90.76479076479076,,
486,0.2061624586324155,91.91919191919192,,
487,0.2328223255805639,91.48629148629149,,
488,0.24621316476645752,89.17748917748918,,
489,0.21956992329973163,91.48629148629149,,
490,0.21852608319656847,91.05339105339105,,
491,0.2137808771414244,91.34199134199135,,
492,0.21070612969164554,90.76479076479076,,
493,0.22747406101158,90.04329004329004,,
494,0.23399521468521714,90.18759018759019,,
495,0.21660932595337623,91.05339105339105,,
496,0.19939059883485108,92.64069264069263,,
497,0.21108924901223114,89.8989898989899,,
498,0.20384272080436242,92.35209235209236,,
499,0.22665729616670555,91.77489177489177,,
500,0.21690964999825063,91.05339105339105,0.6915951688568314,76.62337662337663
501,0.2152795165476173,91.63059163059162,,
502,0.20336219259842822,91.34199134199135,,
503,0.2143689663637252,91.1976911976912,,
504,0.22929393505465245,90.18759018759019,,
505,0.22500739598171018,90.9090909090909,,
506,0.22008424395262594,90.33189033189034,,
507,0.20751492660842072,91.77489177489177,,
508,0.21705386069472907,89.46608946608947,,
509,0.21882403012994048,90.47619047619048,,
510,0.2428778861400713,90.76479076479076,,
511,0.2187712751382701,90.33189033189034,,
512,0.2240954510233275,91.63059163059162,,
513,0.2303579336732443,90.33189033189034,,
514,0.21401678468671884,92.35209235209236,,
515,0.20132522530649474,92.92929292929293,,
516,0.2168061708303069,91.05339105339105,,
517,0.21172040507390902,91.91919191919192,,
518,0.204164473907041,91.05339105339105,,
519,0.2120491173360255,91.34199134199135,,
520,0.2156897432575322,90.9090909090909,,
521,0.18473271412766856,92.06349206349206,,
522,0.19612931190287053,92.35209235209236,,
523,0.24486927526853816,88.88888888888889,,
524,0.22443198488990293,89.8989898989899,,
525,0.21212229197159474,91.91919191919192,0.684552040192988,79.22077922077922
526,0.20721978398542557,91.91919191919192,,
527,0.20743383344633753,90.9090909090909,,
528,0.20510599150458111,91.48629148629149,,
529,0.21971041037234737,90.47619047619048,,
530,0.21580426143361375,91.91919191919192,,
531,0.19940916473559314,91.77489177489177,,
532,0.2118513970965087,90.33189033189034,,
533,0.1972827740217872,92.35209235209236,,
534,0.21732377257698027,92.06349206349206,,
535,0.2174307152650401,90.9090909090909,,
536,0.21743625681981724,90.47619047619048,,
537,0.19564531357558432,92.64069264069263,,
538,0.20413014615252936,91.05339105339105,,
539,0.2317115527511847,91.48629148629149,,
540,0.20374675510077594,91.77489177489177,,
541,0.20213792981340686,90.62049062049061,,
542,0.1980266176207155,90.62049062049061,,
543,0.21033612654838726,91.1976911976912,,
544,0.22298236782588657,91.05339105339105,,
545,0.20482559306452972,92.06349206349206,,
546,0.1940609257974666,91.1976911976912,,
547,0.21357602247643093,91.77489177489177,,
548,0.21024159100148584,91.1976911976912,,
549,0.20083701709476212,92.20779220779221,,
550,0.20808576010866425,91.34199134199135,0.7055435947009495,79.22077922077922
551,0.19676334125999076,91.05339105339105,,
552,0.20007051893578462,91.05339105339105,,
553,0.2097279124101691,91.63059163059162,,
554,0.19851613747329594,91.1976911976912,,
555,0.1954166383024246,92.35209235209236,,
556,0.21270760812112607,90.76479076479076,,
557,0.20232996503684084,92.06349206349206,,
558,0.21482701038116586,92.35209235209236,,
559,0.21689094183764931,91.34199134199135,,
560,0.2109991671439545,91.05339105339105,,
561,0.20660152858254885,91.77489177489177,,
562,0.20327226669241338,91.1976911976912,,
563,0.19794885577663543,91.77489177489177,,
564,0.191397529823805,93.07359307359307,,
565,0.18970768431048374,92.4963924963925,,
566,0.19257138959773176,91.05339105339105,,
567,0.20997658839871272,91.05339105339105,,
568,0.19393948206481823,91.05339105339105,,
569,0.1960732639696003,90.76479076479076,,
570,0.19492221261343742,91.63059163059162,,
571,0.18313858859122745,92.64069264069263,,
572,0.21135259309211077,92.20779220779221,,
573,0.196929677686564,91.1976911976912,,
574,0.20309845825272893,92.78499278499278,,
575,0.17846412912634715,92.06349206349206,0.758150996325852,77.92207792207792
576,0.2203417756039687,90.62049062049061,,
577,0.19458170473833622,92.35209235209236,,
578,0.19686118546674433,92.64069264069263,,
579,0.20688386444233542,90.9090909090909,,
580,0.19320966034568576,92.4963924963925,,
581,0.22073363390190776,91.05339105339105,,
582,0.18857076278152576,91.63059163059162,,
583,0.19744661592301868,92.06349206349206,,
584,0.21320238580435386,91.63059163059162,,
585,0.19939033333937844,91.05339105339105,,
586,0.20012471871114568,90.33189033189034,,
587,0.20483360543825582,90.9090909090909,,
588,0.21844480308189365,90.62049062049061,,
589,0.19581910438330313,92.4963924963925,,
590,0.19945964888060763,93.65079365079364,,
591,0.18822126281897916,92.92929292929293,,
592,0.20697119543906758,90.47619047619048,,
593,0.18284260020369575,93.79509379509379,,
594,0.1931074827500924,91.63059163059162,,
595,0.19306310640398042,91.63059163059162,,
596,0.18479455158135935,92.78499278499278,,
597,0.1771566333708825,92.92929292929293,,
598,0.18328992423600104,92.20779220779221,,
599,0.18801121484665645,93.07359307359307,,
600,0.19100867970853314,92.06349206349206,0.7313575907187029,80.51948051948052
601,0.17513146261116128,93.36219336219337,,
602,0.18653200943060597,92.78499278499278,,
603,0.1822257400591136,92.35209235209236,,
604,0.18454865072712753,92.20779220779221,,
605,0.1758496808600417,92.64069264069263,,
606,0.21071171735293764,91.77489177489177,,
607,0.20379880487832844,92.4963924963925,,
608,0.21599119871553749,91.48629148629149,,
609,0.19297814248788236,91.05339105339105,,
610,0.2203666437067855,91.34199134199135,,
611,0.21111481151883565,90.62049062049061,,
612,0.19385766011123878,91.1976911976912,,
613,0.1847113405957732,92.06349206349206,,
614,0.18657206878345595,92.35209235209236,,
615,0.19115293281848986,93.36219336219337,,
616,0.18524112613686236,92.06349206349206,,
617,0.18317648394283279,92.4963924963925,,
618,0.1783933218509432,91.34199134199135,,
619,0.18807762517079088,92.35209235209236,,
620,0.20830308285798518,91.1976911976912,,
621,0.20902209519307852,92.4963924963925,,
622,0.19348649141979424,91.63059163059162,,
623,0.19983020642017046,93.21789321789322,,
624,0.1820724591892347,93.50649350649351,,
625,0.1957952081082015,91.91919191919192,0.6891516803146956,79.22077922077922
626,0.18581664484816712,92.78499278499278,,
627,0.17794252738550112,93.07359307359307,,
628,0.2037967291014191,91.1976911976912,,
629,0.2092661424546703,90.76479076479076,,
630,0.19678365243504745,92.06349206349206,,
631,0.1931781494912045,91.48629148629149,,
632,0.20047288298778893,92.4963924963925,,
633,0.1966974881153774,92.64069264069263,,
634,0.1925016801057096,92.20779220779221,,
635,0.19464581653819799,91.1976911976912,,
636,0.19025627268857254,92.06349206349206,,
637,0.17623111158528756,94.08369408369408,,
638,0.19675213098526,91.34199134199135,,
639,0.16583769016430147,93.50649350649351,,
640,0.20479531466294332,91.91919191919192,,
641,0.18294977182777758,91.91919191919192,,
642,0.18899981376498637,93.07359307359307,,
643,0.19168401872913904,92.20779220779221,,
644,0.18692413649775766,92.78499278499278,,
645,0.19228107506922656,91.63059163059162,,
646,0.19575211078917654,92.64069264069263,,
647,0.17924462880235043,93.79509379509379,,
648,0.17363335073940336,92.20779220779221,,
649,0.18533482027346265,91.1976911976912,,
650,0.19760374774858033,92.64069264069263,0.750021847037526,76.62337662337663
651,0.18248997701931352,92.20779220779221,,
652,0.2204476483112462,89.8989898989899,,
653,0.17963852132381644,92.78499278499278,,
654,0.1850827977297798,92.64069264069263,,
655,0.20931057332011013,90.62049062049061,,
656,0.19350176180402437,92.78499278499278,,
657,0.18797624790651285,93.50649350649351,,
658,0.1888400972491563,93.21789321789322,,
659,0.17981839485326714,91.77489177489177,,
660,0.18431708159685822,91.63059163059162,,
661,0.188439030280877,92.20779220779221,,
662,0.1934144502293324,92.4963924963925,,
663,0.19304800059372212,91.48629148629149,,
664,0.20357204798453127,91.91919191919192,,
665,0.18697429323652262,93.36219336219337,,
666,0.18416389653090962,93.50649350649351,,
667,0.20776468603555948,91.48629148629149,,
668,0.19961125041327263,92.06349206349206,,
669,0.16773771513979158,92.64069264069263,,
670,0.19564945731328162,92.4963924963925,,
671,0.18831335999404886,92.92929292929293,,
672,0.1951351456537649,91.63059163059162,,
673,0.18269321504673916,92.64069264069263,,
674,0.18785049569555176,92.92929292929293,,
675,0.18075319264530276,92.92929292929293,0.7222257047504573,80.51948051948052
676,0.17486927438995023,93.21789321789322,,
677,0.16271265625179587,93.65079365079364,,
678,0.19644021123518676,91.77489177489177,,
679,0.1789734461606839,93.21789321789322,,
680,0.18364217927649854,92.64069264069263,,
681,0.1800727445153791,92.35209235209236,,
682,0.18286689245081567,91.77489177489177,,
683,0.1792005149467511,92.35209235209236,,
684,0.1831689995927212,92.64069264069263,,
685,0.1846868164439566,92.35209235209236,,
686,0.17077344475370465,93.36219336219337,,
687,0.1704751101751176,92.06349206349206,,
688,0.18771814312758986,92.4963924963925,,
689,0.1766054934215924,94.08369408369408,,
690,0.17559408653436112,93.21789321789322,,
691,0.16948232082663506,92.64069264069263,,
692,0.16410130431706255,93.79509379509379,,
693,0.18959864655248876,92.06349206349206,,
694,0.18044156995588512,92.64069264069263,,
695,0.18323876184087468,92.92929292929293,,
696,0.17102124436098604,93.07359307359307,,
697,0.17143003200080037,93.21789321789322,,
698,0.16942642477554676,92.64069264069263,,
699,0.20129356626824382,90.33189033189034,,
700,0.19407306369635965,91.91919191919192,0.7393898081469845,79.22077922077922
701,0.17437848092888686,92.35209235209236,,
702,0.17060403468243207,93.93939393939394,,
703,0.18158161685322272,93.93939393939394,,
704,0.2134703104041549,92.06349206349206,,
705,0.17168168084962027,92.4963924963925,,
706,0.18454694298524704,91.77489177489177,,
707,0.19136851554008102,92.06349206349206,,
708,0.17989909213404529,93.21789321789322,,
709,0.1865601809681924,92.4963924963925,,
710,0.16828927075124814,92.92929292929293,,
711,0.18798633128361614,91.91919191919192,,
712,0.17037813204191463,94.51659451659452,,
713,0.1879429051284322,92.64069264069263,,
714,0.18921442155714158,92.06349206349206,,
715,0.15870951754706247,94.51659451659452,,
716,0.17314810639658532,93.36219336219337,,
717,0.20199892358668955,91.05339105339105,,
718,0.19806967451338606,92.20779220779221,,
719,0.1785288370317883,93.21789321789322,,
720,0.19096416785431458,91.48629148629149,,
721,0.18680385686188378,92.20779220779221,,
722,0.17584510734587006,94.08369408369408,,
723,0.15689408331894428,94.08369408369408,,
724,0.17132876663701274,92.20779220779221,,
725,0.15610355765036002,94.51659451659452,0.7309733907897751,79.22077922077922
726,0.15711939337288405,94.94949494949495,,
727,0.18217388602056975,92.78499278499278,,
728,0.16998911037245526,93.50649350649351,,
729,0.19567955237467913,91.91919191919192,,
730,0.1611711610737559,93.65079365079364,,
731,0.17434255454103323,92.92929292929293,,
732,0.17218848473216375,94.66089466089466,,
733,0.1724374427004552,94.51659451659452,,
734,0.19568808145100763,91.91919191919192,,
735,0.18036508263447584,93.93939393939394,,
736,0.16488271805459115,92.92929292929293,,
737,0.17386259986853703,92.35209235209236,,
738,0.158728384373852,92.92929292929293,,
739,0.17933819846157387,92.92929292929293,,
740,0.18083381800123452,92.20779220779221,,
741,0.16797952501245736,94.37229437229438,,
742,0.17675890171467656,92.78499278499278,,
743,0.1704696643060076,93.36219336219337,,
744,0.14962916453012828,93.65079365079364,,
745,0.1631049785714645,93.79509379509379,,
746,0.1627918372594605,93.93939393939394,,
747,0.21189145608337565,90.9090909090909,,
748,0.16455611404875484,92.78499278499278,,
749,0.16242209208046032,93.36219336219337,,
750,0.17018293427010464,93.36219336219337,0.7175098069302448,80.51948051948052
751,0.17209260762382894,93.07359307359307,,
752,0.20024353589373406,91.91919191919192,,
753,0.15142074939062414,94.8051948051948,,
754,0.20244193305012811,90.62049062049061,,
755,0.18451011337845186,93.07359307359307,,
756,0.1729780752910637,93.36219336219337,,
757,0.1866371359294455,92.35209235209236,,
758,0.18919439267630528,93.21789321789322,,
759,0.18318393333004668,93.21789321789322,,
760,0.17046272061754442,92.20779220779221,,
761,0.17015455569131205,93.50649350649351,,
762,0.17946440766298066,91.1976911976912,,
763,0.18052543482567152,92.78499278499278,,
764,0.16320210479436412,93.50649350649351,,
765,0.15447569682570592,94.08369408369408,,
766,0.19746267841792897,91.63059163059162,,
767,0.18362662974546137,93.07359307359307,,
768,0.16645484096686453,94.37229437229438,,
769,0.15757980510527952,93.93939393939394,,
770,0.14971376308287032,94.66089466089466,,
771,0.17225385362129192,93.21789321789322,,
772,0.14911680015994702,94.51659451659452,,
773,0.182005610300865,92.35209235209236,,
774,0.1509019686460151,93.93939393939394,,
775,0.1581455995080103,93.36219336219337,0.7293468164159106,75.32467532467533
776,0.17090805803800557,93.93939393939394,,
777,0.18038620211689332,92.35209235209236,,
778,0.14843194288823855,94.37229437229438,,
779,0.16229001045614094,93.50649350649351,,
780,0.141181383109927,94.8051948051948,,
781,0.17644418230411982,92.4963924963925,,
782,0.15795111346554447,94.22799422799423,,
783,0.18575148153270649,91.77489177489177,,
784,0.1940543343236436,92.20779220779221,,
785,0.16372386313448048,95.23809523809524,,
786,0.15973310197285587,93.93939393939394,,
787,0.16266589664449596,93.50649350649351,,
788,0.15586818446113607,93.79509379509379,,
789,0.15928015781870222,95.23809523809524,,
790,0.14897805278177384,93.21789321789322,,
791,0.15882061623993718,93.65079365079364,,
792,0.18464581356592163,92.06349206349206,,
793,0.17916070481743476,93.36219336219337,,
794,0.16113336317638985,93.65079365079364,,
795,0.17404323033612185,92.4963924963925,,
796,0.1727543618358016,94.37229437229438,,
797,0.15761824991301368,93.79509379509379,,
798,0.16175739241234452,93.50649350649351,,
799,0.1617891334567063,93.65079365079364,,
800,0.16832528597692734,92.4963924963925,0.7832088021488933,77.92207792207792
801,0.15133318593147685,94.37229437229438,,
802,0.15071077862603946,93.21789321789322,,
803,0.18698163246695612,92.4963924963925,,
804,0.16331911369792654,93.50649350649351,,
805,0.14492020933938576,93.93939393939394,,
806,0.15745001586764235,93.50649350649351,,
807,0.17833135951133,94.22799422799423,,
808,0.16669570470785167,93.36219336219337,,
809,0.1771231625890319,92.4963924963925,,
810,0.15791071726689263,94.08369408369408,,
811,0.16482817577292222,93.07359307359307,,
812,0.1669674355205428,93.79509379509379,,
813,0.17291334557412852,92.64069264069263,,
814,0.163012727660975,92.78499278499278,,
815,0.1407084336012473,95.67099567099567,,
816,0.19406471226208483,91.34199134199135,,
817,0.15925545682982792,93.36219336219337,,
818,0.17373678187099198,92.06349206349206,,
819,0.18234007247598658,92.35209235209236,,
820,0.16258823136230569,93.36219336219337,,
821,0.17256800674471848,93.50649350649351,,
822,0.14655384326738025,93.50649350649351,,
823,0.1699272897981462,93.50649350649351,,
824,0.16675366790263685,93.50649350649351,,
825,0.15468351285996032,93.79509379509379,0.8302009415316891,76.62337662337663
826,0.1621267646336108,93.21789321789322,,
827,0.1830588686904866,93.21789321789322,,
828,0.16252026534914799,93.36219336219337,,
829,0.16603482062531927,93.93939393939394,,
830,0.15321369994361853,94.08369408369408,,
831,0.14878150914133154,94.22799422799423,,
832,0.1609943811855619,92.92929292929293,,
833,0.1827009581298195,92.35209235209236,,
834,0.15892979540844673,92.92929292929293,,
835,0.173244439795194,92.64069264069263,,
836,0.17377455757250862,92.64069264069263,,
837,0.15069824112861446,94.66089466089466,,
838,0.14675046696796648,94.22799422799423,,
839,0.16709506193452756,92.92929292929293,,
840,0.17171929421341436,93.07359307359307,,
841,0.1385449521716625,94.22799422799423,,
842,0.15617709174687727,93.65079365079364,,
843,0.16562580973720298,92.64069264069263,,
844,0.17531003365440975,93.50649350649351,,
845,0.15291597250671612,94.51659451659452,,
846,0.16723758154407595,93.50649350649351,,
847,0.1658447231952246,92.4963924963925,,
848,0.18193520728127782,93.93939393939394,,
849,0.17080590006334956,93.07359307359307,,
850,0.16481617667469026,93.79509379509379,0.8196446005400125,75.32467532467533
851,0.16358925496775006,93.36219336219337,,
852,0.18146894829721333,93.50649350649351,,
853,0.13819284696255582,94.66089466089466,,
854,0.15893586728221926,93.93939393939394,,
855,0.1773215647878241,93.07359307359307,,
856,0.16607273577525675,92.64069264069263,,
857,0.14734822649288315,94.08369408369408,,
858,0.16126529859381622,93.21789321789322,,
859,0.14759927735399203,94.22799422799423,,
860,0.18876585079434974,92.06349206349206,,
861,0.17215260283814537,93.50649350649351,,
862,0.19289911458803632,91.34199134199135,,
863,0.14748283322029687,93.79509379509379,,
864,0.15027994913026196,94.22799422799423,,
865,0.1476539507250249,94.08369408369408,,
866,0.17378561342777457,91.91919191919192,,
867,0.14286256411407158,94.51659451659452,,
868,0.16039808762822874,93.36219336219337,,
869,0.1385268396220854,94.22799422799423,,
870,0.14315377291920897,94.22799422799423,,
871,0.15389285411841597,93.21789321789322,,
872,0.17179810540672677,93.21789321789322,,
873,0.15224651618179305,93.50649350649351,,
874,0.16497894229224921,92.35209235209236,,
875,0.14915035124249962,94.94949494949495,0.8487483944211688,77.92207792207792
876,0.18549689919315548,93.93939393939394,,
877,0.14828744033569252,93.36219336219337,,
878,0.14853090787518763,93.93939393939394,,
879,0.16556861130104092,93.36219336219337,,
880,0.1603058467969879,93.79509379509379,,
881,0.16070628589795954,93.79509379509379,,
882,0.1634246219422609,92.4963924963925,,
883,0.1562439665886403,93.21789321789322,,
884,0.143070295474574,94.66089466089466,,
885,0.15959715839975325,92.92929292929293,,
886,0.14487560377234504,94.08369408369408,,
887,0.15452150507019713,94.08369408369408,,
888,0.15049778591588805,93.21789321789322,,
889,0.14579411137252402,95.52669552669553,,
890,0.1639817381038466,92.78499278499278,,
891,0.16262350410954088,93.50649350649351,,
892,0.16696566880867422,93.21789321789322,,
893,0.17618543547168267,93.79509379509379,,
894,0.16026621111930706,93.79509379509379,,
895,0.16901513371847754,93.50649350649351,,
896,0.15659510476506633,93.79509379509379,,
897,0.17208550726352487,92.78499278499278,,
898,0.18086462722712265,92.20779220779221,,
899,0.16286845030303385,92.78499278499278,,
900,0.1641900810597177,93.21789321789322,0.7941289048690301,77.92207792207792
901,0.13608234433368557,94.22799422799423,,
902,0.14836682623566746,93.50649350649351,,
903,0.1901261168081867,93.21789321789322,,
904,0.15124019866467897,94.8051948051948,,
905,0.1318677752977573,95.38239538239539,,
906,0.12952541537357098,95.23809523809524,,
907,0.15221590642826727,94.66089466089466,,
908,0.13605535946367106,95.23809523809524,,
909,0.14244364049355532,94.37229437229438,,
910,0.13743851018846465,94.22799422799423,,
911,0.16320479060234275,92.78499278499278,,
912,0.15639731004124596,93.79509379509379,,
913,0.16678573896444548,93.65079365079364,,
914,0.1757038055044232,93.07359307359307,,
915,0.17197968521589496,93.07359307359307,,
916,0.1552515688955698,93.65079365079364,,
917,0.15502695518869686,94.08369408369408,,
918,0.1678100892303654,93.36219336219337,,
919,0.1705912333116215,93.79509379509379,,
920,0.1662122303160367,93.79509379509379,,
921,0.14916620114320972,94.37229437229438,,
922,0.15111559031136107,94.22799422799423,,
923,0.1531842364022484,94.08369408369408,,
924,0.14410841803323118,94.66089466089466,,
925,0.1408155947536617,94.66089466089466,0.8392391862807336,77.92207792207792
926,0.14269002545813117,94.51659451659452,,
927,0.1726437248020805,93.65079365079364,,
928,0.14163442099034185,94.8051948051948,,
929,0.15347448726753135,93.93939393939394,,
930,0.1447594961390695,94.51659451659452,,
931,0.15184677475028568,93.65079365079364,,
932,0.13459354768067727,94.8051948051948,,
933,0.14060850779043477,95.0937950937951,,
934,0.12982378146392098,95.67099567099567,,
935,0.15668094115167813,93.79509379509379,,
936,0.16707775669782537,93.21789321789322,,
937,0.1497843719879098,93.21789321789322,,
938,0.15144694922290322,94.08369408369408,,
939,0.14129685523448052,94.51659451659452,,
940,0.16021511387106832,93.93939393939394,,
941,0.13838860449551849,95.52669552669553,,
942,0.14836064589574052,94.37229437229438,,
943,0.1344408244217113,94.94949494949495,,
944,0.1567134608825048,92.92929292929293,,
945,0.13772330073771452,94.51659451659452,,
946,0.15180349806901525,94.94949494949495,,
947,0.14142805867939973,94.22799422799423,,
948,0.16587463455626802,92.4963924963925,,
949,0.12956482664148442,95.23809523809524,,
950,0.1668044041095014,94.66089466089466,0.8348745130873346,76.62337662337663
951,0.15868273414510153,93.50649350649351,,
952,0.16886259040232174,92.4963924963925,,
953,0.1574939868505641,93.07359307359307,,
954,0.14680468196433688,95.0937950937951,,
955,0.16983469651977048,93.36219336219337,,
956,0.13752003779573013,94.51659451659452,,
957,0.16866104152392258,93.21789321789322,,
958,0.1423689593785425,94.66089466089466,,
959,0.1679976312564565,93.79509379509379,,
960,0.14232742110157082,95.81529581529581,,
961,0.15634777401755381,93.93939393939394,,
962,0.15113805275286776,93.65079365079364,,
963,0.15933478876281781,93.21789321789322,,
964,0.12662206929913503,95.38239538239539,,
965,0.16312909795073482,93.21789321789322,,
966,0.13713147781499022,95.38239538239539,,
967,0.1485946470492588,93.93939393939394,,
968,0.1340098228644241,95.38239538239539,,
969,0.1484531428890698,93.36219336219337,,
970,0.1224125423085638,94.22799422799423,,
971,0.13770026650177625,94.66089466089466,,
972,0.13752733615010676,95.23809523809524,,
973,0.13949062401619652,93.93939393939394,,
974,0.1356416710371536,94.22799422799423,,
975,0.17071368744190982,93.07359307359307,0.7986262200714705,80.51948051948052
976,0.16216167760273767,93.21789321789322,,
977,0.1565631643948273,93.50649350649351,,
978,0.15925292176709202,94.51659451659452,,
979,0.1358882544446645,94.8051948051948,,
980,0.16024541439862133,92.92929292929293,,
981,0.14702421184871103,93.79509379509379,,
982,0.13781961054449784,94.94949494949495,,
983,0.1495043502591045,93.93939393939394,,
984,0.154587715348124,94.37229437229438,,
985,0.1408990312819228,96.1038961038961,,
986,0.1518152148918414,92.78499278499278,,
987,0.16433196008463444,94.22799422799423,,
988,0.157073022418724,93.36219336219337,,
989,0.1712568522488744,92.78499278499278,,
990,0.13779980342023473,94.66089466089466,,
991,0.1296323561425419,95.67099567099567,,
992,0.1407563943539519,95.38239538239539,,
993,0.16520219720889306,93.07359307359307,,
994,0.15144579430765231,94.37229437229438,,
995,0.17452748960574813,93.50649350649351,,
996,0.1604056351671659,93.36219336219337,,
997,0.1402627076678108,95.0937950937951,,
998,0.1481780923935242,94.37229437229438,,
999,0.14824839239512688,94.66089466089466,,
1000,0.1515983175405692,94.37229437229438,0.8078656026295253,79.22077922077922
