epoch,train_loss,train_acc,test_loss,test_acc
1,0.6935771303775506,54.68975468975469,0.6857809888852107,55.84415584415584
2,0.6970013216632441,51.22655122655123,,
3,0.6933427449600693,54.83405483405483,,
4,0.6913302203621527,55.122655122655125,,
5,0.686770579429588,54.97835497835498,,
6,0.6868887535077325,56.42135642135642,,
7,0.6851383342715397,54.68975468975469,,
8,0.6874716658612866,55.699855699855696,,
9,0.6836958050211787,55.699855699855696,,
10,0.6845575935740835,55.98845598845599,,
11,0.6786244252715448,56.85425685425685,,
12,0.6859372031981122,54.68975468975469,,
13,0.6836519380668541,54.68975468975469,,
14,0.6864998703567152,53.67965367965368,,
15,0.682212958260188,57.57575757575758,,
16,0.6859033775191975,52.81385281385281,,
17,0.676558839810359,56.998556998557,,
18,0.6779835239633337,55.98845598845599,,
19,0.6833477376343368,55.122655122655125,,
20,0.6750133240549767,58.00865800865801,,
21,0.6815704222537394,54.112554112554115,,
22,0.6727193721273073,57.142857142857146,,
23,0.6765995809182116,58.73015873015873,,
24,0.6816696928005026,55.266955266955264,,
25,0.6692631373673806,55.84415584415584,0.6818274693055586,50.64935064935065
26,0.6727931064272684,59.01875901875902,,
27,0.6696844347799668,57.72005772005772,,
28,0.6675353367607315,55.41125541125541,,
29,0.6668643474922896,56.70995670995671,,
30,0.6616480085584853,57.142857142857146,,
31,0.6601420633204571,57.43145743145743,,
32,0.6621367347360861,57.57575757575758,,
33,0.662173437349724,58.297258297258296,,
34,0.6564296360999818,59.45165945165945,,
35,0.6543102508671528,58.152958152958156,,
36,0.6557145322556104,58.874458874458874,,
37,0.6581520651498054,61.18326118326118,,
38,0.6573381842816891,57.57575757575758,,
39,0.6462179354430965,59.16305916305916,,
40,0.6459712110040507,60.46176046176046,,
41,0.6438994551289822,61.61616161616162,,
42,0.6435213527638158,62.33766233766234,,
43,0.6416452185588137,61.18326118326118,,
44,0.6405680455686726,61.61616161616162,,
45,0.6378560781822921,63.05916305916306,,
46,0.6352140860468106,61.61616161616162,,
47,0.6286778354541563,63.78066378066378,,
48,0.6246210119941018,62.48196248196248,,
49,0.6289019141706381,64.93506493506493,,
50,0.6201915605071647,65.51226551226551,0.6385117382198185,57.142857142857146
51,0.6237538372627413,62.77056277056277,,
52,0.6173718846893586,66.66666666666667,,
53,0.6120804189603566,64.93506493506493,,
54,0.6081474302134988,65.80086580086581,,
55,0.6101034057432783,66.23376623376623,,
56,0.6051518194603197,66.08946608946609,,
57,0.6048146302651878,66.66666666666667,,
58,0.594856809142004,67.96536796536796,,
59,0.589588302812535,68.25396825396825,,
60,0.5960300875260545,67.38816738816739,,
61,0.5906628602080874,68.25396825396825,,
62,0.582565928778435,68.97546897546897,,
63,0.5763182957451065,70.70707070707071,,
64,0.5711768933532902,72.2943722943723,,
65,0.5772893288606861,69.6969696969697,,
66,0.5688740519906191,71.71717171717172,,
67,0.5727378629674815,69.55266955266956,,
68,0.5622312737061692,72.72727272727273,,
69,0.5741715014066875,71.71717171717172,,
70,0.5668639765157328,71.71717171717172,,
71,0.5646452366187631,72.43867243867244,,
72,0.5435160019180991,74.02597402597402,,
73,0.5687403061345198,71.86147186147186,,
74,0.5420056842106246,73.88167388167388,,
75,0.5638163773528425,69.6969696969697,0.5646808588659609,68.83116883116882
76,0.5441445311770639,74.17027417027417,,
77,0.5535938246081574,70.70707070707071,,
78,0.532068696544972,74.17027417027417,,
79,0.5395588380261761,73.88167388167388,,
80,0.5219528506070504,74.60317460317461,,
81,0.5391427830700234,74.02597402597402,,
82,0.5211474506283907,76.19047619047619,,
83,0.5225586866231535,75.9018759018759,,
84,0.512937223369425,76.62337662337663,,
85,0.5045875982632713,77.2005772005772,,
86,0.5091627959221129,78.21067821067821,,
87,0.5085454129037403,76.62337662337663,,
88,0.5070795389308902,76.33477633477634,,
89,0.49032572677297165,80.51948051948052,,
90,0.5093205638692149,75.61327561327562,,
91,0.4991008795012987,78.93217893217893,,
92,0.5044151449100279,76.19047619047619,,
93,0.4964790978128948,77.63347763347764,,
94,0.5023325363450925,76.47907647907648,,
95,0.4896257109886296,78.4992784992785,,
96,0.4828231321354793,78.21067821067821,,
97,0.47443130487659446,77.92207792207792,,
98,0.4814123273927928,78.93217893217893,,
99,0.4846837955807883,78.64357864357865,,
100,0.4750040582076124,78.64357864357865,0.4975377998568795,75.32467532467533
101,0.4650165113535794,80.51948051948052,,
102,0.4616176409036738,79.94227994227994,,
103,0.46582221898853693,79.94227994227994,,
104,0.457609750319697,81.24098124098124,,
105,0.4590738463883448,79.94227994227994,,
106,0.4566963522723227,81.0966810966811,,
107,0.46003116467298366,80.8080808080808,,
108,0.4432114701164405,80.66378066378067,,
109,0.45758628535580326,80.08658008658008,,
110,0.466415805347038,81.24098124098124,,
111,0.4303478414104098,81.0966810966811,,
112,0.43505200636163244,81.0966810966811,,
113,0.4693605405685706,79.36507936507937,,
114,0.44152030705717565,82.3953823953824,,
115,0.4424686487790998,81.24098124098124,,
116,0.4349915345681866,80.66378066378067,,
117,0.42554835779498323,83.11688311688312,,
118,0.4216857638968018,83.69408369408369,,
119,0.4325728091756675,81.38528138528139,,
120,0.4223378849838031,83.26118326118326,,
121,0.4374247191616295,80.95238095238095,,
122,0.4251367736172366,80.23088023088023,,
123,0.42013954200269854,81.67388167388168,,
124,0.4282830230257384,82.82828282828282,,
125,0.4033808769687774,82.25108225108225,0.4412334468457606,80.51948051948052
126,0.39227440686624976,83.69408369408369,,
127,0.4160865318207514,81.81818181818181,,
128,0.4116123148803243,82.3953823953824,,
129,0.4100229948286026,84.55988455988457,,
130,0.4019509157405099,82.97258297258297,,
131,0.4115072701228473,81.96248196248196,,
132,0.4051085283057858,82.53968253968254,,
133,0.3855127464727234,86.14718614718615,,
134,0.4085553109559834,84.55988455988457,,
135,0.3803368051244755,84.7041847041847,,
136,0.3912328498876112,84.27128427128427,,
137,0.3855813689218111,83.98268398268398,,
138,0.384388789169028,83.69408369408369,,
139,0.3957842392752869,83.83838383838383,,
140,0.3659799640398865,85.56998556998558,,
141,0.3631357335597062,86.86868686868686,,
142,0.3865158040974219,83.83838383838383,,
143,0.38197838610728924,83.83838383838383,,
144,0.3931018755291448,83.40548340548341,,
145,0.37437881830364766,84.55988455988457,,
146,0.36727952914148526,85.85858585858585,,
147,0.37624500728444793,85.13708513708514,,
148,0.3739168292172199,86.2914862914863,,
149,0.36733025632809424,85.13708513708514,,
150,0.37509024126017076,83.83838383838383,0.42240969159386377,76.62337662337663
151,0.3659191577121465,86.58008658008659,,
152,0.35636279451382624,85.71428571428571,,
153,0.36513901518020797,85.56998556998558,,
154,0.36099413811386405,86.58008658008659,,
155,0.3592662577763264,84.7041847041847,,
156,0.35896179475653567,83.83838383838383,,
157,0.35269114431020676,85.71428571428571,,
158,0.3626303370466824,85.56998556998558,,
159,0.34600372790946243,86.43578643578644,,
160,0.3467501519734381,86.2914862914863,,
161,0.3693522299608971,84.99278499278499,,
162,0.35016432402367886,85.56998556998558,,
163,0.34610281461073034,86.72438672438672,,
164,0.3238563939907506,86.86868686868686,,
165,0.34708116787336607,87.87878787878788,,
166,0.33758964089604165,86.72438672438672,,
167,0.3460849862852138,86.002886002886,,
168,0.34512808071758494,86.002886002886,,
169,0.32822820853877377,87.44588744588745,,
170,0.3274762768508036,86.86868686868686,,
171,0.34480482404366203,88.02308802308802,,
172,0.32477883136633673,87.44588744588745,,
173,0.34524483447639115,87.01298701298701,,
174,0.3193636230834119,86.2914862914863,,
175,0.3361670421315478,86.002886002886,0.3889854983849959,76.62337662337663
176,0.31573798534330005,87.44588744588745,,
177,0.3380947414930765,86.58008658008659,,
178,0.3216204827310031,86.72438672438672,,
179,0.30844583959032446,88.74458874458874,,
180,0.3199287707155401,88.02308802308802,,
181,0.3096957380680467,86.58008658008659,,
182,0.33685154518351756,84.99278499278499,,
183,0.3302901711040761,88.02308802308802,,
184,0.3202872254373707,88.02308802308802,,
185,0.32267779307533995,88.45598845598846,,
186,0.313564410328349,88.88888888888889,,
187,0.3057394715786668,88.31168831168831,,
188,0.31521645932314546,88.74458874458874,,
189,0.29632303701958274,87.87878787878788,,
190,0.2998195290995539,88.74458874458874,,
191,0.30430427860215975,87.44588744588745,,
192,0.3198866533897656,87.44588744588745,,
193,0.32012633327797896,86.72438672438672,,
194,0.294796885737093,88.74458874458874,,
195,0.3132194432216289,87.73448773448773,,
196,0.28899511084240065,89.03318903318903,,
197,0.2857488583434712,89.03318903318903,,
198,0.29342741593395993,88.60028860028861,,
199,0.28860969404981596,88.45598845598846,,
200,0.2873945398979201,88.88888888888889,0.38312445697072267,84.41558441558442
201,0.30242245615302743,86.43578643578644,,
202,0.2938945365567056,88.16738816738817,,
203,0.27899452773007477,88.60028860028861,,
204,0.3028280647286089,87.5901875901876,,
205,0.285807174564612,88.16738816738817,,
206,0.3002847712836396,88.16738816738817,,
207,0.2801364142270315,89.75468975468975,,
208,0.2955781916777293,89.03318903318903,,
209,0.259031848344968,90.47619047619048,,
210,0.29116183355945185,87.5901875901876,,
211,0.2831630971481618,89.17748917748918,,
212,0.2817506773819311,89.17748917748918,,
213,0.27646161035283817,90.04329004329004,,
214,0.2825444153204969,89.03318903318903,,
215,0.2794636102637859,89.6103896103896,,
216,0.2669604745778171,89.6103896103896,,
217,0.2745211219890809,90.04329004329004,,
218,0.2796879182925816,90.76479076479076,,
219,0.26003750040589646,90.47619047619048,,
220,0.2680342477809471,90.04329004329004,,
221,0.27447119246614615,90.18759018759019,,
222,0.2759604643046598,89.17748917748918,,
223,0.277266406694704,90.04329004329004,,
224,0.2672257317609085,89.8989898989899,,
225,0.2748854743023799,89.17748917748918,0.36647089193393656,85.71428571428571
226,0.2621904188420349,89.8989898989899,,
227,0.2553277163622527,91.34199134199135,,
228,0.26888147929702144,89.6103896103896,,
229,0.2652559063113785,89.6103896103896,,
230,0.2802289342037355,90.33189033189034,,
231,0.2439524471050217,91.91919191919192,,
232,0.2681540329261948,89.6103896103896,,
233,0.260601840493999,90.33189033189034,,
234,0.26337516673371564,89.6103896103896,,
235,0.2557022243329629,91.63059163059162,,
236,0.2437210316953893,91.77489177489177,,
237,0.2560915390478412,89.75468975468975,,
238,0.2768697407510545,90.18759018759019,,
239,0.24640581514928248,91.63059163059162,,
240,0.26259954272625596,89.46608946608947,,
241,0.2606800136628089,90.04329004329004,,
242,0.23988548054495587,91.05339105339105,,
243,0.24112300672615417,91.77489177489177,,
244,0.2546088641985154,89.8989898989899,,
245,0.2463248089106396,91.05339105339105,,
246,0.22608593024560728,91.91919191919192,,
247,0.2616439717156546,90.62049062049061,,
248,0.24528675269426894,92.06349206349206,,
249,0.2446220676061223,90.04329004329004,,
250,0.2639086750506667,90.62049062049061,0.36729813879960543,83.11688311688312
251,0.236612709698739,90.62049062049061,,
252,0.23736151687338583,89.8989898989899,,
253,0.25089376812201386,88.74458874458874,,
254,0.23715413644544317,91.63059163059162,,
255,0.23721534697524396,92.06349206349206,,
256,0.2380960297704947,92.35209235209236,,
257,0.2289924994003549,90.9090909090909,,
258,0.2400436435555999,90.76479076479076,,
259,0.25480516876321163,90.62049062049061,,
260,0.24931365804152744,90.33189033189034,,
261,0.20591577306970374,92.35209235209236,,
262,0.22634445016862337,91.77489177489177,,
263,0.22468820745380755,91.91919191919192,,
264,0.22652982297913854,91.77489177489177,,
265,0.20698109312146945,91.91919191919192,,
266,0.21646619806386003,92.4963924963925,,
267,0.23875759922580803,91.05339105339105,,
268,0.2178756334747673,92.4963924963925,,
269,0.21442573530462397,92.06349206349206,,
270,0.23025075108629972,90.47619047619048,,
271,0.21975377636113638,92.4963924963925,,
272,0.23697136200609661,91.48629148629149,,
273,0.22723248162310877,91.1976911976912,,
274,0.23118362720910604,91.34199134199135,,
275,0.23661211666262683,92.20779220779221,0.388949073173783,85.71428571428571
276,0.21789312108942613,91.91919191919192,,
277,0.22366404516184313,91.1976911976912,,
278,0.23250650189827704,91.1976911976912,,
279,0.22435547615714577,91.63059163059162,,
280,0.22399540504636875,91.77489177489177,,
281,0.1881047689381444,94.37229437229438,,
282,0.20246031790068655,92.78499278499278,,
283,0.21025314135812923,92.4963924963925,,
284,0.1959555231217526,93.50649350649351,,
285,0.2187430276219635,91.91919191919192,,
286,0.22947834337514544,91.63059163059162,,
287,0.20441411659766584,92.4963924963925,,
288,0.21362588884682537,91.48629148629149,,
289,0.2165113945329,91.91919191919192,,
290,0.19924452140776797,92.64069264069263,,
291,0.2020689703115567,92.78499278499278,,
292,0.20741902698170056,92.78499278499278,,
293,0.21854376044624296,92.64069264069263,,
294,0.2070914703874189,92.06349206349206,,
295,0.2024684509136116,92.20779220779221,,
296,0.20374703488996707,91.91919191919192,,
297,0.20249592255892349,92.64069264069263,,
298,0.19696733120070908,92.4963924963925,,
299,0.19397297346746767,93.36219336219337,,
300,0.1804946516069327,93.79509379509379,0.42094927987495023,81.81818181818181
301,0.21182638832501002,92.92929292929293,,
302,0.19053666037742537,92.35209235209236,,
303,0.20499467780923775,92.06349206349206,,
304,0.18063612547830757,93.21789321789322,,
305,0.18087476172617503,93.36219336219337,,
306,0.2086975240561181,91.48629148629149,,
307,0.1950315519694298,93.50649350649351,,
308,0.19932120048251503,92.4963924963925,,
309,0.1936550090925346,92.20779220779221,,
310,0.18656036320100788,93.65079365079364,,
311,0.2047066798522359,92.4963924963925,,
312,0.19652987616660791,92.78499278499278,,
313,0.19523286053972672,91.91919191919192,,
314,0.19309441207721292,94.22799422799423,,
315,0.20148893565068512,92.64069264069263,,
316,0.19221534353142006,92.06349206349206,,
317,0.22115760887899097,90.9090909090909,,
318,0.1896201136910382,93.07359307359307,,
319,0.212031869317202,92.06349206349206,,
320,0.20046849593971716,92.92929292929293,,
321,0.19595073862337276,93.50649350649351,,
322,0.19654741742437193,92.35209235209236,,
323,0.19758680435959222,92.64069264069263,,
324,0.19327087457389885,93.21789321789322,,
325,0.19119546602212678,92.06349206349206,0.3941486861024584,80.51948051948052
326,0.1770436538848354,93.65079365079364,,
327,0.1750634629467521,93.65079365079364,,
328,0.18436342148811785,93.07359307359307,,
329,0.23015171852806773,91.05339105339105,,
330,0.18963831664206834,93.36219336219337,,
331,0.18510900087342805,93.93939393939394,,
332,0.1639833189278282,95.52669552669553,,
333,0.20261929198174938,91.77489177489177,,
334,0.1781911789526972,93.21789321789322,,
335,0.17763836688293524,93.21789321789322,,
336,0.16189310803987936,94.94949494949495,,
337,0.1842986269495188,93.79509379509379,,
338,0.16692199043037229,95.0937950937951,,
339,0.1802020760153623,92.64069264069263,,
340,0.1871683667608756,93.21789321789322,,
341,0.19471083118608504,91.91919191919192,,
342,0.17699340273979594,93.21789321789322,,
343,0.1936744726538486,92.92929292929293,,
344,0.20337125061222314,91.91919191919192,,
345,0.1700437544357209,94.66089466089466,,
346,0.1805841957593893,93.50649350649351,,
347,0.18645066925973602,93.07359307359307,,
348,0.17431744717029266,94.37229437229438,,
349,0.1746469062644166,93.65079365079364,,
350,0.1693603066568939,93.36219336219337,0.4094126681228737,83.11688311688312
351,0.17891672464332195,93.07359307359307,,
352,0.17606663407185377,93.21789321789322,,
353,0.17515161578660404,92.78499278499278,,
354,0.16479088634811612,93.93939393939394,,
355,0.1551326307835001,94.66089466089466,,
356,0.19824968917029245,92.20779220779221,,
357,0.1585646431683462,94.66089466089466,,
358,0.13725434941431833,95.38239538239539,,
359,0.17279805548349328,93.36219336219337,,
360,0.15708553171777107,95.52669552669553,,
361,0.17726284337685608,94.08369408369408,,
362,0.18839381181622866,92.4963924963925,,
363,0.16650322402194465,93.93939393939394,,
364,0.16194180763645089,93.65079365079364,,
365,0.16691462005371654,94.22799422799423,,
366,0.1810887927057767,91.1976911976912,,
367,0.1808730810880661,93.50649350649351,,
368,0.16377188125558056,93.50649350649351,,
369,0.1885424701424388,92.78499278499278,,
370,0.15930096326667337,93.65079365079364,,
371,0.17503573864827424,93.36219336219337,,
372,0.1716923402006836,94.22799422799423,,
373,0.15424311853956008,95.95959595959596,,
374,0.1614560880100228,94.51659451659452,,
375,0.17617600812196388,93.65079365079364,0.4057007913852667,79.22077922077922
376,0.16803537211871422,94.08369408369408,,
377,0.17594719268542863,93.65079365079364,,
378,0.1531011952896311,93.93939393939394,,
379,0.15431318751403264,94.08369408369408,,
380,0.15577665981964287,94.66089466089466,,
381,0.16911461816033588,93.21789321789322,,
382,0.15070114238523646,94.94949494949495,,
383,0.16363234790566164,93.36219336219337,,
384,0.16195395980218444,94.94949494949495,,
385,0.1427139352152358,95.81529581529581,,
386,0.15878225910285163,94.08369408369408,,
387,0.16219442123802538,94.8051948051948,,
388,0.1560817953484055,94.66089466089466,,
389,0.15840191214545637,93.93939393939394,,
390,0.14741423085310415,95.23809523809524,,
391,0.15606056111307026,94.08369408369408,,
392,0.14937334201294622,94.94949494949495,,
393,0.16515824549211913,94.66089466089466,,
394,0.16080355818395492,93.36219336219337,,
395,0.1363843565895444,94.66089466089466,,
396,0.1671886176548221,93.79509379509379,,
397,0.14570221281240855,94.94949494949495,,
398,0.1446008002130156,94.66089466089466,,
399,0.15155131825142437,94.51659451659452,,
400,0.15104796259004144,94.37229437229438,0.40614079577582224,83.11688311688312
401,0.14704762989974984,94.51659451659452,,
402,0.16637474980103162,94.66089466089466,,
403,0.14365288159375927,95.38239538239539,,
404,0.11735982953168957,96.68109668109668,,
405,0.12717050151606488,95.52669552669553,,
406,0.1542193339398456,93.65079365079364,,
407,0.1548988162439107,94.8051948051948,,
408,0.15456287006472613,93.79509379509379,,
409,0.14262551719774352,94.08369408369408,,
410,0.17682727793175163,92.92929292929293,,
411,0.15027713482127045,94.94949494949495,,
412,0.14469026688158426,95.81529581529581,,
413,0.14028269874972182,94.94949494949495,,
414,0.1468254103504046,95.67099567099567,,
415,0.15778754723579508,94.37229437229438,,
416,0.16782965565914715,93.65079365079364,,
417,0.13415351028394218,95.52669552669553,,
418,0.14761090661368156,95.67099567099567,,
419,0.1520222235487137,94.8051948051948,,
420,0.13803047292246276,95.67099567099567,,
421,0.15845602387387686,95.23809523809524,,
422,0.14153406179334005,95.0937950937951,,
423,0.15474724621225744,94.37229437229438,,
424,0.13284505437118838,95.0937950937951,,
425,0.1255489278364319,96.1038961038961,0.42696455004927397,83.11688311688312
426,0.14159526872686493,94.8051948051948,,
427,0.1457441696872959,94.08369408369408,,
428,0.1266900524819568,96.1038961038961,,
429,0.15211734969120522,93.79509379509379,,
430,0.12578429460450255,95.81529581529581,,
431,0.14741596229331405,94.08369408369408,,
432,0.13438835847332622,95.67099567099567,,
433,0.16610632191478003,94.51659451659452,,
434,0.15603512452450322,94.08369408369408,,
435,0.12864322692671895,95.0937950937951,,
436,0.14672494416553822,94.37229437229438,,
437,0.133128996214105,95.52669552669553,,
438,0.13562392041323676,96.1038961038961,,
439,0.12459705976438729,95.81529581529581,,
440,0.1533371831517543,94.66089466089466,,
441,0.13808554221713354,95.0937950937951,,
442,0.1488592880327808,94.66089466089466,,
443,0.15330961176757343,94.66089466089466,,
444,0.1426690997042482,95.0937950937951,,
445,0.12675235740851187,95.81529581529581,,
446,0.1301356658102974,96.24819624819625,,
447,0.14147835253357544,94.37229437229438,,
448,0.12191236879230406,95.81529581529581,,
449,0.12402219466144733,94.66089466089466,,
450,0.14800642828576666,94.66089466089466,0.4699577998805356,81.81818181818181
451,0.1527865444152773,93.36219336219337,,
452,0.1273493172028364,95.0937950937951,,
453,0.12540907181616642,95.38239538239539,,
454,0.1392759693380644,95.0937950937951,,
455,0.12668524773974202,96.1038961038961,,
456,0.15445000703028613,94.51659451659452,,
457,0.11276244695874907,95.67099567099567,,
458,0.13759648337594702,94.8051948051948,,
459,0.13429773538702666,95.52669552669553,,
460,0.12827817350625992,95.95959595959596,,
461,0.10841905132935935,97.11399711399712,,
462,0.14416939494284717,93.79509379509379,,
463,0.1169684338685754,95.95959595959596,,
464,0.12466147874211853,95.95959595959596,,
465,0.12168094064250137,95.38239538239539,,
466,0.13650372746154601,96.1038961038961,,
467,0.11582416831818107,95.95959595959596,,
468,0.12237114522170711,95.23809523809524,,
469,0.13481713532541392,94.66089466089466,,
470,0.12152457175424261,95.81529581529581,,
471,0.11136455704897513,96.82539682539682,,
472,0.13831822496730012,94.94949494949495,,
473,0.12016404150282321,95.81529581529581,,
474,0.11628948683712045,96.1038961038961,,
475,0.1351856409557282,95.23809523809524,0.4374277740716934,83.11688311688312
476,0.14773243708699985,94.8051948051948,,
477,0.1297301548623183,95.38239538239539,,
478,0.13913535624527484,94.94949494949495,,
479,0.1302622327497726,95.52669552669553,,
480,0.122510167900446,95.95959595959596,,
481,0.13951070887852368,94.51659451659452,,
482,0.1403204665652343,95.95959595959596,,
483,0.15165626925307435,94.8051948051948,,
484,0.12196325686522376,94.51659451659452,,
485,0.12599503682203278,95.81529581529581,,
486,0.14128960950419706,94.66089466089466,,
487,0.11389760703149468,95.81529581529581,,
488,0.12629379520211556,95.67099567099567,,
489,0.12520537502837903,95.81529581529581,,
490,0.12487626105847985,95.52669552669553,,
491,0.11719098196917282,96.24819624819625,,
492,0.13050917548115376,95.0937950937951,,
493,0.1301321652630535,95.0937950937951,,
494,0.11866670483548576,95.0937950937951,,
495,0.1119184298561765,96.68109668109668,,
496,0.10961422773580702,96.24819624819625,,
497,0.13990410758131339,95.52669552669553,,
498,0.1358053543393918,94.94949494949495,,
499,0.11551542281244397,96.24819624819625,,
500,0.10832332257345362,95.81529581529581,0.48567680569438193,81.81818181818181
501,0.11262373569250794,94.94949494949495,,
502,0.13146824023617812,95.95959595959596,,
503,0.12502534092507428,95.81529581529581,,
504,0.1116432947943909,95.95959595959596,,
505,0.10567779064952552,96.1038961038961,,
506,0.13450789339249097,95.67099567099567,,
507,0.13341982850084594,95.23809523809524,,
508,0.14199963264694118,94.8051948051948,,
509,0.12327288957729313,95.52669552669553,,
510,0.12625544067757127,95.95959595959596,,
511,0.10721987548242572,96.24819624819625,,
512,0.11398656791261522,96.96969696969697,,
513,0.12452615703446697,95.95959595959596,,
514,0.11339961332074147,95.52669552669553,,
515,0.1303965805842935,95.0937950937951,,
516,0.12857938683114697,95.38239538239539,,
517,0.11988929089314666,95.23809523809524,,
518,0.11046010253125799,96.68109668109668,,
519,0.10422822246314557,96.96969696969697,,
520,0.12061452801630955,94.94949494949495,,
521,0.12084044229029577,94.8051948051948,,
522,0.11761797571616599,95.0937950937951,,
523,0.10907861771005573,96.3924963924964,,
524,0.12364357953936851,96.68109668109668,,
525,0.11137263209143758,96.3924963924964,0.47647721755814243,81.81818181818181
526,0.11097561247636058,96.1038961038961,,
527,0.10341022043216108,96.68109668109668,,
528,0.1136192095453863,95.95959595959596,,
529,0.12564397664555224,94.37229437229438,,
530,0.12409660484625663,95.38239538239539,,
531,0.11730860061889775,95.67099567099567,,
532,0.11788007686341996,96.24819624819625,,
533,0.11173875733113392,96.68109668109668,,
534,0.11877204649806195,95.81529581529581,,
535,0.11041781039637061,96.68109668109668,,
536,0.11617761724030473,95.52669552669553,,
537,0.10743133041639456,96.53679653679653,,
538,0.12470470266188206,95.52669552669553,,
539,0.10632939650683865,96.1038961038961,,
540,0.08963495578944769,97.11399711399712,,
541,0.13651137080306958,95.38239538239539,,
542,0.11055475713693218,96.1038961038961,,
543,0.10611527593951527,96.53679653679653,,
544,0.12370372039748391,95.23809523809524,,
545,0.10756800472763237,96.68109668109668,,
546,0.11370359324617647,96.1038961038961,,
547,0.09682638538681497,96.3924963924964,,
548,0.11085858312536241,96.24819624819625,,
549,0.10742376890963462,96.53679653679653,,
550,0.11962141971739512,95.38239538239539,0.5215167991526715,81.81818181818181
551,0.1034723020240686,95.67099567099567,,
552,0.09673338230769184,96.82539682539682,,
553,0.09774313654218401,96.68109668109668,,
554,0.08903589488301443,96.82539682539682,,
555,0.11813292836214041,95.67099567099567,,
556,0.12722063965525635,94.8051948051948,,
557,0.10876130764231537,95.67099567099567,,
558,0.10029749248665992,96.1038961038961,,
559,0.08945529496170913,97.11399711399712,,
560,0.10168538532054527,95.67099567099567,,
561,0.0989632009599804,96.82539682539682,,
562,0.10334140188927517,96.68109668109668,,
563,0.11119532169610219,95.52669552669553,,
564,0.08754589383773946,96.68109668109668,,
565,0.10019645338923729,96.68109668109668,,
566,0.11166668224214303,94.8051948051948,,
567,0.08810411356819571,97.40259740259741,,
568,0.12022656001806431,96.53679653679653,,
569,0.10194568305906623,96.3924963924964,,
570,0.09273866024325249,97.54689754689754,,
571,0.08776566473509133,97.11399711399712,,
572,0.10526161106547924,95.81529581529581,,
573,0.09927730169281643,96.53679653679653,,
574,0.09697209257756133,96.53679653679653,,
575,0.10847634348002347,95.95959595959596,0.5887228583360647,81.81818181818181
576,0.1115867816271935,96.1038961038961,,
577,0.10235792220251642,96.1038961038961,,
578,0.09456866834457818,96.68109668109668,,
579,0.09876468424210903,96.24819624819625,,
580,0.08522009316893646,96.82539682539682,,
581,0.09625050577658939,96.53679653679653,,
582,0.11191196141906976,95.67099567099567,,
583,0.09451523773012008,96.3924963924964,,
584,0.0847443797199585,97.25829725829726,,
585,0.09930610624484686,96.24819624819625,,
586,0.0898788631241903,97.11399711399712,,
587,0.09787807335155178,96.53679653679653,,
588,0.10455561462389291,96.53679653679653,,
589,0.1225351287968575,95.0937950937951,,
590,0.11590943454319952,96.1038961038961,,
591,0.1110512310071898,95.95959595959596,,
592,0.11157113470642425,95.38239538239539,,
593,0.08815580220492543,96.96969696969697,,
594,0.08553524624050997,96.96969696969697,,
595,0.09817478771376575,95.95959595959596,,
596,0.10451295191333407,96.24819624819625,,
597,0.12508556575744184,95.52669552669553,,
598,0.10452012306759281,95.95959595959596,,
599,0.1079496643163296,96.24819624819625,,
600,0.090008477856436,96.3924963924964,0.5866183390865078,80.51948051948052
601,0.10222415620539052,96.53679653679653,,
602,0.1120167158283347,95.52669552669553,,
603,0.10928425490002794,96.53679653679653,,
604,0.09192316542939964,97.69119769119769,,
605,0.0930607592281153,96.82539682539682,,
606,0.09128780109326733,97.25829725829726,,
607,0.10578441852098935,95.81529581529581,,
608,0.10281316912901006,96.3924963924964,,
609,0.0921115627321502,96.24819624819625,,
610,0.11186596021206692,95.52669552669553,,
611,0.0873584543800984,96.96969696969697,,
612,0.08016964028660654,97.11399711399712,,
613,0.08470251738036005,97.54689754689754,,
614,0.08542375855717652,97.25829725829726,,
615,0.10090946484609772,96.96969696969697,,
616,0.10367149463485158,95.52669552669553,,
617,0.08968242297612916,97.11399711399712,,
618,0.07453113694340635,97.83549783549783,,
619,0.09506384005788902,96.1038961038961,,
620,0.12680270939173036,95.38239538239539,,
621,0.08681713399970514,97.25829725829726,,
622,0.09510101239811118,96.53679653679653,,
623,0.08515700229952948,96.96969696969697,,
624,0.08656904272315823,97.40259740259741,,
625,0.08765829197825893,97.25829725829726,0.7502356167737539,79.22077922077922
626,0.10336026030593964,96.3924963924964,,
627,0.1068004687541147,95.67099567099567,,
628,0.09807816903663914,96.68109668109668,,
629,0.11468028175156741,95.67099567099567,,
630,0.0878467505406669,96.82539682539682,,
631,0.09238519506666051,97.11399711399712,,
632,0.12039754778404772,95.95959595959596,,
633,0.07891212726310218,97.11399711399712,,
634,0.10534639604081243,95.67099567099567,,
635,0.08880687800664751,96.82539682539682,,
636,0.07357403013484302,97.69119769119769,,
637,0.08317181263737176,97.11399711399712,,
638,0.07586180625152794,97.69119769119769,,
639,0.0978859388524825,95.67099567099567,,
640,0.08027030985592763,97.11399711399712,,
641,0.0809943520048738,97.40259740259741,,
642,0.08398980992707769,96.96969696969697,,
643,0.09333910370543921,96.53679653679653,,
644,0.08941327231098907,96.3924963924964,,
645,0.08596964474514793,97.54689754689754,,
646,0.08591364466008686,97.40259740259741,,
647,0.08042596433779378,97.40259740259741,,
648,0.07762376285154066,97.83549783549783,,
649,0.08546869930022358,97.25829725829726,,
650,0.08074222562880314,96.24819624819625,0.7527323489065294,81.81818181818181
651,0.08498225669668084,96.82539682539682,,
652,0.07311540109899653,97.97979797979798,,
653,0.08925245918097004,96.96969696969697,,
654,0.10747462292275732,96.24819624819625,,
655,0.07700586495826943,97.97979797979798,,
656,0.0766465680359246,97.40259740259741,,
657,0.09847600891390576,96.53679653679653,,
658,0.09549798001367249,96.53679653679653,,
659,0.09192602379411502,97.25829725829726,,
660,0.08334966833685749,96.53679653679653,,
661,0.08928670223485168,96.68109668109668,,
662,0.09677542182704243,95.67099567099567,,
663,0.09991412929126195,96.1038961038961,,
664,0.08921178587353526,96.3924963924964,,
665,0.08915074251210492,96.68109668109668,,
666,0.09226342750253616,97.25829725829726,,
667,0.08582385414929102,97.40259740259741,,
668,0.10515007557290973,95.67099567099567,,
669,0.08012339014635243,97.25829725829726,,
670,0.07677160741016806,97.54689754689754,,
671,0.08606508812863073,96.82539682539682,,
672,0.09332723419677902,96.53679653679653,,
673,0.09288081557397203,96.96969696969697,,
674,0.0959035942806697,96.96969696969697,,
675,0.07773612501989367,97.25829725829726,0.6978204420634678,83.11688311688312
676,0.12143889169543337,95.23809523809524,,
677,0.09228918909983545,96.3924963924964,,
678,0.08465024272267523,96.82539682539682,,
679,0.08019241227259023,97.25829725829726,,
680,0.08564982372423444,97.25829725829726,,
681,0.09141801490783047,96.53679653679653,,
682,0.09675153035772656,97.11399711399712,,
683,0.08090636899901761,96.96969696969697,,
684,0.0937965020865288,96.3924963924964,,
685,0.07283935214232917,98.41269841269842,,
686,0.0758449098052965,97.11399711399712,,
687,0.0934913619213118,96.3924963924964,,
688,0.08589217184221676,97.69119769119769,,
689,0.08102015273787974,96.82539682539682,,
690,0.09381129166372067,96.3924963924964,,
691,0.07591880530032932,97.40259740259741,,
692,0.08705971029306216,96.82539682539682,,
693,0.08554933522525546,97.54689754689754,,
694,0.0732580443029796,97.54689754689754,,
695,0.09900171861783595,97.25829725829726,,
696,0.08026305601823253,97.54689754689754,,
697,0.1150509152900089,95.95959595959596,,
698,0.07810965482505713,97.11399711399712,,
699,0.08831393428437122,96.3924963924964,,
700,0.07894174031063936,97.25829725829726,0.7352194236470507,81.81818181818181
701,0.07857619804393333,97.69119769119769,,
702,0.08190914161683398,96.96969696969697,,
703,0.08522593222483239,96.68109668109668,,
704,0.0952491190332871,96.96969696969697,,
705,0.07449662971376168,97.11399711399712,,
706,0.0748659327094044,97.54689754689754,,
707,0.07791818993389177,97.25829725829726,,
708,0.09414572405264664,96.3924963924964,,
709,0.08823117094509529,96.1038961038961,,
710,0.1355232840879655,95.81529581529581,,
711,0.08155605499599058,97.83549783549783,,
712,0.06709003861332352,97.83549783549783,,
713,0.08091474868475444,96.68109668109668,,
714,0.08863759790997398,96.3924963924964,,
715,0.09331491377814786,96.3924963924964,,
716,0.09593530811509185,97.25829725829726,,
717,0.08535261537938837,96.24819624819625,,
718,0.08882649377536722,97.40259740259741,,
719,0.08105977435433676,96.82539682539682,,
720,0.07705620785134953,97.40259740259741,,
721,0.07716542185105459,97.11399711399712,,
722,0.07469256937068391,97.11399711399712,,
723,0.10267834333114294,97.11399711399712,,
724,0.06673355712615825,97.54689754689754,,
725,0.09126742352955958,96.53679653679653,0.6728447062241567,84.41558441558442
726,0.08312210322910057,97.54689754689754,,
727,0.06711884313847595,97.54689754689754,,
728,0.08679920687604949,97.25829725829726,,
729,0.08144066251631595,96.96969696969697,,
730,0.07335874091022114,96.96969696969697,,
731,0.07322315433066645,97.69119769119769,,
732,0.06281545974346467,98.55699855699855,,
733,0.07964053146358348,96.96969696969697,,
734,0.05413376883446396,98.55699855699855,,
735,0.0780943049088357,96.96969696969697,,
736,0.06893848966468465,97.54689754689754,,
737,0.06082048898939585,97.40259740259741,,
738,0.05800152701039464,97.97979797979798,,
739,0.07306070047367531,97.25829725829726,,
740,0.0706644582770117,98.26839826839827,,
741,0.08398146991863911,96.96969696969697,,
742,0.09728306763056897,96.3924963924964,,
743,0.07301974271304508,97.54689754689754,,
744,0.05922580582410914,98.41269841269842,,
745,0.07467643217510217,97.54689754689754,,
746,0.05730074971126766,98.7012987012987,,
747,0.07937045544815959,97.25829725829726,,
748,0.08515541767231141,97.25829725829726,,
749,0.08644762661033895,96.53679653679653,,
750,0.06877294381271408,97.40259740259741,0.6929337897083976,84.41558441558442
751,0.08960434876403853,96.68109668109668,,
752,0.056460440376555766,98.12409812409813,,
753,0.07746439791603006,97.54689754689754,,
754,0.06716525979866886,97.83549783549783,,
755,0.06134841553490571,98.41269841269842,,
756,0.06543824580883739,97.97979797979798,,
757,0.0721027177125538,97.54689754689754,,
758,0.0662479628345151,97.83549783549783,,
759,0.08175623117882926,97.11399711399712,,
760,0.09451155750481426,96.68109668109668,,
761,0.06586637776371893,97.69119769119769,,
762,0.07311359801011168,97.11399711399712,,
763,0.1178038397811966,96.82539682539682,,
764,0.07384011088930942,97.11399711399712,,
765,0.0735117962737104,97.83549783549783,,
766,0.07165448002592482,96.96969696969697,,
767,0.06244516610282152,98.12409812409813,,
768,0.06780597977178954,98.41269841269842,,
769,0.055968971904179064,98.55699855699855,,
770,0.07107977917442074,97.54689754689754,,
771,0.06347738205580226,97.69119769119769,,
772,0.07141460741844571,97.97979797979798,,
773,0.07291631293207579,97.54689754689754,,
774,0.06863081293962735,97.83549783549783,,
775,0.07359269507562616,96.82539682539682,0.67828630046411,85.71428571428571
776,0.0584444228565108,97.97979797979798,,
777,0.08192861443022628,97.54689754689754,,
778,0.09035979196547515,97.54689754689754,,
779,0.06674756301623402,97.83549783549783,,
780,0.06249196935998757,97.97979797979798,,
781,0.068398397259984,96.68109668109668,,
782,0.06564725570993506,97.69119769119769,,
783,0.08076137429557494,97.54689754689754,,
784,0.06607459308404857,97.97979797979798,,
785,0.07602572456152752,97.54689754689754,,
786,0.058706837385075775,97.69119769119769,,
787,0.06546653151340127,97.54689754689754,,
788,0.0970780374845127,96.53679653679653,,
789,0.0912228717346384,97.25829725829726,,
790,0.056576948884396155,97.83549783549783,,
791,0.06364260633942412,98.12409812409813,,
792,0.05885587438059404,97.97979797979798,,
793,0.07707901588475807,97.11399711399712,,
794,0.08445009480070587,96.24819624819625,,
795,0.07686360988868092,97.40259740259741,,
796,0.06390803743524727,97.97979797979798,,
797,0.061962159894877834,97.83549783549783,,
798,0.06637196346558362,96.96969696969697,,
799,0.06062204539130776,97.97979797979798,,
800,0.06450882272507248,97.83549783549783,0.7038491840486403,83.11688311688312
801,0.06504958680418318,97.83549783549783,,
802,0.05011015482150115,98.12409812409813,,
803,0.07536209719242128,97.54689754689754,,
804,0.06704145220537035,97.69119769119769,,
805,0.07951625445682937,96.96969696969697,,
806,0.09095049739249512,95.95959595959596,,
807,0.05951633722579153,97.97979797979798,,
808,0.0774432398568003,97.25829725829726,,
809,0.06644809247944693,98.12409812409813,,
810,0.06378163940247691,97.69119769119769,,
811,0.05639771322086776,98.55699855699855,,
812,0.07191666090272335,97.54689754689754,,
813,0.07456708897555632,97.25829725829726,,
814,0.063975654785692,97.54689754689754,,
815,0.06395488600602742,97.83549783549783,,
816,0.0714733853914693,97.83549783549783,,
817,0.08001388487383229,97.25829725829726,,
818,0.06233147788701463,98.7012987012987,,
819,0.08264418621245143,97.11399711399712,,
820,0.08274097995453583,97.69119769119769,,
821,0.06685943903689089,97.83549783549783,,
822,0.0747972782109938,97.25829725829726,,
823,0.06395148439131258,97.69119769119769,,
824,0.07417112446966626,97.54689754689754,,
825,0.06789519415273294,97.25829725829726,0.7595627718157583,81.81818181818181
826,0.06802732614507363,98.26839826839827,,
827,0.06085656025590749,98.41269841269842,,
828,0.07746871630694788,97.69119769119769,,
829,0.08657220653211227,96.96969696969697,,
830,0.06584408350321122,97.69119769119769,,
831,0.07877687731432537,97.54689754689754,,
832,0.06616935103696275,97.97979797979798,,
833,0.07673384822786801,97.11399711399712,,
834,0.07192547680355856,98.84559884559884,,
835,0.07975185091350588,96.68109668109668,,
836,0.0820370963405049,97.40259740259741,,
837,0.04609483839812303,98.7012987012987,,
838,0.05584265891607706,98.55699855699855,,
839,0.04961083165247633,98.41269841269842,,
840,0.08181771844313689,97.69119769119769,,
841,0.06900162737907957,97.83549783549783,,
842,0.06852212984217022,97.40259740259741,,
843,0.06343396755155783,97.54689754689754,,
844,0.0731493749401786,97.40259740259741,,
845,0.06232417166276068,98.26839826839827,,
846,0.07209822096328371,96.68109668109668,,
847,0.06261611902417043,98.12409812409813,,
848,0.061252022213148,98.26839826839827,,
849,0.06609654689979072,97.54689754689754,,
850,0.058831500789905865,98.12409812409813,0.7492300717087536,84.41558441558442
851,0.05363348496252668,97.83549783549783,,
852,0.050563611416078964,98.12409812409813,,
853,0.06131183977398758,97.54689754689754,,
854,0.06664643638087289,97.69119769119769,,
855,0.0703365858509857,97.97979797979798,,
856,0.057801942347749144,98.12409812409813,,
857,0.0616688554378127,98.41269841269842,,
858,0.06171611414216021,97.83549783549783,,
859,0.05495582805939918,98.41269841269842,,
860,0.07452705535973177,98.26839826839827,,
861,0.06635235874372042,97.97979797979798,,
862,0.053877184197070105,97.97979797979798,,
863,0.0651265445983771,97.97979797979798,,
864,0.08061358236141965,97.69119769119769,,
865,0.07755531736180551,97.11399711399712,,
866,0.06838690237414957,97.54689754689754,,
867,0.05624847233155675,98.26839826839827,,
868,0.061103496397811846,97.69119769119769,,
869,0.06509306346161041,97.25829725829726,,
870,0.05180875094766053,98.55699855699855,,
871,0.06892903177618637,97.54689754689754,,
872,0.061988567811817274,97.83549783549783,,
873,0.06609551878417554,97.83549783549783,,
874,0.06334847122065261,96.82539682539682,,
875,0.07521011870660824,97.40259740259741,0.8864590924281579,81.81818181818181
876,0.05790452714498769,97.97979797979798,,
877,0.06764885720603361,97.97979797979798,,
878,0.07340849946759652,98.12409812409813,,
879,0.05037948840887731,98.41269841269842,,
880,0.060601436319521765,97.54689754689754,,
881,0.07581966696643037,96.96969696969697,,
882,0.0638752934827992,97.97979797979798,,
883,0.05125960905486543,98.41269841269842,,
884,0.05592882197785687,98.12409812409813,,
885,0.06563895508044898,97.83549783549783,,
886,0.06143700242483341,97.97979797979798,,
887,0.058878297762996364,97.97979797979798,,
888,0.07217982302663087,96.82539682539682,,
889,0.053854007333044025,98.12409812409813,,
890,0.06230809089081284,98.55699855699855,,
891,0.06110502978380968,97.83549783549783,,
892,0.05642123829605646,97.54689754689754,,
893,0.05525653624388391,97.97979797979798,,
894,0.054369861476424364,97.69119769119769,,
895,0.050722051755905495,98.55699855699855,,
896,0.06348967359469825,97.83549783549783,,
897,0.05157570836562959,97.97979797979798,,
898,0.05235984450015327,98.26839826839827,,
899,0.057884245326078644,97.69119769119769,,
900,0.045047406843644375,98.55699855699855,0.8087902514191417,83.11688311688312
901,0.05743932470169945,97.83549783549783,,
902,0.04821723860199328,98.7012987012987,,
903,0.06957554984918404,97.69119769119769,,
904,0.10987268905471177,97.25829725829726,,
905,0.07548937881513247,97.54689754689754,,
906,0.04645636083200724,98.7012987012987,,
907,0.049217399191259156,98.12409812409813,,
908,0.053411673468203,98.41269841269842,,
909,0.054560082306424194,98.26839826839827,,
910,0.05356534461465276,98.26839826839827,,
911,0.05718848445304249,98.12409812409813,,
912,0.0633497688231229,98.12409812409813,,
913,0.06363423827774876,97.97979797979798,,
914,0.0461305511354712,99.27849927849928,,
915,0.05387077031692041,97.97979797979798,,
916,0.06506057571173575,97.97979797979798,,
917,0.07195656947673314,97.69119769119769,,
918,0.04409977853312298,98.41269841269842,,
919,0.0722622885267972,97.97979797979798,,
920,0.05291079748475663,97.97979797979798,,
921,0.045736691969598696,98.55699855699855,,
922,0.05959353823359911,98.55699855699855,,
923,0.046559856750318325,98.84559884559884,,
924,0.04594548905340882,99.13419913419914,,
925,0.05159748069038897,98.12409812409813,0.8801624918138826,83.11688311688312
926,0.053620429126301196,98.26839826839827,,
927,0.06745131883345555,97.54689754689754,,
928,0.054266758081684636,98.26839826839827,,
929,0.051331617745126006,97.83549783549783,,
930,0.0512392231267252,97.54689754689754,,
931,0.05111090638399296,98.12409812409813,,
932,0.05592714064092003,98.41269841269842,,
933,0.07159821020404326,96.96969696969697,,
934,0.05874570276088271,97.83549783549783,,
935,0.049392328386612956,98.55699855699855,,
936,0.06810347491829598,97.40259740259741,,
937,0.051869035568115174,99.13419913419914,,
938,0.05909226482134705,97.83549783549783,,
939,0.054404576931250906,98.26839826839827,,
940,0.06456388119807396,97.69119769119769,,
941,0.06367304633286866,97.83549783549783,,
942,0.0586322903052553,98.12409812409813,,
943,0.07291672799015932,97.11399711399712,,
944,0.05298516361249818,98.55699855699855,,
945,0.05240755024685929,97.83549783549783,,
946,0.07785687900402329,97.11399711399712,,
947,0.048998628042821075,99.27849927849928,,
948,0.043101617149890414,98.84559884559884,,
949,0.048097191389225434,98.7012987012987,,
950,0.045898979188387874,98.7012987012987,0.9142017232907282,83.11688311688312
951,0.061511798144935015,97.83549783549783,,
952,0.06627852053611309,97.97979797979798,,
953,0.041387337543511114,98.41269841269842,,
954,0.038948901812713946,98.98989898989899,,
955,0.05084766316648256,98.55699855699855,,
956,0.06393901264217036,98.41269841269842,,
957,0.05916015268404246,97.83549783549783,,
958,0.05283803863230485,98.12409812409813,,
959,0.05987409580751587,98.55699855699855,,
960,0.06201404614796026,98.26839826839827,,
961,0.047499322712765454,98.12409812409813,,
962,0.08216908500538918,98.7012987012987,,
963,0.047896429595321116,98.41269841269842,,
964,0.05387685094888807,97.97979797979798,,
965,0.05697400913094029,97.97979797979798,,
966,0.05554307008654008,98.55699855699855,,
967,0.05286155219531173,97.97979797979798,,
968,0.06666913769553277,97.69119769119769,,
969,0.04435664378805422,98.41269841269842,,
970,0.06891034406134093,96.96969696969697,,
971,0.04491899084584709,98.98989898989899,,
972,0.05146972193066192,97.97979797979798,,
973,0.06930369502914502,97.40259740259741,,
974,0.07711996036497029,97.69119769119769,,
975,0.054469180897464185,98.7012987012987,0.8529866473241285,84.41558441558442
976,0.04991449300444337,98.41269841269842,,
977,0.045322136695444326,98.84559884559884,,
978,0.06442821483311888,98.26839826839827,,
979,0.05726513558996016,97.69119769119769,,
980,0.04909293607420263,98.55699855699855,,
981,0.05551224465859573,98.12409812409813,,
982,0.048022678732222907,98.7012987012987,,
983,0.0424858375168896,98.7012987012987,,
984,0.03994877290781614,98.84559884559884,,
985,0.05679721087432355,98.12409812409813,,
986,0.06656098852006646,97.69119769119769,,
987,0.064413030514249,97.54689754689754,,
988,0.058115448926348366,97.97979797979798,,
989,0.052390887250137366,98.98989898989899,,
990,0.048603113582102425,98.26839826839827,,
991,0.05346417488580003,98.55699855699855,,
992,0.06587130566696067,97.83549783549783,,
993,0.07887964358373208,97.25829725829726,,
994,0.06410246235446153,97.40259740259741,,
995,0.04296580609068554,98.84559884559884,,
996,0.043165922454527404,98.98989898989899,,
997,0.04250178018969203,98.98989898989899,,
998,0.03828610122753314,99.13419913419914,,
999,0.05437126383185387,97.97979797979798,,
1000,0.05424070090722712,98.26839826839827,0.8440377967698234,81.81818181818181
