epoch,train_loss,train_acc,test_loss,test_acc
1,2.263035225837776,14.814814814814815,2.251730442047119,30.15267175572519
2,2.0925329334434424,33.84418901660281,,
3,1.912560439810138,40.485312899106006,,
4,1.758393657161815,46.48786717752235,,
5,1.579568513204007,55.300127713920816,,
6,1.465198293347316,57.088122605363985,,
7,1.379776535363033,58.10983397190294,,
8,1.270421606675266,66.28352490421456,,
9,1.1716270061592793,71.00893997445722,,
10,1.102579386450474,70.37037037037037,,
11,1.0378973979602828,72.2860791826309,,
12,0.9855865135807949,73.1800766283525,,
13,0.9276245634522322,74.45721583652617,,
14,0.8915201121058652,74.58492975734355,,
15,0.8827676427470922,75.35121328224777,,
16,0.840986337622159,75.86206896551724,,
17,0.8087581550633466,77.2669220945083,,
18,0.7601408013743307,80.71519795657727,,
19,0.7332210555234936,80.07662835249042,,
20,0.7279007890063075,80.71519795657727,,
21,0.7006745729333749,80.20434227330779,,
22,0.6555316831873751,82.6309067688378,,
23,0.6530161292160152,81.8646232439336,,
24,0.6194292646410517,83.78033205619413,,
25,0.5909252669162677,83.78033205619413,0.5928445799660137,84.73282442748092
26,0.603207380112408,82.12005108556832,,
27,0.5528035980683786,85.56832694763729,,
28,0.5570606295480887,84.67432950191571,,
29,0.5410168951194101,86.07918263090677,,
30,0.548856262122382,86.07918263090677,,
31,0.5364000412087179,87.10089399744572,,
32,0.47735658756161103,87.48403575989784,,
33,0.505730152510744,85.69604086845466,,
34,0.48974121313442215,85.9514687100894,,
35,0.46752997848418176,87.48403575989784,,
36,0.4512521367648552,88.25031928480205,,
37,0.44307362603197303,88.76117496807151,,
38,0.4105435227677892,89.52745849297574,,
39,0.4167644055714857,89.91060025542784,,
40,0.4371647088006995,87.86717752234993,,
41,0.3894226919493304,89.78288633461047,,
42,0.41506557256021415,89.01660280970626,,
43,0.4100676632627826,88.12260536398468,,
44,0.38519390895106326,89.52745849297574,,
45,0.40043758478201213,89.14431673052363,,
46,0.3880879752632911,88.37803320561942,,
47,0.39027477795136845,89.272030651341,,
48,0.3403333459206468,91.82630906768838,,
49,0.34099178018088844,91.18773946360153,,
50,0.356274273508201,91.18773946360153,0.46098857964495665,88.16793893129771
