epoch,train_loss,train_acc,test_loss,test_acc
1,0.6924432677796049,52.23665223665223,0.6849518395089483,55.84415584415584
2,0.6872732188622501,55.699855699855696,,
3,0.6851987511048585,55.84415584415584,,
4,0.6823432539276575,55.98845598845599,,
5,0.6802991322452716,56.132756132756136,,
6,0.6820037675454331,56.42135642135642,,
7,0.675902608755175,56.132756132756136,,
8,0.6712111560641257,56.277056277056275,,
9,0.6690650264938156,56.70995670995671,,
10,0.6654691609297307,58.58585858585859,,
11,0.6576302159056175,59.16305916305916,,
12,0.6530034358023221,57.43145743145743,,
13,0.6486043667724466,62.04906204906205,,
14,0.636898176064567,61.47186147186147,,
15,0.6282806422287252,63.63636363636363,,
16,0.6243540455854645,65.22366522366522,,
17,0.6127120059031945,68.3982683982684,,
18,0.6065697804587916,68.68686868686869,,
19,0.586472080555485,70.27417027417027,,
20,0.5913383432625005,69.98556998556998,,
21,0.5697039192029064,70.56277056277057,,
22,0.5699156795831297,70.85137085137085,,
23,0.5622725651033685,71.57287157287158,,
24,0.5544336814040918,71.71717171717172,,
25,0.5466431545316743,73.73737373737374,0.5743195360357111,68.83116883116882
26,0.5560743868092954,72.43867243867244,,
27,0.5445663674397214,74.17027417027417,,
28,0.5538949952239082,72.87157287157287,,
29,0.5326519688056489,75.61327561327562,,
30,0.5282171430525842,74.02597402597402,,
31,0.5234699767797885,74.89177489177489,,
32,0.5183290094352215,74.17027417027417,,
33,0.5094053917719,76.33477633477634,,
34,0.5098873158812007,75.46897546897547,,
35,0.501748451895872,76.91197691197691,,
36,0.5055414835827003,76.62337662337663,,
37,0.506837072439524,77.05627705627705,,
38,0.489353226247804,77.77777777777777,,
39,0.48587809496627743,77.34487734487735,,
40,0.4970891424071737,76.19047619047619,,
41,0.4881062446562587,76.04617604617604,,
42,0.4916284887649624,76.47907647907648,,
43,0.4838798071914937,76.91197691197691,,
44,0.47991708759621626,77.34487734487735,,
45,0.49511519212055344,76.33477633477634,,
46,0.46683620995859393,79.36507936507937,,
47,0.49038638963671816,76.19047619047619,,
48,0.463786399037635,79.36507936507937,,
49,0.4705044473232473,77.77777777777777,,
50,0.46914926493838754,79.65367965367966,0.4943361971285436,81.81818181818181
51,0.45310772959718115,80.08658008658008,,
52,0.4778490135335991,76.76767676767676,,
53,0.4749385273301756,78.64357864357865,,
54,0.4630907823427071,80.95238095238095,,
55,0.444616115970529,81.0966810966811,,
56,0.45162797546145894,79.94227994227994,,
57,0.4668376382983264,79.22077922077922,,
58,0.46869283200686457,76.91197691197691,,
59,0.4470341883782529,80.23088023088023,,
60,0.44267530801664356,81.52958152958153,,
61,0.43704950921291225,80.66378066378067,,
62,0.43944374580489953,81.24098124098124,,
63,0.4404644626817662,78.93217893217893,,
64,0.4467169494941981,80.66378066378067,,
65,0.4274271951953398,81.0966810966811,,
66,0.45089000867730783,78.64357864357865,,
67,0.44652189621849664,80.23088023088023,,
68,0.4227646734635379,81.24098124098124,,
69,0.4388789249231977,80.66378066378067,,
70,0.44696527147533915,79.07647907647907,,
71,0.4489093085302075,79.36507936507937,,
72,0.4476437834004131,79.50937950937951,,
73,0.41994001235796774,81.0966810966811,,
74,0.4304786745087925,79.22077922077922,,
75,0.4234042341832991,80.37518037518038,0.468623493785982,83.11688311688312
76,0.43386251474011683,78.78787878787878,,
77,0.4128802723612792,81.96248196248196,,
78,0.4188437620970766,81.96248196248196,,
79,0.4259329992971379,81.96248196248196,,
80,0.4352843809609461,79.94227994227994,,
81,0.4194257903150666,81.81818181818181,,
82,0.40936338746702516,82.68398268398268,,
83,0.4328014522919923,78.64357864357865,,
84,0.41497926973075233,81.24098124098124,,
85,0.4258481291637448,79.79797979797979,,
86,0.4147551002956572,83.11688311688312,,
87,0.4078704814976256,81.96248196248196,,
88,0.41113288648974844,81.67388167388168,,
89,0.42647233644089144,81.52958152958153,,
90,0.3901906745430367,83.98268398268398,,
91,0.4113651305050045,81.81818181818181,,
92,0.41374610856842,81.38528138528139,,
93,0.4034805663822361,81.24098124098124,,
94,0.4201777295288758,81.38528138528139,,
95,0.41925803231126474,81.38528138528139,,
96,0.3942435493028869,82.3953823953824,,
97,0.4051867849038965,83.11688311688312,,
98,0.4044718961695056,81.81818181818181,,
99,0.4068676271135845,80.95238095238095,,
100,0.42305228346354,81.24098124098124,0.4645830992754404,81.81818181818181
101,0.3966979929723093,82.1067821067821,,
102,0.3918465365579118,83.69408369408369,,
103,0.3973337264804097,82.68398268398268,,
104,0.3964855136809411,81.67388167388168,,
105,0.40691877935957943,81.52958152958153,,
106,0.3818262755268752,84.41558441558442,,
107,0.386631441322756,83.83838383838383,,
108,0.39756732516818577,81.67388167388168,,
109,0.3864287861755916,82.68398268398268,,
110,0.40307723080355023,83.98268398268398,,
111,0.38443715902633996,80.37518037518038,,
112,0.41565723577447095,81.52958152958153,,
113,0.3935306961144204,81.96248196248196,,
114,0.4054058099979962,81.67388167388168,,
115,0.3970916511176468,82.53968253968254,,
116,0.3802048017581304,82.68398268398268,,
117,0.40873606191225037,79.94227994227994,,
118,0.3687316274746156,81.96248196248196,,
119,0.39005664455426203,81.52958152958153,,
120,0.38723953315533943,83.40548340548341,,
121,0.36877726373218356,83.54978354978356,,
122,0.398037140761619,80.95238095238095,,
123,0.39702948635446733,81.67388167388168,,
124,0.39230458646969707,81.96248196248196,,
125,0.40438908175128535,81.81818181818181,0.46949920406589263,76.62337662337663
126,0.38611605776336805,82.68398268398268,,
127,0.3981191668159518,81.24098124098124,,
128,0.38932938359323,80.8080808080808,,
129,0.3721650109490619,83.11688311688312,,
130,0.3945424429007939,82.1067821067821,,
131,0.36268502937207836,84.55988455988457,,
132,0.38458307618530624,83.40548340548341,,
133,0.4063186381028328,81.52958152958153,,
134,0.38700951784204096,83.26118326118326,,
135,0.3974871052292002,81.96248196248196,,
136,0.3727810440469442,84.12698412698413,,
137,0.39504282058231416,81.96248196248196,,
138,0.3758916254081423,83.69408369408369,,
139,0.36943242534414517,82.82828282828282,,
140,0.3591500384811027,84.99278499278499,,
141,0.39643564893397765,82.97258297258297,,
142,0.36621857807577773,83.98268398268398,,
143,0.3795602817900081,83.83838383838383,,
144,0.3683408047643747,82.53968253968254,,
145,0.39601858464455364,82.25108225108225,,
146,0.3909518780646386,82.1067821067821,,
147,0.3664169766944208,82.68398268398268,,
148,0.36898291521688215,84.84848484848484,,
149,0.369662389180705,82.53968253968254,,
150,0.3763510663960059,83.54978354978356,0.4738327229951883,83.11688311688312
151,0.38982211027568553,82.25108225108225,,
152,0.3732185026181897,84.12698412698413,,
153,0.3573834737830004,84.12698412698413,,
154,0.3571629651955196,84.12698412698413,,
155,0.3622471141221719,83.98268398268398,,
156,0.3855191733241941,82.25108225108225,,
157,0.3552265697055393,84.99278499278499,,
158,0.3689368614472696,85.42568542568543,,
159,0.39052765348772983,84.12698412698413,,
160,0.3606544966778542,84.55988455988457,,
161,0.3656851170210955,84.41558441558442,,
162,0.35130117715351167,85.13708513708514,,
163,0.35421505308082435,84.55988455988457,,
164,0.34391925469965473,84.99278499278499,,
165,0.34247096938660304,84.7041847041847,,
166,0.3593029589708061,84.7041847041847,,
167,0.3520565757589767,85.13708513708514,,
168,0.3685711176923515,82.97258297258297,,
169,0.356747065701698,85.28138528138528,,
170,0.3372223916400391,86.14718614718615,,
171,0.38274521186066224,82.82828282828282,,
172,0.3746131332362713,84.41558441558442,,
173,0.3705443541208903,84.12698412698413,,
174,0.35920964654475923,84.27128427128427,,
175,0.3580495596878112,85.56998556998558,0.47424274760407287,84.41558441558442
176,0.360946014243975,84.27128427128427,,
177,0.35843433699910604,84.99278499278499,,
178,0.33435292903221014,85.71428571428571,,
179,0.34325239208525565,85.85858585858585,,
180,0.3653551909486625,83.69408369408369,,
181,0.35747942476819605,83.98268398268398,,
182,0.3753049973973636,83.40548340548341,,
183,0.34470999892397874,85.13708513708514,,
184,0.34164199615797786,85.28138528138528,,
185,0.36195445619792305,85.13708513708514,,
186,0.35589390464159315,85.85858585858585,,
187,0.35126626917294096,85.42568542568543,,
188,0.34519709992890407,85.13708513708514,,
189,0.3581648457682494,84.99278499278499,,
190,0.3435660216091859,85.56998556998558,,
191,0.32150024872321586,87.5901875901876,,
192,0.35960500374500887,84.55988455988457,,
193,0.34876234070391193,85.13708513708514,,
194,0.33705741657323135,85.85858585858585,,
195,0.33833785288433665,84.7041847041847,,
196,0.341207908001469,85.56998556998558,,
197,0.34800037958835284,84.7041847041847,,
198,0.3492176974834646,84.55988455988457,,
199,0.35042922592266296,85.28138528138528,,
200,0.35065401081011927,85.71428571428571,0.5121704494798338,79.22077922077922
201,0.3160926362050732,86.86868686868686,,
202,0.33677053215011715,86.2914862914863,,
203,0.3312562181148006,85.28138528138528,,
204,0.34955495604532966,85.42568542568543,,
205,0.3254797806127419,85.42568542568543,,
206,0.3244820699568779,87.44588744588745,,
207,0.33265118057937676,86.2914862914863,,
208,0.32314155451835147,87.44588744588745,,
209,0.3480348114843492,85.42568542568543,,
210,0.3423609042924548,84.55988455988457,,
211,0.3369348112810914,86.14718614718615,,
212,0.3421303770930908,85.28138528138528,,
213,0.3321788503773629,86.86868686868686,,
214,0.3072181183409381,88.02308802308802,,
215,0.33162072249305197,85.28138528138528,,
216,0.32130382626087634,84.84848484848484,,
217,0.35539658606310426,83.98268398268398,,
218,0.3305099318811904,87.44588744588745,,
219,0.3164594423289251,85.28138528138528,,
220,0.3349389085091898,86.14718614718615,,
221,0.3295992574564478,86.14718614718615,,
222,0.32989826114662796,85.13708513708514,,
223,0.32953415536906294,86.2914862914863,,
224,0.33914767816383257,85.85858585858585,,
225,0.3192138270210222,86.58008658008659,0.5621581185947765,77.92207792207792
226,0.3487324042065663,86.14718614718615,,
227,0.3242776700084516,85.13708513708514,,
228,0.3000368581920819,87.73448773448773,,
229,0.3039416190435704,87.5901875901876,,
230,0.3325285478071733,85.42568542568543,,
231,0.34507992059465437,84.99278499278499,,
232,0.341345159156842,84.84848484848484,,
233,0.32267438733216486,87.15728715728716,,
234,0.307517041117598,88.02308802308802,,
235,0.30920551313036276,86.2914862914863,,
236,0.30248108239572974,87.73448773448773,,
237,0.30222970997702336,88.45598845598846,,
238,0.33117435446807314,85.42568542568543,,
239,0.33003955584927896,86.14718614718615,,
240,0.3192112281552985,86.002886002886,,
241,0.3047322714311564,87.87878787878788,,
242,0.3286330929566255,85.42568542568543,,
243,0.33272997512445823,85.42568542568543,,
244,0.32638712668143655,85.28138528138528,,
245,0.31534698575434056,86.2914862914863,,
246,0.3166925837010317,87.3015873015873,,
247,0.28757464816904,88.88888888888889,,
248,0.32769571384482227,86.43578643578644,,
249,0.32524308276296865,86.43578643578644,,
250,0.3103064948002153,87.3015873015873,0.560739017152167,80.51948051948052
251,0.3127755635185503,87.15728715728716,,
252,0.3288383477220976,85.42568542568543,,
253,0.292051509689287,88.02308802308802,,
254,0.29202248850598134,87.5901875901876,,
255,0.3087596084820416,86.58008658008659,,
256,0.3096711105125463,87.3015873015873,,
257,0.30818672914697665,86.58008658008659,,
258,0.34002785361002363,84.7041847041847,,
259,0.31764605237119986,86.14718614718615,,
260,0.31993412863984594,85.28138528138528,,
261,0.3061813004691191,87.15728715728716,,
262,0.31476582176069506,86.2914862914863,,
263,0.31407645181315974,87.15728715728716,,
264,0.31183947422803737,86.72438672438672,,
265,0.314556116687099,86.002886002886,,
266,0.3024830049035525,88.02308802308802,,
267,0.32390884313232454,85.85858585858585,,
268,0.2999311833498626,88.60028860028861,,
269,0.30625875016827603,86.86868686868686,,
270,0.31368772141517154,87.3015873015873,,
271,0.297301712683785,87.01298701298701,,
272,0.32216593954298234,86.14718614718615,,
273,0.33534112865102583,85.56998556998558,,
274,0.3225915008809143,86.72438672438672,,
275,0.3208712089113343,85.13708513708514,0.5970045769369448,77.92207792207792
276,0.30784775370471235,88.02308802308802,,
277,0.2944439506160921,88.16738816738817,,
278,0.3074729744490091,87.15728715728716,,
279,0.30593695251800623,87.87878787878788,,
280,0.30748195539821277,87.87878787878788,,
281,0.2787178686858944,89.32178932178932,,
282,0.2759274457612251,87.87878787878788,,
283,0.3274618710618343,87.44588744588745,,
284,0.3092257665177272,86.43578643578644,,
285,0.27939235869510176,87.87878787878788,,
286,0.3219511517327585,85.85858585858585,,
287,0.30038790428449236,86.43578643578644,,
288,0.2983828577042314,89.6103896103896,,
289,0.29228673081893425,88.74458874458874,,
290,0.3063633613299154,87.01298701298701,,
291,0.30425342371281433,86.72438672438672,,
292,0.3131836296891065,87.01298701298701,,
293,0.30869857521800254,86.58008658008659,,
294,0.2992662325565949,86.2914862914863,,
295,0.29976089752425705,87.87878787878788,,
296,0.30216322075925006,88.74458874458874,,
297,0.3105688815100541,87.87878787878788,,
298,0.3082326976595847,86.72438672438672,,
299,0.29980897826033753,88.02308802308802,,
300,0.28789614353861126,87.73448773448773,0.5757936986235829,79.22077922077922
301,0.2905479385631769,88.31168831168831,,
302,0.27321709569914515,88.16738816738817,,
303,0.2839714932063269,86.86868686868686,,
304,0.29970523198961696,87.44588744588745,,
305,0.27415007895764504,88.31168831168831,,
306,0.29662391590693643,88.02308802308802,,
307,0.29572863188742904,87.87878787878788,,
308,0.2873137183003611,88.31168831168831,,
309,0.30468291142071136,87.44588744588745,,
310,0.27686344132278906,88.45598845598846,,
311,0.2711503306164542,89.6103896103896,,
312,0.3061282318219822,86.002886002886,,
313,0.273079631734548,88.31168831168831,,
314,0.263561798982634,89.03318903318903,,
315,0.30144906069809224,86.72438672438672,,
316,0.28667333044789056,87.44588744588745,,
317,0.2829093909237808,88.45598845598846,,
318,0.2810647041788177,89.17748917748918,,
319,0.2992301043149885,87.15728715728716,,
320,0.2792948798302018,88.31168831168831,,
321,0.28093799774522904,88.31168831168831,,
322,0.2742750145290665,89.8989898989899,,
323,0.2875944899790215,88.60028860028861,,
324,0.2972547372784277,88.45598845598846,,
325,0.27601626852976124,88.45598845598846,0.5988847156623741,79.22077922077922
326,0.2794580516576079,88.60028860028861,,
327,0.2824488248444911,88.31168831168831,,
328,0.2693965030352963,88.74458874458874,,
329,0.28290190418690314,89.17748917748918,,
330,0.27124651644007985,88.31168831168831,,
331,0.2896920896711804,88.16738816738817,,
332,0.28732264123609746,88.45598845598846,,
333,0.2829166294262351,88.60028860028861,,
334,0.2894539943107365,88.16738816738817,,
335,0.28940182001817794,87.5901875901876,,
336,0.28158069764294835,89.03318903318903,,
337,0.28723666362174144,88.16738816738817,,
338,0.29016004930670986,88.16738816738817,,
339,0.2653132402492636,88.60028860028861,,
340,0.2888251269534553,87.5901875901876,,
341,0.29261073805553056,88.02308802308802,,
342,0.26603102187315625,89.75468975468975,,
343,0.27482701146714444,87.5901875901876,,
344,0.26470524930592737,89.6103896103896,,
345,0.30945645392070087,86.14718614718615,,
346,0.28043733969395296,87.87878787878788,,
347,0.29193632247687074,88.60028860028861,,
348,0.2810795232331082,87.87878787878788,,
349,0.2603776814445617,88.88888888888889,,
350,0.30341416373741403,86.72438672438672,0.6234500454617785,81.81818181818181
351,0.2812092154788076,88.16738816738817,,
352,0.27006239637538987,89.17748917748918,,
353,0.2874706464713442,88.45598845598846,,
354,0.2770598932434126,87.87878787878788,,
355,0.2941429798436199,87.87878787878788,,
356,0.2753566469981041,89.75468975468975,,
357,0.2957987603429076,88.74458874458874,,
358,0.2882591753036945,87.15728715728716,,
359,0.2770268134396486,88.88888888888889,,
360,0.2916949908282678,87.3015873015873,,
361,0.2599580536716084,89.46608946608947,,
362,0.29646077204877336,88.16738816738817,,
363,0.3022676053501311,86.72438672438672,,
364,0.2715251993436318,88.45598845598846,,
365,0.28078777716101333,88.16738816738817,,
366,0.2763253828405818,88.45598845598846,,
367,0.299753266947094,88.31168831168831,,
368,0.2754699129820902,89.17748917748918,,
369,0.2636478639612294,88.60028860028861,,
370,0.2740694921985161,88.60028860028861,,
371,0.2865126733957087,88.88888888888889,,
372,0.2585496215249209,88.45598845598846,,
373,0.27640461319624776,87.5901875901876,,
374,0.2779205313320628,89.03318903318903,,
375,0.26589493378244267,88.60028860028861,0.6292881067697104,79.22077922077922
376,0.28160190421007414,87.87878787878788,,
377,0.2681229958501557,88.45598845598846,,
378,0.27606635865409995,89.32178932178932,,
379,0.23365710581105853,91.1976911976912,,
380,0.2597080635990071,88.60028860028861,,
381,0.2631418514905382,89.75468975468975,,
382,0.2521512491835488,90.18759018759019,,
383,0.24998827280764285,89.75468975468975,,
384,0.2578688518481509,89.8989898989899,,
385,0.28102596974992133,88.31168831168831,,
386,0.26232561821717376,90.18759018759019,,
387,0.2647287897862397,88.74458874458874,,
388,0.25625177931905996,90.04329004329004,,
389,0.2680280717119338,89.03318903318903,,
390,0.2711169801512666,88.74458874458874,,
391,0.2620240362068103,89.17748917748918,,
392,0.2557736003682727,90.33189033189034,,
393,0.28340446900087174,86.86868686868686,,
394,0.275904065516776,87.01298701298701,,
395,0.2607153762470592,88.74458874458874,,
396,0.2869286419767322,87.87878787878788,,
397,0.26864301319762224,88.31168831168831,,
398,0.2518305294269435,89.8989898989899,,
399,0.2713062564531962,89.6103896103896,,
400,0.2446649136051299,91.05339105339105,0.6645892672724538,77.92207792207792
401,0.2514534992143017,89.46608946608947,,
402,0.2633762206307049,88.88888888888889,,
403,0.26645779024814975,88.88888888888889,,
404,0.2663733793414516,89.6103896103896,,
405,0.2699739857325478,89.17748917748918,,
406,0.2601923288678022,88.88888888888889,,
407,0.25093003032355427,90.47619047619048,,
408,0.23846631300397766,90.04329004329004,,
409,0.259573468333715,89.17748917748918,,
410,0.276715185584616,88.88888888888889,,
411,0.258266824578482,89.6103896103896,,
412,0.2540552856946232,88.60028860028861,,
413,0.25759536982614756,89.46608946608947,,
414,0.26567699279620016,89.03318903318903,,
415,0.27556824021869236,88.88888888888889,,
416,0.25988541915475205,89.75468975468975,,
417,0.2575542501040867,89.8989898989899,,
418,0.25374912635072483,89.75468975468975,,
419,0.2340943713552852,91.05339105339105,,
420,0.2780004340676862,88.74458874458874,,
421,0.2382759422192842,90.47619047619048,,
422,0.2563586961182337,90.04329004329004,,
423,0.2384295380562759,91.1976911976912,,
424,0.2652111194522522,89.8989898989899,,
425,0.24972317558088344,90.04329004329004,0.6525010915545674,77.92207792207792
426,0.2634691334131992,88.16738816738817,,
427,0.2737722151723259,88.74458874458874,,
428,0.276064567063622,89.17748917748918,,
429,0.25181490244158417,88.16738816738817,,
430,0.25676688487395577,89.17748917748918,,
431,0.24998354769888378,89.17748917748918,,
432,0.26307299137545526,88.16738816738817,,
433,0.25150694449742633,90.33189033189034,,
434,0.2636286642128255,89.8989898989899,,
435,0.2471854802419957,90.62049062049061,,
436,0.22798243767083293,91.91919191919192,,
437,0.24316906868809401,90.62049062049061,,
438,0.256079335405369,89.46608946608947,,
439,0.2370008517481376,90.18759018759019,,
440,0.25795850123333897,88.60028860028861,,
441,0.26221366439546856,89.03318903318903,,
442,0.2432689033717476,91.34199134199135,,
443,0.25164359521986257,89.6103896103896,,
444,0.24905952682226767,89.03318903318903,,
445,0.2562721895879137,88.16738816738817,,
446,0.25977890156908295,89.03318903318903,,
447,0.23085332202790965,90.18759018759019,,
448,0.23710383567287122,90.76479076479076,,
449,0.2656460982165467,88.74458874458874,,
450,0.24085027375090517,89.32178932178932,0.7047739609495386,77.92207792207792
451,0.2269892209622079,90.9090909090909,,
452,0.21907572119266955,90.9090909090909,,
453,0.24437813832818345,88.74458874458874,,
454,0.24953609963000078,90.04329004329004,,
455,0.26313925726933224,88.88888888888889,,
456,0.23249664304920434,90.9090909090909,,
457,0.24510706890197026,89.6103896103896,,
458,0.24326590301326514,88.88888888888889,,
459,0.2487378530258052,89.32178932178932,,
460,0.22274493140640197,91.05339105339105,,
461,0.24049950303969445,90.18759018759019,,
462,0.2337913006587118,89.8989898989899,,
463,0.24836339191956955,90.62049062049061,,
464,0.26111690878524063,88.74458874458874,,
465,0.248198345819593,89.6103896103896,,
466,0.24053470619442144,90.76479076479076,,
467,0.23530715460987145,90.47619047619048,,
468,0.24614262090616928,90.18759018759019,,
469,0.26503657993644175,89.46608946608947,,
470,0.2628863872516723,89.03318903318903,,
471,0.24877672189843947,89.46608946608947,,
472,0.270028648180363,89.03318903318903,,
473,0.24089859522782364,90.47619047619048,,
474,0.2488803742036847,88.88888888888889,,
475,0.240271052982642,90.33189033189034,0.6709663558315921,77.92207792207792
476,0.2294716037068016,90.47619047619048,,
477,0.23757604963292636,89.46608946608947,,
478,0.24065769658374236,90.18759018759019,,
479,0.2194597976978379,90.76479076479076,,
480,0.23082999169589982,91.63059163059162,,
481,0.2554256253234752,89.6103896103896,,
482,0.23888326153524683,90.04329004329004,,
483,0.2157683541076352,91.1976911976912,,
484,0.22424763595903074,90.33189033189034,,
485,0.2384608295056727,90.04329004329004,,
486,0.2447895332848355,89.75468975468975,,
487,0.25723027107863544,89.6103896103896,,
488,0.2326984658385768,89.8989898989899,,
489,0.24358790399020197,90.18759018759019,,
490,0.2548594876672282,88.16738816738817,,
491,0.21522744739640498,90.76479076479076,,
492,0.22772392712286196,91.77489177489177,,
493,0.23214455566020928,90.18759018759019,,
494,0.24450579487744176,90.04329004329004,,
495,0.2412849973677557,90.47619047619048,,
496,0.21778816505083962,90.76479076479076,,
497,0.23423711568504185,91.05339105339105,,
498,0.23445636220007576,89.6103896103896,,
499,0.24997042087786986,90.04329004329004,,
500,0.2317557664961698,91.63059163059162,0.7047380100597035,77.92207792207792
501,0.2209787161491306,90.33189033189034,,
502,0.2631051010555691,87.87878787878788,,
503,0.26228096053369804,89.6103896103896,,
504,0.2357166176836556,90.47619047619048,,
505,0.24812828058116193,90.33189033189034,,
506,0.2337335975999268,90.47619047619048,,
507,0.23891355904708866,90.18759018759019,,
508,0.24891679414681026,88.16738816738817,,
509,0.24482019054253207,89.32178932178932,,
510,0.2470457675567093,90.04329004329004,,
511,0.24065703013844647,91.05339105339105,,
512,0.23525901033420754,91.63059163059162,,
513,0.24111801056422477,88.74458874458874,,
514,0.2371400883273473,90.33189033189034,,
515,0.25799595918318236,89.32178932178932,,
516,0.23209534350562233,91.05339105339105,,
517,0.23479846494022386,89.32178932178932,,
518,0.2134008916769537,90.04329004329004,,
519,0.2292360942085068,90.18759018759019,,
520,0.23289413107249987,89.46608946608947,,
521,0.22373134736374858,90.9090909090909,,
522,0.23190132951065576,90.18759018759019,,
523,0.23014933834172258,90.18759018759019,,
524,0.23756504334068573,91.05339105339105,,
525,0.25051215131905513,90.47619047619048,0.7407818483067797,80.51948051948052
526,0.1939073193705443,92.4963924963925,,
527,0.2112122658871297,91.48629148629149,,
528,0.21637696593268782,91.77489177489177,,
529,0.21001198681402,92.20779220779221,,
530,0.22263417599392143,90.04329004329004,,
531,0.20086010746539584,92.06349206349206,,
532,0.21629591378642712,90.62049062049061,,
533,0.2118246483510363,91.48629148629149,,
534,0.2079442081083295,91.1976911976912,,
535,0.22381545097968966,91.34199134199135,,
536,0.21875362115418928,91.05339105339105,,
537,0.2257292964327731,90.33189033189034,,
538,0.19268501144638997,91.63059163059162,,
539,0.23887909222044815,88.60028860028861,,
540,0.23560886207597082,90.33189033189034,,
541,0.22490601679431155,90.47619047619048,,
542,0.2172185619930168,91.1976911976912,,
543,0.22246789622616459,91.34199134199135,,
544,0.2333176327818228,89.03318903318903,,
545,0.22697809954613318,90.9090909090909,,
546,0.22974224635876964,90.47619047619048,,
547,0.22242581678761375,91.34199134199135,,
548,0.24408724353598998,89.75468975468975,,
549,0.21430089732183177,91.48629148629149,,
550,0.22284722160467338,90.47619047619048,0.7381585728038441,77.92207792207792
551,0.2336206336386104,90.18759018759019,,
552,0.22298207316241223,90.9090909090909,,
553,0.2081518103550007,91.34199134199135,,
554,0.2062069292450364,91.91919191919192,,
555,0.2121984904892689,90.47619047619048,,
556,0.21484401712696705,91.1976911976912,,
557,0.2156812555840693,92.20779220779221,,
558,0.2193520123630891,92.35209235209236,,
559,0.2418639754062091,90.04329004329004,,
560,0.2362656296159626,90.04329004329004,,
561,0.21943881772297286,91.1976911976912,,
562,0.2147935860256784,92.4963924963925,,
563,0.21929483279091283,91.91919191919192,,
564,0.21462603273813602,91.77489177489177,,
565,0.21613048518030847,90.18759018759019,,
566,0.22614008962333976,91.05339105339105,,
567,0.22812576285021818,91.77489177489177,,
568,0.2206062399506741,91.1976911976912,,
569,0.20449909685021012,91.77489177489177,,
570,0.1964291963957433,91.1976911976912,,
571,0.20886908824223632,92.06349206349206,,
572,0.21958068395530722,90.33189033189034,,
573,0.18815088432556365,92.78499278499278,,
574,0.2263460878664453,91.1976911976912,,
575,0.2131365178123353,91.77489177489177,0.7357087429467734,80.51948051948052
576,0.2079630113202772,92.4963924963925,,
577,0.22068001899712358,91.63059163059162,,
578,0.22877540590959194,89.46608946608947,,
579,0.19771527796768695,91.91919191919192,,
580,0.20327882578362635,90.18759018759019,,
581,0.21319018977373022,91.77489177489177,,
582,0.21071352999963802,91.1976911976912,,
583,0.21190872474494263,91.77489177489177,,
584,0.20883463286562226,92.4963924963925,,
585,0.20867434749312558,90.9090909090909,,
586,0.21292674287745103,90.76479076479076,,
587,0.2322766909437606,90.33189033189034,,
588,0.207276653407026,90.62049062049061,,
589,0.20447479306705416,93.07359307359307,,
590,0.20790565327820495,91.34199134199135,,
591,0.19444670701267744,92.35209235209236,,
592,0.22212754321132733,90.62049062049061,,
593,0.21697739170915292,91.77489177489177,,
594,0.2152244406517106,91.77489177489177,,
595,0.2267608205649416,91.1976911976912,,
596,0.1991581227442231,91.1976911976912,,
597,0.19405161026021275,91.1976911976912,,
598,0.22460778937023268,91.48629148629149,,
599,0.22217023596275076,91.34199134199135,,
600,0.21649149842936583,91.63059163059162,0.8043839761189052,81.81818181818181
601,0.20459819803334245,92.4963924963925,,
602,0.2168373703784585,91.1976911976912,,
603,0.21476138259511318,90.76479076479076,,
604,0.18682700632110474,92.20779220779221,,
605,0.2073576581109353,92.78499278499278,,
606,0.2342977063276121,90.76479076479076,,
607,0.2121434718327433,91.77489177489177,,
608,0.21449653255991089,91.34199134199135,,
609,0.21779374533143395,90.47619047619048,,
610,0.21724281871817672,91.63059163059162,,
611,0.22069200228303026,90.04329004329004,,
612,0.2076861636248158,92.20779220779221,,
613,0.20342607657367318,91.63059163059162,,
614,0.18600805462868872,93.07359307359307,,
615,0.2209478494795886,91.1976911976912,,
616,0.2014494931693545,91.34199134199135,,
617,0.21924207812177843,91.1976911976912,,
618,0.16463412945447717,93.93939393939394,,
619,0.20021686212208073,91.1976911976912,,
620,0.20483028733885134,91.48629148629149,,
621,0.18349229616434198,92.20779220779221,,
622,0.2139884362435358,90.9090909090909,,
623,0.1864694541677682,92.35209235209236,,
624,0.18341696528989343,92.64069264069263,,
625,0.22231432498791517,90.33189033189034,0.7403123866428029,77.92207792207792
626,0.22784535494373645,90.47619047619048,,
627,0.19682729564617896,91.05339105339105,,
628,0.20903633614467165,91.48629148629149,,
629,0.20817907771678887,91.1976911976912,,
630,0.20077017405504444,92.92929292929293,,
631,0.2056369882609163,91.48629148629149,,
632,0.1917791274546889,91.63059163059162,,
633,0.18936301898990704,91.77489177489177,,
634,0.195455344358908,91.48629148629149,,
635,0.2102059904287044,90.47619047619048,,
636,0.20070950818096234,91.91919191919192,,
637,0.18793123620219562,92.64069264069263,,
638,0.2125964659100874,91.05339105339105,,
639,0.19348850775870238,91.91919191919192,,
640,0.21122393207181067,91.63059163059162,,
641,0.21437083431996654,92.06349206349206,,
642,0.18853367092074425,92.4963924963925,,
643,0.19528965757081948,91.77489177489177,,
644,0.23507079912126494,90.33189033189034,,
645,0.18753666973647273,93.50649350649351,,
646,0.20356417559141032,91.91919191919192,,
647,0.2119217212668057,90.9090909090909,,
648,0.172231773341889,92.92929292929293,,
649,0.2217982557385859,90.33189033189034,,
650,0.20057046073683757,91.91919191919192,0.7833951092385626,80.51948051948052
651,0.19934609268951897,91.05339105339105,,
652,0.21089305811458164,91.48629148629149,,
653,0.17738707376506938,92.4963924963925,,
654,0.20408929220009675,90.9090909090909,,
655,0.20624628632422135,90.62049062049061,,
656,0.19505301875856532,92.78499278499278,,
657,0.19035349034235247,91.77489177489177,,
658,0.21262911151325892,90.9090909090909,,
659,0.1874453876097653,92.20779220779221,,
660,0.19789566172751857,91.63059163059162,,
661,0.21194588088714028,90.18759018759019,,
662,0.2095204975031327,91.91919191919192,,
663,0.20905665932881712,90.18759018759019,,
664,0.21159950496486427,91.05339105339105,,
665,0.19585686828537938,92.20779220779221,,
666,0.19026724110434065,92.4963924963925,,
667,0.21208763905245848,91.1976911976912,,
668,0.20165326428017746,92.20779220779221,,
669,0.20443239084526918,92.06349206349206,,
670,0.1738492212920822,93.50649350649351,,
671,0.20490076527279005,91.91919191919192,,
672,0.21795569191462377,91.34199134199135,,
673,0.17939613183253428,92.92929292929293,,
674,0.1961071641328187,91.77489177489177,,
675,0.21605605869668215,91.1976911976912,0.7604769073523484,80.51948051948052
676,0.17759188196875833,93.50649350649351,,
677,0.19524945462764945,91.77489177489177,,
678,0.19662915348662616,92.20779220779221,,
679,0.1938598205162075,92.64069264069263,,
680,0.2083077434488017,91.34199134199135,,
681,0.21574669386143291,91.05339105339105,,
682,0.19622356794548756,93.36219336219337,,
683,0.20928945735333457,92.4963924963925,,
684,0.19617912048557276,91.91919191919192,,
685,0.20001575861980905,91.05339105339105,,
686,0.1822668450950372,93.36219336219337,,
687,0.1912229419141621,91.77489177489177,,
688,0.21214306286790155,91.05339105339105,,
689,0.1920794020978059,92.4963924963925,,
690,0.18353545797980708,93.65079365079364,,
691,0.17840131294804734,93.50649350649351,,
692,0.19004534126809042,92.06349206349206,,
693,0.18896234301046547,93.07359307359307,,
694,0.1834256894494075,92.20779220779221,,
695,0.1966903850887761,91.91919191919192,,
696,0.17787432418208876,93.21789321789322,,
697,0.1807070969077147,93.21789321789322,,
698,0.1811259462999403,93.36219336219337,,
699,0.23098014606885925,90.18759018759019,,
700,0.2078459094269107,91.63059163059162,0.8341373909603466,80.51948051948052
701,0.19084753591733922,92.64069264069263,,
702,0.17778338828429172,92.92929292929293,,
703,0.19677825003303318,91.34199134199135,,
704,0.19711217582010776,91.48629148629149,,
705,0.1870330400861703,93.21789321789322,,
706,0.1874766569546979,92.4963924963925,,
707,0.1789020368235366,92.64069264069263,,
708,0.19556062738444727,90.9090909090909,,
709,0.20756244805640128,92.06349206349206,,
710,0.2009496022913535,93.21789321789322,,
711,0.20232227715578946,91.34199134199135,,
712,0.181542025026993,93.36219336219337,,
713,0.17811645550215227,92.92929292929293,,
714,0.1946096649718663,91.34199134199135,,
715,0.1766502523061001,93.50649350649351,,
716,0.17269903599871875,93.36219336219337,,
717,0.18141025452724083,92.92929292929293,,
718,0.20208276248729182,92.06349206349206,,
719,0.22035638156144047,90.62049062049061,,
720,0.17909003829067469,92.78499278499278,,
721,0.19406047317200753,92.35209235209236,,
722,0.19018298484288254,92.4963924963925,,
723,0.17493236735785678,93.65079365079364,,
724,0.17310740298243485,92.35209235209236,,
725,0.1669885590753127,93.36219336219337,0.795567459874339,79.22077922077922
726,0.17998151956892117,92.06349206349206,,
727,0.17477124593990706,92.20779220779221,,
728,0.18979178992614773,92.92929292929293,,
729,0.20592421452376405,90.76479076479076,,
730,0.16926505353132432,92.35209235209236,,
731,0.18430558711419373,91.63059163059162,,
732,0.1734100589353973,93.79509379509379,,
733,0.1627007241845991,93.93939393939394,,
734,0.1725577919557153,93.36219336219337,,
735,0.19283335020531825,92.06349206349206,,
736,0.19966796621099694,92.06349206349206,,
737,0.18421526277951175,91.91919191919192,,
738,0.18035318041529405,93.07359307359307,,
739,0.18547444289595877,92.20779220779221,,
740,0.18833120977895773,91.77489177489177,,
741,0.17992184585307067,93.36219336219337,,
742,0.18616924202674395,91.77489177489177,,
743,0.19762922541747704,92.06349206349206,,
744,0.15706241811379726,93.79509379509379,,
745,0.17609556510635957,92.64069264069263,,
746,0.21188304553878148,90.18759018759019,,
747,0.1607701892199863,94.94949494949495,,
748,0.1797912186831451,92.20779220779221,,
749,0.18599577679622697,92.64069264069263,,
750,0.16188904516194633,93.93939393939394,0.8300510954547238,79.22077922077922
751,0.19056437853293717,93.07359307359307,,
752,0.1980643845277517,91.34199134199135,,
753,0.19365106387571854,93.07359307359307,,
754,0.1874023766309281,92.06349206349206,,
755,0.18349424778641044,93.50649350649351,,
756,0.17361937142629041,92.78499278499278,,
757,0.19436421358224118,92.35209235209236,,
758,0.19546738180935297,91.63059163059162,,
759,0.16908263885194347,93.50649350649351,,
760,0.1909621288787579,91.48629148629149,,
761,0.1784679430011461,92.78499278499278,,
762,0.17416711613901423,93.79509379509379,,
763,0.16499658718619167,94.37229437229438,,
764,0.1818095434344176,92.64069264069263,,
765,0.17903257730654823,93.36219336219337,,
766,0.15737161628531043,93.79509379509379,,
767,0.18569029676277743,92.92929292929293,,
768,0.17302201514120225,92.92929292929293,,
769,0.17540497207022332,93.93939393939394,,
770,0.16296367716006557,93.36219336219337,,
771,0.2029272010240806,91.77489177489177,,
772,0.1699262692379358,93.65079365079364,,
773,0.15282149755894536,93.79509379509379,,
774,0.17718050950898925,92.4963924963925,,
775,0.16148673105463493,93.65079365079364,0.9474744162002167,76.62337662337663
776,0.2014220402741329,92.35209235209236,,
777,0.19746060241524446,92.78499278499278,,
778,0.1963628971825581,92.20779220779221,,
779,0.18648271266408642,92.64069264069263,,
780,0.1770322916096595,92.64069264069263,,
781,0.1786345417381494,93.21789321789322,,
782,0.17453373764328453,93.21789321789322,,
783,0.18628068745652318,91.48629148629149,,
784,0.16589471852087012,94.51659451659452,,
785,0.16262382809422146,93.93939393939394,,
786,0.16896131075649895,92.4963924963925,,
787,0.15498282696949628,93.93939393939394,,
788,0.15851038887903288,93.50649350649351,,
789,0.1824015271870089,93.50649350649351,,
790,0.16314287435311775,93.36219336219337,,
791,0.16428237736311138,93.93939393939394,,
792,0.16731325458482574,92.92929292929293,,
793,0.18182342575828062,92.64069264069263,,
794,0.1758312193561254,92.92929292929293,,
795,0.1552570497275775,93.36219336219337,,
796,0.18697886109825165,93.07359307359307,,
797,0.17546776163930672,92.78499278499278,,
798,0.1763493355906543,94.37229437229438,,
799,0.17034504894828384,93.36219336219337,,
800,0.19387219125918323,91.91919191919192,0.9219973381463583,81.81818181818181
801,0.1632101092847739,92.20779220779221,,
802,0.17579785561320757,93.93939393939394,,
803,0.19776567343681578,92.64069264069263,,
804,0.1659211435961345,93.21789321789322,,
805,0.1838873645363303,92.92929292929293,,
806,0.15712713280324467,94.37229437229438,,
807,0.17157332093856723,93.36219336219337,,
808,0.18314531320789332,92.4963924963925,,
809,0.18049777663631356,92.20779220779221,,
810,0.16053419356996362,94.37229437229438,,
811,0.1859204437997606,93.07359307359307,,
812,0.16888435324318007,92.64069264069263,,
813,0.19091138819939474,92.78499278499278,,
814,0.18368464329886058,93.79509379509379,,
815,0.16156667331166424,93.65079365079364,,
816,0.17505522048662578,93.79509379509379,,
817,0.18122226408377698,91.34199134199135,,
818,0.2000777968252548,91.1976911976912,,
819,0.1624464008898016,94.22799422799423,,
820,0.15435991422266498,94.22799422799423,,
821,0.18276409016220602,92.92929292929293,,
822,0.15680663829500024,94.08369408369408,,
823,0.1882823124893472,93.07359307359307,,
824,0.14404933312625595,94.94949494949495,,
825,0.16833094159116993,92.64069264069263,0.9276389982793238,77.92207792207792
826,0.17025231786104508,93.21789321789322,,
827,0.1776098535002396,93.36219336219337,,
828,0.18768189163961882,91.91919191919192,,
829,0.17144303907026115,94.08369408369408,,
830,0.1680861735692272,94.08369408369408,,
831,0.15723440808231953,93.07359307359307,,
832,0.1615884867194411,93.50649350649351,,
833,0.16462964451674258,93.36219336219337,,
834,0.15957268304897076,94.22799422799423,,
835,0.19285841949531354,92.78499278499278,,
836,0.14738919538637948,94.22799422799423,,
837,0.1912904791507069,93.65079365079364,,
838,0.1601789297393562,94.22799422799423,,
839,0.15041680802815577,93.65079365079364,,
840,0.17288922752330313,91.77489177489177,,
841,0.1991055378902698,91.77489177489177,,
842,0.1708645349285131,92.92929292929293,,
843,0.14505193878417433,93.93939393939394,,
844,0.16147115114877406,93.93939393939394,,
845,0.16969224701475616,93.21789321789322,,
846,0.18687689108142433,91.91919191919192,,
847,0.13725693696978117,94.66089466089466,,
848,0.1741653789173473,93.21789321789322,,
849,0.14582015666438733,94.37229437229438,,
850,0.1830273922075871,91.91919191919192,0.9038878826351909,79.22077922077922
851,0.1716503993988381,92.92929292929293,,
852,0.16839231606599744,92.78499278499278,,
853,0.16361846919420134,93.21789321789322,,
854,0.1359310710068905,95.0937950937951,,
855,0.19504566105757268,93.07359307359307,,
856,0.16040232595362705,93.79509379509379,,
857,0.17213632314752192,92.20779220779221,,
858,0.15869351757037176,93.93939393939394,,
859,0.1662723644197116,93.50649350649351,,
860,0.15539890132081113,93.21789321789322,,
861,0.15263525287998359,93.93939393939394,,
862,0.159945433058952,93.21789321789322,,
863,0.1665482148850635,93.79509379509379,,
864,0.15859732715598432,93.21789321789322,,
865,0.1442838301304271,94.37229437229438,,
866,0.17475298502916553,92.64069264069263,,
867,0.14902604346581524,93.50649350649351,,
868,0.15882655779440036,93.65079365079364,,
869,0.16115431769241675,93.36219336219337,,
870,0.15969481367031904,94.37229437229438,,
871,0.16962375126316778,93.07359307359307,,
872,0.1707161296626706,91.63059163059162,,
873,0.1585462706601637,92.20779220779221,,
874,0.1504102959304317,93.93939393939394,,
875,0.17293118516152556,91.48629148629149,0.9140992180093542,77.92207792207792
876,0.16940035229121453,93.36219336219337,,
877,0.1733566207131223,93.36219336219337,,
878,0.15877742436412093,93.65079365079364,,
879,0.1671074162174183,93.21789321789322,,
880,0.13928345985398835,94.66089466089466,,
881,0.14705168910614855,94.37229437229438,,
882,0.1708940140248517,93.07359307359307,,
883,0.16005081196367998,92.92929292929293,,
884,0.16248377112599163,92.4963924963925,,
885,0.13755394466769644,93.93939393939394,,
886,0.1446960617453505,94.51659451659452,,
887,0.16259214664778496,92.92929292929293,,
888,0.17990501311004248,93.50649350649351,,
889,0.15912073928040343,94.08369408369408,,
890,0.15888828021967394,93.21789321789322,,
891,0.1829777281693738,92.4963924963925,,
892,0.15516665245676453,93.93939393939394,,
893,0.15826299360820226,94.08369408369408,,
894,0.1355318905729236,94.08369408369408,,
895,0.17224400689352362,93.65079365079364,,
896,0.1438811577770531,94.08369408369408,,
897,0.18254237009741872,92.06349206349206,,
898,0.1647283695046864,92.92929292929293,,
899,0.155312181981267,93.50649350649351,,
900,0.1619212817384567,93.65079365079364,0.9195103707251611,75.32467532467533
901,0.14581797791401013,94.51659451659452,,
902,0.1464218254470986,94.37229437229438,,
903,0.16363328600149135,93.79509379509379,,
904,0.163206618757647,94.37229437229438,,
905,0.14639304793059482,94.08369408369408,,
906,0.16524084818161067,93.50649350649351,,
907,0.17642805782317428,92.64069264069263,,
908,0.14852861576266102,94.94949494949495,,
909,0.15365735438220945,93.50649350649351,,
910,0.16567033783009902,92.78499278499278,,
911,0.15854195190370513,94.37229437229438,,
912,0.17654091128367194,92.92929292929293,,
913,0.16147062633976791,93.79509379509379,,
914,0.1592737841829765,93.93939393939394,,
915,0.1617328856156502,93.36219336219337,,
916,0.16133073150230004,92.92929292929293,,
917,0.14887993679547207,94.51659451659452,,
918,0.16779211475624747,92.92929292929293,,
919,0.1363469199700789,95.23809523809524,,
920,0.15099365402867784,93.93939393939394,,
921,0.1376919054451787,95.23809523809524,,
922,0.14355603656039437,94.37229437229438,,
923,0.1611451188056672,94.08369408369408,,
924,0.14266593522334425,92.92929292929293,,
925,0.14366526718951578,94.8051948051948,1.0487543421906311,77.92207792207792
926,0.15589047566292777,94.22799422799423,,
927,0.14674280115106234,95.0937950937951,,
928,0.14918346881522418,94.51659451659452,,
929,0.16534839525367273,93.07359307359307,,
930,0.16054325835701364,94.08369408369408,,
931,0.17202839584319624,94.51659451659452,,
932,0.13802977312694897,94.94949494949495,,
933,0.15419678396476813,94.51659451659452,,
934,0.1450297791432874,94.08369408369408,,
935,0.16432800046121232,93.93939393939394,,
936,0.1733199991447069,92.06349206349206,,
937,0.16736475317530647,93.36219336219337,,
938,0.1333518662149944,95.0937950937951,,
939,0.16117545752685308,94.22799422799423,,
940,0.16807741303168894,94.22799422799423,,
941,0.15149131736585073,93.36219336219337,,
942,0.14512718629097354,94.8051948051948,,
943,0.14716509077026044,93.21789321789322,,
944,0.1553877243102887,93.07359307359307,,
945,0.13615593636706794,94.94949494949495,,
946,0.1389697745635912,94.22799422799423,,
947,0.1387374907043933,94.37229437229438,,
948,0.154714375992358,93.65079365079364,,
949,0.1323020031345097,96.53679653679653,,
950,0.16581647065810826,92.64069264069263,0.9902497359684536,76.62337662337663
951,0.11890604194457956,95.81529581529581,,
952,0.1403205958860261,93.79509379509379,,
953,0.16396028092628262,93.21789321789322,,
954,0.1495582741560229,92.06349206349206,,
955,0.15586307617966058,93.65079365079364,,
956,0.15803136286818964,93.36219336219337,,
957,0.1438749594154296,94.22799422799423,,
958,0.12429422828198167,94.94949494949495,,
959,0.15071017823005994,93.93939393939394,,
960,0.14587911504386653,93.21789321789322,,
961,0.1598414879555654,93.79509379509379,,
962,0.13811987015979116,95.0937950937951,,
963,0.1535002612663382,93.65079365079364,,
964,0.16805254053566362,94.08369408369408,,
965,0.1607677689551888,94.37229437229438,,
966,0.14666498733568845,94.94949494949495,,
967,0.15375141902661427,93.50649350649351,,
968,0.14532961777020326,93.65079365079364,,
969,0.12559809683839565,95.38239538239539,,
970,0.15759765459453046,93.93939393939394,,
971,0.12550948035579396,95.23809523809524,,
972,0.1660352973710923,92.78499278499278,,
973,0.13145354200116913,95.81529581529581,,
974,0.13161215368351895,94.94949494949495,,
975,0.13742721615114598,95.52669552669553,1.0958698972479088,80.51948051948052
976,0.14416025402656021,94.08369408369408,,
977,0.14639508087741693,94.94949494949495,,
978,0.12927741278231702,95.67099567099567,,
979,0.13160727137073466,95.0937950937951,,
980,0.1487683897453641,93.07359307359307,,
981,0.14824122575368373,93.93939393939394,,
982,0.14423357680625407,94.66089466089466,,
983,0.15501238717489257,93.50649350649351,,
984,0.12369605377423987,95.95959595959596,,
985,0.15789217765283103,93.79509379509379,,
986,0.17066883266746224,92.64069264069263,,
987,0.14836037533107774,93.50649350649351,,
988,0.17127622051156444,92.78499278499278,,
989,0.15935732286106286,92.4963924963925,,
990,0.14842106863146737,94.51659451659452,,
991,0.13788858682325736,94.22799422799423,,
992,0.13807427067333808,94.08369408369408,,
993,0.14540057447651591,94.51659451659452,,
994,0.13325314385034306,95.0937950937951,,
995,0.13445369497178092,95.0937950937951,,
996,0.15507139693434965,92.64069264069263,,
997,0.1665661455593025,93.50649350649351,,
998,0.14860300858966027,96.1038961038961,,
999,0.13698662157354588,94.37229437229438,,
1000,0.14303955521762457,94.37229437229438,1.0332862525791318,76.62337662337663
