epoch,train_loss,train_acc,test_loss,test_acc
1,0.6887558597162861,54.256854256854254,0.6858278079466387,55.84415584415584
2,0.6869394190899738,55.98845598845599,,
3,0.6883615835920557,55.98845598845599,,
4,0.6869390621501819,55.98845598845599,,
5,0.6850422758388657,55.98845598845599,,
6,0.6857377757757773,55.98845598845599,,
7,0.6882066199445793,55.98845598845599,,
8,0.6850737317816004,55.98845598845599,,
9,0.6850710722791168,55.98845598845599,,
10,0.6826777097810742,55.98845598845599,,
11,0.6799607684601953,55.98845598845599,,
12,0.6810366502743951,55.98845598845599,,
13,0.6842636954560768,55.98845598845599,,
14,0.6798849303657014,55.55555555555556,,
15,0.6781546327286813,55.84415584415584,,
16,0.6803381729435611,56.42135642135642,,
17,0.6813883429653889,55.98845598845599,,
18,0.6784748216556092,55.266955266955264,,
19,0.6725808707150546,55.699855699855696,,
20,0.670510952778881,55.41125541125541,,
21,0.6700331526573258,57.57575757575758,,
22,0.6692741300808575,56.56565656565657,,
23,0.6645429958340754,55.98845598845599,,
24,0.6638307420034257,58.152958152958156,,
25,0.661899250393134,57.86435786435786,0.6781801395602041,54.54545454545455
26,0.6596875647875826,59.01875901875902,,
27,0.6579413991985898,57.86435786435786,,
28,0.653072289746217,61.32756132756133,,
29,0.6504434357473861,59.16305916305916,,
30,0.6512830947212671,59.45165945165945,,
31,0.6471343830894426,60.46176046176046,,
32,0.6451336012516187,60.894660894660895,,
33,0.6392167538275451,61.47186147186147,,
34,0.6414474431226436,60.60606060606061,,
35,0.6364318053271691,62.62626262626262,,
36,0.6324675585456396,61.904761904761905,,
37,0.6253157080854,63.34776334776335,,
38,0.6249232763507837,63.34776334776335,,
39,0.6185200394146027,65.22366522366522,,
40,0.6131639025600097,66.37806637806638,,
41,0.6109697400749504,67.67676767676768,,
42,0.6127354580946643,63.924963924963926,,
43,0.6042663436947446,67.53246753246754,,
44,0.6026538323186349,67.38816738816739,,
45,0.5927048513039538,67.82106782106783,,
46,0.5887169138693706,67.82106782106783,,
47,0.5913260549865932,67.53246753246754,,
48,0.5792054435907504,70.85137085137085,,
49,0.5786174165050016,70.99567099567099,,
50,0.5719632933838199,71.42857142857143,0.6066283962943337,64.93506493506493
51,0.5674356823359733,70.70707070707071,,
52,0.5631031963388297,72.15007215007215,,
53,0.5655970945846811,71.13997113997114,,
54,0.5567328229783073,72.2943722943723,,
55,0.5527304104740314,73.88167388167388,,
56,0.5512817348064626,73.3044733044733,,
57,0.5458336225663772,73.5930735930736,,
58,0.5434850869756757,73.5930735930736,,
59,0.5278220382259694,75.18037518037518,,
60,0.5326519119103061,74.89177489177489,,
61,0.537759534939371,75.32467532467533,,
62,0.5275592244892754,74.74747474747475,,
63,0.5201817437425836,74.74747474747475,,
64,0.5393366512626109,75.32467532467533,,
65,0.5233180835563556,75.46897546897547,,
66,0.5230076506540373,75.32467532467533,,
67,0.5172658951423557,74.74747474747475,,
68,0.49762415344064886,76.47907647907648,,
69,0.5101237458756132,76.04617604617604,,
70,0.486575173093127,78.4992784992785,,
71,0.4921188990103046,76.76767676767676,,
72,0.5025269192190569,76.91197691197691,,
73,0.4864218631520072,78.4992784992785,,
74,0.47763271309424615,79.36507936507937,,
75,0.4818365755363288,77.77777777777777,0.49845855808877326,74.02597402597402
76,0.46732408074933557,79.22077922077922,,
77,0.48127536133770304,78.4992784992785,,
78,0.46848528424726765,78.4992784992785,,
79,0.4804857133700906,76.62337662337663,,
80,0.47846534310653266,76.47907647907648,,
81,0.46934184315916777,78.21067821067821,,
82,0.47021968385357876,78.64357864357865,,
83,0.45790133843518266,79.50937950937951,,
84,0.449128467197198,80.08658008658008,,
85,0.452831999478058,78.93217893217893,,
86,0.45213031325849445,80.66378066378067,,
87,0.4415088983153196,79.94227994227994,,
88,0.45114809102654285,80.08658008658008,,
89,0.4446702128192907,80.37518037518038,,
90,0.43669288506540554,80.23088023088023,,
91,0.440989490238275,79.36507936507937,,
92,0.43836268163346626,80.51948051948052,,
93,0.4402582328900974,79.22077922077922,,
94,0.4312362097644531,81.0966810966811,,
95,0.4311119131367616,81.0966810966811,,
96,0.42336151403782174,82.53968253968254,,
97,0.42185322030798184,81.52958152958153,,
98,0.41879012445350744,81.81818181818181,,
99,0.4233252371716465,81.52958152958153,,
100,0.41531260601885905,81.81818181818181,0.4351281059252751,80.51948051948052
101,0.4084541564121907,81.81818181818181,,
102,0.40680977250590467,81.81818181818181,,
103,0.4333866887106352,80.08658008658008,,
104,0.3856730828381548,83.83838383838383,,
105,0.4013469934807539,81.52958152958153,,
106,0.4005197508940621,83.11688311688312,,
107,0.39785024158194293,82.25108225108225,,
108,0.39077146314783356,83.54978354978356,,
109,0.3818416094023084,82.68398268398268,,
110,0.4010574362666748,82.53968253968254,,
111,0.4152473388468204,81.81818181818181,,
112,0.4079444506037631,82.3953823953824,,
113,0.39059403511825924,83.98268398268398,,
114,0.381560521552401,84.7041847041847,,
115,0.3783762010747048,82.97258297258297,,
116,0.3864690831299296,83.83838383838383,,
117,0.36209036588324783,84.27128427128427,,
118,0.3586834850163343,86.43578643578644,,
119,0.3845977388849162,83.98268398268398,,
120,0.3876448610386291,82.82828282828282,,
121,0.3781785817889424,84.55988455988457,,
122,0.36497933140177746,84.55988455988457,,
123,0.37805816978431195,85.42568542568543,,
124,0.3525596034819258,86.72438672438672,,
125,0.35467279475574714,86.002886002886,0.39227854315336647,84.41558441558442
126,0.36507786339495607,84.84848484848484,,
127,0.3579399097619463,85.85858585858585,,
128,0.36814036221387236,83.26118326118326,,
129,0.3445455457741048,84.41558441558442,,
130,0.3575289076970941,83.98268398268398,,
131,0.3525547022685344,85.42568542568543,,
132,0.3567374966189287,85.13708513708514,,
133,0.38158731465731865,84.12698412698413,,
134,0.3563108474317223,85.13708513708514,,
135,0.37814392637552807,84.55988455988457,,
136,0.33748961535711136,86.2914862914863,,
137,0.3567950649436934,84.55988455988457,,
138,0.3499175667934776,86.43578643578644,,
139,0.33023980023368954,85.56998556998558,,
140,0.35218658965903443,85.42568542568543,,
141,0.3406333655419976,86.14718614718615,,
142,0.3440035509340691,86.72438672438672,,
143,0.3211817980070651,85.71428571428571,,
144,0.3546970165825165,85.71428571428571,,
145,0.33050175619675826,87.3015873015873,,
146,0.32703757466691913,87.3015873015873,,
147,0.3396740663705278,86.72438672438672,,
148,0.3360767596512818,87.15728715728716,,
149,0.34729652392743815,84.84848484848484,,
150,0.35256609241081693,87.15728715728716,0.37973067861098747,83.11688311688312
151,0.32322090227710565,87.87878787878788,,
152,0.31975941856702167,87.44588744588745,,
153,0.3435804627158425,86.58008658008659,,
154,0.32469670708905396,87.44588744588745,,
155,0.3194101501852919,87.01298701298701,,
156,0.34074362243752804,84.41558441558442,,
157,0.32834240024396005,86.2914862914863,,
158,0.3438345834634349,86.43578643578644,,
159,0.32079141824620455,87.5901875901876,,
160,0.3373164047754516,86.2914862914863,,
161,0.32541572469223456,88.60028860028861,,
162,0.3162616968670965,87.15728715728716,,
163,0.3034672803779013,87.15728715728716,,
164,0.31766447605508746,86.43578643578644,,
165,0.3043807873026633,88.60028860028861,,
166,0.30943403121024843,87.44588744588745,,
167,0.299874219866026,88.88888888888889,,
168,0.32350380961685127,86.14718614718615,,
169,0.3087130208724161,89.46608946608947,,
170,0.2971096102035407,87.87878787878788,,
171,0.3026212868838427,88.60028860028861,,
172,0.32213272698073075,86.72438672438672,,
173,0.3062002847312505,87.15728715728716,,
174,0.2733844657997032,89.17748917748918,,
175,0.30024540114712406,88.16738816738817,0.35682158094721955,87.01298701298701
176,0.29246393529883713,89.75468975468975,,
177,0.2844563920432527,87.44588744588745,,
178,0.3023749472086908,87.5901875901876,,
179,0.2841783817884382,88.74458874458874,,
180,0.2982620877276939,88.45598845598846,,
181,0.2865448664621185,88.31168831168831,,
182,0.2795526254572738,89.17748917748918,,
183,0.28155260955616507,88.16738816738817,,
184,0.28451481528182393,89.75468975468975,,
185,0.2844730837090535,89.46608946608947,,
186,0.2844168824206871,89.17748917748918,,
187,0.28231120363286394,89.17748917748918,,
188,0.2847228811416791,88.74458874458874,,
189,0.28672375595586813,88.88888888888889,,
190,0.27409839462408253,89.46608946608947,,
191,0.2991821313811759,88.31168831168831,,
192,0.2838842991153571,88.45598845598846,,
193,0.27377355769599154,89.6103896103896,,
194,0.28959216132308496,88.74458874458874,,
195,0.2927088850912938,87.87878787878788,,
196,0.2691086268141156,89.46608946608947,,
197,0.28800210477125765,87.73448773448773,,
198,0.269903221945742,90.18759018759019,,
199,0.29010915240168056,88.88888888888889,,
200,0.2756272554182559,90.33189033189034,0.381604094396938,85.71428571428571
201,0.28147987765495225,89.8989898989899,,
202,0.26039660587627306,91.05339105339105,,
203,0.2818294913221747,88.45598845598846,,
204,0.2554624443725934,89.8989898989899,,
205,0.2593334778863802,89.17748917748918,,
206,0.27960907947675234,89.6103896103896,,
207,0.26629460795445187,88.88888888888889,,
208,0.2588491728811553,90.9090909090909,,
209,0.26433104960433335,90.76479076479076,,
210,0.28264848623440897,88.45598845598846,,
211,0.27363537868530546,87.44588744588745,,
212,0.2813906864858465,89.32178932178932,,
213,0.27131043442270975,89.6103896103896,,
214,0.26157223566571014,90.33189033189034,,
215,0.27197854519750475,89.8989898989899,,
216,0.26284100706615143,88.02308802308802,,
217,0.24656294901219625,91.05339105339105,,
218,0.2714549436477184,90.33189033189034,,
219,0.24373402617452464,91.05339105339105,,
220,0.2559335612265923,89.8989898989899,,
221,0.24741532690124252,90.62049062049061,,
222,0.2596484772742741,89.32178932178932,,
223,0.25276588652858145,90.62049062049061,,
224,0.2611527953829084,91.05339105339105,,
225,0.25185190487389614,90.76479076479076,0.33695028586821124,88.31168831168831
226,0.24102270370954043,93.07359307359307,,
227,0.26862127371508665,88.60028860028861,,
228,0.23482505564307754,92.64069264069263,,
229,0.247957819564776,91.05339105339105,,
230,0.24067897281863473,91.1976911976912,,
231,0.2568448015191682,88.88888888888889,,
232,0.25996900512198523,90.18759018759019,,
233,0.24529524405539294,91.34199134199135,,
234,0.2628005596380385,90.04329004329004,,
235,0.25098071598903443,90.62049062049061,,
236,0.24307875900729567,91.63059163059162,,
237,0.22198468898281906,91.91919191919192,,
238,0.24236172140934767,89.75468975468975,,
239,0.24786228244696862,90.18759018759019,,
240,0.23843724451539836,91.91919191919192,,
241,0.2552845799733722,89.6103896103896,,
242,0.24027538630697462,90.76479076479076,,
243,0.2467373496870286,91.77489177489177,,
244,0.22744505371882287,92.4963924963925,,
245,0.23240589581612728,91.34199134199135,,
246,0.22143648693829904,91.48629148629149,,
247,0.2136480226403191,92.06349206349206,,
248,0.2472385916358981,91.63059163059162,,
249,0.229735937447947,92.4963924963925,,
250,0.23899293844662015,90.62049062049061,0.337670431702168,87.01298701298701
251,0.23264886522705938,91.05339105339105,,
252,0.24816019041799708,91.1976911976912,,
253,0.2320568050979536,91.05339105339105,,
254,0.2142586140835612,92.06349206349206,,
255,0.24851141459326034,91.1976911976912,,
256,0.22627602246674625,91.34199134199135,,
257,0.25409776393813316,89.03318903318903,,
258,0.22098063059355447,91.63059163059162,,
259,0.23338596460451122,90.47619047619048,,
260,0.22611483161755627,91.77489177489177,,
261,0.23287291721606151,91.1976911976912,,
262,0.23590449333018898,92.35209235209236,,
263,0.22329440974182896,91.91919191919192,,
264,0.21186735052050967,91.91919191919192,,
265,0.21113789341752492,92.06349206349206,,
266,0.22560054675540195,91.48629148629149,,
267,0.20486020250581904,92.78499278499278,,
268,0.22311904764106608,91.77489177489177,,
269,0.21217762177855765,92.4963924963925,,
270,0.23440556905486368,91.77489177489177,,
271,0.19208174892318197,92.78499278499278,,
272,0.22683815623688663,91.77489177489177,,
273,0.2303319305160001,91.63059163059162,,
274,0.1989253745837645,92.20779220779221,,
275,0.20902636266631996,91.91919191919192,0.3715425154992512,84.41558441558442
276,0.21351933883554147,93.93939393939394,,
277,0.21031080253024467,91.91919191919192,,
278,0.20534691623107007,93.07359307359307,,
279,0.21462420269868418,91.77489177489177,,
280,0.21871332894112985,91.77489177489177,,
281,0.20911441246668497,92.92929292929293,,
282,0.24306093328356915,90.62049062049061,,
283,0.2097178686297301,92.78499278499278,,
284,0.19143719528230582,92.92929292929293,,
285,0.20527889182277745,92.64069264069263,,
286,0.22340392698715258,92.35209235209236,,
287,0.2063177933252563,93.93939393939394,,
288,0.21079295594110806,90.9090909090909,,
289,0.22742763294974103,92.06349206349206,,
290,0.21186077878588722,91.77489177489177,,
291,0.18502069618364778,93.65079365079364,,
292,0.2193783422741195,92.78499278499278,,
293,0.19978226950287303,93.65079365079364,,
294,0.20483878919852072,91.05339105339105,,
295,0.21509594562185275,92.35209235209236,,
296,0.22106155059683374,92.4963924963925,,
297,0.2181990391334242,91.05339105339105,,
298,0.19295526831310034,92.92929292929293,,
299,0.20247447796026177,92.92929292929293,,
300,0.20598608816598918,93.21789321789322,0.368412411445147,83.11688311688312
301,0.21472239339506471,90.62049062049061,,
302,0.1951244869101443,92.78499278499278,,
303,0.19203495673975043,92.78499278499278,,
304,0.1913646317018575,93.21789321789322,,
305,0.20685078253133646,92.78499278499278,,
306,0.19098841593551086,93.07359307359307,,
307,0.2042830397857388,92.06349206349206,,
308,0.20723482378332475,92.64069264069263,,
309,0.20558633723042227,92.35209235209236,,
310,0.21128344178887845,91.05339105339105,,
311,0.20900585077713751,92.06349206349206,,
312,0.19820941346032278,91.77489177489177,,
313,0.18906884123322595,93.50649350649351,,
314,0.1937157946059542,92.20779220779221,,
315,0.17980300971611926,93.21789321789322,,
316,0.1865388336678776,92.78499278499278,,
317,0.18672416145237322,93.79509379509379,,
318,0.22673867735339795,91.05339105339105,,
319,0.18104259779442958,92.64069264069263,,
320,0.18428787406302805,92.20779220779221,,
321,0.19101601131636686,92.64069264069263,,
322,0.19179922191783635,93.36219336219337,,
323,0.1920475292773474,92.92929292929293,,
324,0.17874686284498734,93.36219336219337,,
325,0.2054933121409079,92.64069264069263,0.3616529420598761,81.81818181818181
326,0.18841040906365988,93.07359307359307,,
327,0.1840837677835902,94.22799422799423,,
328,0.18635177717666435,92.92929292929293,,
329,0.1815927362373209,93.65079365079364,,
330,0.19967126179739167,91.48629148629149,,
331,0.17398262713077609,94.51659451659452,,
332,0.18115845064580183,93.79509379509379,,
333,0.19596613670496368,92.20779220779221,,
334,0.1769745424712375,92.64069264069263,,
335,0.17706249189841283,94.51659451659452,,
336,0.1909437073021052,91.77489177489177,,
337,0.18231190730310964,93.07359307359307,,
338,0.17770595464204986,94.37229437229438,,
339,0.18590470292695502,94.08369408369408,,
340,0.17613197669580385,94.37229437229438,,
341,0.17858086954291594,93.21789321789322,,
342,0.16933733816453475,93.36219336219337,,
343,0.1973618037600882,92.20779220779221,,
344,0.18076024985029585,93.79509379509379,,
345,0.17581586055941395,94.37229437229438,,
346,0.17516252321082276,93.36219336219337,,
347,0.17036324603991074,94.22799422799423,,
348,0.18094715478186313,93.93939393939394,,
349,0.18656029890884052,93.07359307359307,,
350,0.1921297332317626,92.92929292929293,0.3435473484652383,87.01298701298701
351,0.1756557125549812,92.92929292929293,,
352,0.18741318579187985,92.78499278499278,,
353,0.1855276164317888,94.08369408369408,,
354,0.148814270313168,94.66089466089466,,
355,0.1700652340402851,94.08369408369408,,
356,0.17343747436269194,93.79509379509379,,
357,0.16862547319129775,93.93939393939394,,
358,0.1575488474590954,94.08369408369408,,
359,0.17470871787491385,93.79509379509379,,
360,0.19390791865310283,92.4963924963925,,
361,0.18008586882598818,93.21789321789322,,
362,0.1755969309305818,94.51659451659452,,
363,0.15980453584961388,94.08369408369408,,
364,0.15180553162596785,95.0937950937951,,
365,0.1554160439778888,93.65079365079364,,
366,0.1688233009320489,94.08369408369408,,
367,0.17847597912964538,94.37229437229438,,
368,0.16967221453764395,94.37229437229438,,
369,0.17417816673694406,94.08369408369408,,
370,0.16117532110489463,93.79509379509379,,
371,0.1546898092832658,93.79509379509379,,
372,0.1664907236033876,94.37229437229438,,
373,0.15945973548323217,95.38239538239539,,
374,0.16508282671587118,94.37229437229438,,
375,0.15880658346514553,94.08369408369408,0.37508791027131017,84.41558441558442
376,0.1668797606685633,94.08369408369408,,
377,0.15545951272932138,94.37229437229438,,
378,0.17712629353157197,93.50649350649351,,
379,0.17398464968387697,93.65079365079364,,
380,0.18275214029640002,92.78499278499278,,
381,0.15437505565164408,94.08369408369408,,
382,0.17180142362305054,92.78499278499278,,
383,0.15069644864847478,95.0937950937951,,
384,0.16175020132401977,93.79509379509379,,
385,0.17551976739070116,93.36219336219337,,
386,0.14854666781793166,94.22799422799423,,
387,0.16071904587195204,94.51659451659452,,
388,0.16116039211959893,94.08369408369408,,
389,0.16477041950645557,94.08369408369408,,
390,0.15532607313186403,94.66089466089466,,
391,0.1701783256828355,94.37229437229438,,
392,0.16136500581260368,93.50649350649351,,
393,0.16989473659883847,94.51659451659452,,
394,0.15341057825677668,94.37229437229438,,
395,0.15911720415730496,93.65079365079364,,
396,0.1695215618627584,93.93939393939394,,
397,0.15155861112806532,94.22799422799423,,
398,0.14216910478958664,94.8051948051948,,
399,0.15202529186552222,93.93939393939394,,
400,0.1781684063095465,93.36219336219337,0.38763218015045314,84.41558441558442
401,0.15879418702008577,93.65079365079364,,
402,0.15775592478924844,94.66089466089466,,
403,0.14063012464479965,95.23809523809524,,
404,0.1707858568780436,93.21789321789322,,
405,0.15606072182736183,93.93939393939394,,
406,0.16838440417297304,93.93939393939394,,
407,0.1560521364900113,94.08369408369408,,
408,0.15983205640212797,93.79509379509379,,
409,0.15477566016786887,93.65079365079364,,
410,0.13797961330259,94.08369408369408,,
411,0.16324418361740883,92.64069264069263,,
412,0.15098820660064402,94.8051948051948,,
413,0.1586365280471323,93.07359307359307,,
414,0.15438820180331303,94.22799422799423,,
415,0.14216496882231808,94.08369408369408,,
416,0.15156236061931172,93.65079365079364,,
417,0.1581222480337685,94.22799422799423,,
418,0.15368643527767187,95.52669552669553,,
419,0.14977133367613796,94.66089466089466,,
420,0.1621069676346249,95.0937950937951,,
421,0.1528957656881682,94.22799422799423,,
422,0.13817035407903047,94.8051948051948,,
423,0.14267991825099632,95.0937950937951,,
424,0.14572938375744812,94.37229437229438,,
425,0.1492367320375525,94.66089466089466,0.47937754609368066,84.41558441558442
426,0.1673769923881191,94.22799422799423,,
427,0.13516093303501864,94.94949494949495,,
428,0.1484938593014193,94.66089466089466,,
429,0.15876233802159542,93.65079365079364,,
430,0.15673699566468188,94.08369408369408,,
431,0.14225707034355978,94.66089466089466,,
432,0.14048575047634726,94.94949494949495,,
433,0.14309047702242975,95.0937950937951,,
434,0.1399816857895466,95.67099567099567,,
435,0.14125602485942634,94.37229437229438,,
436,0.13517881583685826,95.0937950937951,,
437,0.16027930482662944,93.50649350649351,,
438,0.151099313862224,95.38239538239539,,
439,0.11236402876191325,96.68109668109668,,
440,0.1410891419064259,94.51659451659452,,
441,0.1495787620028376,95.0937950937951,,
442,0.13633493414688935,95.23809523809524,,
443,0.15668475597795814,93.21789321789322,,
444,0.1361236520659872,94.8051948051948,,
445,0.14570184522657822,93.93939393939394,,
446,0.1365508631323323,95.0937950937951,,
447,0.14572632181610035,94.22799422799423,,
448,0.13624617794977467,95.0937950937951,,
449,0.15086652091227223,95.52669552669553,,
450,0.1218550575071943,95.81529581529581,0.46064483732372136,85.71428571428571
451,0.1416518706210162,95.38239538239539,,
452,0.12302293678984842,96.24819624819625,,
453,0.14448851987741038,94.22799422799423,,
454,0.12838133064355342,95.23809523809524,,
455,0.13574679326507952,95.0937950937951,,
456,0.1293262296889117,94.94949494949495,,
457,0.12070357745774037,95.81529581529581,,
458,0.1371611465322335,95.38239538239539,,
459,0.1261069726462316,95.38239538239539,,
460,0.13617761064358433,95.0937950937951,,
461,0.14639574394683647,94.94949494949495,,
462,0.14019732637408835,94.94949494949495,,
463,0.11660559767854506,95.95959595959596,,
464,0.12057764989473087,95.23809523809524,,
465,0.14206969393968238,94.22799422799423,,
466,0.14618134330877494,95.67099567099567,,
467,0.12876301760883385,95.81529581529581,,
468,0.11954308444201345,96.53679653679653,,
469,0.1411429148323264,95.0937950937951,,
470,0.12682108495056543,95.67099567099567,,
471,0.1413733113078672,95.23809523809524,,
472,0.10771260008452431,97.11399711399712,,
473,0.1357227298518452,95.23809523809524,,
474,0.1319768892394172,95.0937950937951,,
475,0.14222405199364666,95.81529581529581,0.4795901697951478,84.41558441558442
476,0.1336433541669388,95.67099567099567,,
477,0.12233843231065707,95.38239538239539,,
478,0.11888866864069543,94.8051948051948,,
479,0.14449138650173404,94.08369408369408,,
480,0.13077864633580136,95.23809523809524,,
481,0.15090959593331144,95.23809523809524,,
482,0.13237082504588052,95.95959595959596,,
483,0.14704669430290188,93.93939393939394,,
484,0.13466708856657642,95.81529581529581,,
485,0.12712061400881405,95.0937950937951,,
486,0.13892535179380386,94.8051948051948,,
487,0.12999359903182475,94.66089466089466,,
488,0.13397289295969758,95.38239538239539,,
489,0.1331136363839346,94.66089466089466,,
490,0.10888175892107414,95.81529581529581,,
491,0.1464813653094772,94.22799422799423,,
492,0.1253873013916814,95.0937950937951,,
493,0.11279666676988333,95.81529581529581,,
494,0.10642502701493224,96.96969696969697,,
495,0.12004083913480823,95.0937950937951,,
496,0.1273687546978695,95.52669552669553,,
497,0.12715537671918992,95.52669552669553,,
498,0.1030384274293678,95.95959595959596,,
499,0.1256349908583092,95.95959595959596,,
500,0.11039918474046699,96.53679653679653,0.46803598531654905,85.71428571428571
501,0.11520507372646965,96.1038961038961,,
502,0.13433324473588842,95.67099567099567,,
503,0.12259951861733825,95.38239538239539,,
504,0.10399884030674443,97.25829725829726,,
505,0.10861423849242419,95.52669552669553,,
506,0.10598121350698313,95.67099567099567,,
507,0.11106827588480445,95.81529581529581,,
508,0.10748020373553596,96.96969696969697,,
509,0.115236190522478,96.53679653679653,,
510,0.11915249096345248,95.95959595959596,,
511,0.10324448272639625,96.82539682539682,,
512,0.1296365519912986,95.23809523809524,,
513,0.10661983201858113,96.1038961038961,,
514,0.11790658066971134,95.81529581529581,,
515,0.11587479676175083,95.67099567099567,,
516,0.11085090319616626,96.24819624819625,,
517,0.10081883570284167,96.53679653679653,,
518,0.1387303766148087,95.23809523809524,,
519,0.1058309009516394,96.24819624819625,,
520,0.13279137903929272,95.81529581529581,,
521,0.13603112609011442,94.94949494949495,,
522,0.1359654763796801,94.66089466089466,,
523,0.10783531751166518,96.53679653679653,,
524,0.12256630847679416,95.95959595959596,,
525,0.1074721296284278,95.81529581529581,0.5097527562991365,87.01298701298701
526,0.10334959570425972,96.96969696969697,,
527,0.10811168122714088,96.53679653679653,,
528,0.1319914317621297,95.81529581529581,,
529,0.1299562297901206,95.52669552669553,,
530,0.1139637277976302,95.95959595959596,,
531,0.11862250049242382,95.95959595959596,,
532,0.11858835565880435,95.95959595959596,,
533,0.11598974616840632,96.24819624819625,,
534,0.12930547076171267,94.8051948051948,,
535,0.11382000679405564,96.82539682539682,,
536,0.09769548820049474,96.3924963924964,,
537,0.10141449605489707,96.53679653679653,,
538,0.09352270297136314,96.53679653679653,,
539,0.12746701645967248,94.94949494949495,,
540,0.1106752928125996,95.67099567099567,,
541,0.1158191276899664,95.38239538239539,,
542,0.12609596281684665,94.94949494949495,,
543,0.09256446878808788,97.11399711399712,,
544,0.10316076791948742,95.38239538239539,,
545,0.13437896885225095,95.52669552669553,,
546,0.1049235507759869,95.81529581529581,,
547,0.11119198193572043,96.68109668109668,,
548,0.10101322861708174,96.3924963924964,,
549,0.10226171012715171,96.1038961038961,,
550,0.10099134311445519,96.53679653679653,0.560948478614355,87.01298701298701
551,0.10167905131373743,96.68109668109668,,
552,0.11630779947725381,95.23809523809524,,
553,0.11776824469690199,96.1038961038961,,
554,0.10285196712436787,96.96969696969697,,
555,0.0896957093986856,97.25829725829726,,
556,0.09800335339137486,96.82539682539682,,
557,0.10567122815555824,96.24819624819625,,
558,0.11810604076359481,94.8051948051948,,
559,0.13010750062666931,96.24819624819625,,
560,0.09143731755461183,97.25829725829726,,
561,0.10294899890873942,96.96969696969697,,
562,0.105210411965761,96.3924963924964,,
563,0.09913639989809213,96.53679653679653,,
564,0.12201098583283879,95.0937950937951,,
565,0.10581914695116865,96.3924963924964,,
566,0.11593887399650928,95.67099567099567,,
567,0.117107953473087,95.52669552669553,,
568,0.09045406414564124,97.11399711399712,,
569,0.10882863676522202,97.25829725829726,,
570,0.10262610932373983,96.68109668109668,,
571,0.10321445769561834,96.3924963924964,,
572,0.1030159131724597,95.81529581529581,,
573,0.11324157931910449,95.81529581529581,,
574,0.10492172680558666,96.3924963924964,,
575,0.09226877679900518,97.11399711399712,0.5961859323955202,85.71428571428571
576,0.11700259422692558,96.53679653679653,,
577,0.10824244289052865,95.67099567099567,,
578,0.10928982784393718,96.82539682539682,,
579,0.09140696039780824,97.11399711399712,,
580,0.10578166821388284,96.68109668109668,,
581,0.10881353662622095,95.38239538239539,,
582,0.12158048465783462,95.81529581529581,,
583,0.11859138757205456,95.81529581529581,,
584,0.1111966504649532,96.1038961038961,,
585,0.11426969072519443,96.1038961038961,,
586,0.1005914637477582,96.3924963924964,,
587,0.09806522296964693,96.96969696969697,,
588,0.10408252645364571,96.24819624819625,,
589,0.09683868302970394,96.68109668109668,,
590,0.09779616437239565,96.24819624819625,,
591,0.09355384439853534,96.68109668109668,,
592,0.09542139596473775,96.24819624819625,,
593,0.07933316391611857,97.40259740259741,,
594,0.11018736957213579,96.96969696969697,,
595,0.10250349662671185,96.68109668109668,,
596,0.10401182086307766,96.24819624819625,,
597,0.07836505261614037,97.69119769119769,,
598,0.08115043563158138,97.83549783549783,,
599,0.10065005745464589,96.24819624819625,,
600,0.08748396961246906,96.53679653679653,0.5661019450174524,89.6103896103896
601,0.09285893395252816,96.96969696969697,,
602,0.09861107622938496,96.3924963924964,,
603,0.10314690149933486,95.23809523809524,,
604,0.0903437203078559,96.53679653679653,,
605,0.10494823192612807,97.40259740259741,,
606,0.09492165516708503,96.82539682539682,,
607,0.08904392358243551,96.82539682539682,,
608,0.10109221630484137,96.1038961038961,,
609,0.12264658668190026,95.67099567099567,,
610,0.09300128972590571,96.96969696969697,,
611,0.0902521043671846,96.53679653679653,,
612,0.09164597137063785,96.53679653679653,,
613,0.08811008087312332,97.11399711399712,,
614,0.0837015351616545,97.69119769119769,,
615,0.09254392079638067,96.68109668109668,,
616,0.11291628383089282,94.8051948051948,,
617,0.08347654074946523,96.68109668109668,,
618,0.08217611254164667,97.25829725829726,,
619,0.12706472054876464,96.24819624819625,,
620,0.08663324648877244,96.53679653679653,,
621,0.09811686818833325,96.96969696969697,,
622,0.11076631580854392,95.81529581529581,,
623,0.1055302916989698,95.67099567099567,,
624,0.12131729106920063,96.24819624819625,,
625,0.0870109457464843,97.97979797979798,0.6390318976013691,88.31168831168831
626,0.10736526338138966,95.67099567099567,,
627,0.0975766767456074,96.3924963924964,,
628,0.08465051931069699,96.82539682539682,,
629,0.08351737454340055,97.40259740259741,,
630,0.08797304378486472,96.1038961038961,,
631,0.09045456377802817,96.96969696969697,,
632,0.10575679223648506,96.3924963924964,,
633,0.10579847314356038,96.68109668109668,,
634,0.10170785866645507,96.3924963924964,,
635,0.07977752802519915,96.68109668109668,,
636,0.09471820637282699,96.82539682539682,,
637,0.09532690770698315,96.1038961038961,,
638,0.0882956628831477,96.53679653679653,,
639,0.0933019986314347,96.82539682539682,,
640,0.07691334893800651,97.54689754689754,,
641,0.09149250620102556,95.81529581529581,,
642,0.0700350266815436,97.97979797979798,,
643,0.09313823041891811,96.96969696969697,,
644,0.09081755473156168,96.82539682539682,,
645,0.10101751952793606,96.1038961038961,,
646,0.09113231638088973,96.3924963924964,,
647,0.08123197343098308,96.68109668109668,,
648,0.1051538556849135,95.81529581529581,,
649,0.08746126334453042,97.11399711399712,,
650,0.10116899830610378,96.68109668109668,0.6565405489368872,84.41558441558442
651,0.0961406970716486,96.3924963924964,,
652,0.12183817152423088,96.53679653679653,,
653,0.08898564502811879,96.96969696969697,,
654,0.09468851363471834,96.3924963924964,,
655,0.10043847876967806,96.82539682539682,,
656,0.09116100645785369,97.54689754689754,,
657,0.07477432552289653,97.40259740259741,,
658,0.08390852742832461,97.83549783549783,,
659,0.08081093330532957,96.96969696969697,,
660,0.08675893234871167,95.95959595959596,,
661,0.09236776618042378,95.95959595959596,,
662,0.08164634829733795,97.54689754689754,,
663,0.07565158386251111,97.40259740259741,,
664,0.10102059073952577,96.24819624819625,,
665,0.09644195128871937,96.53679653679653,,
666,0.0675137654718947,98.7012987012987,,
667,0.07910802351071634,96.96969696969697,,
668,0.09590071531665789,96.53679653679653,,
669,0.11170085258298106,96.24819624819625,,
670,0.08877417638704374,97.69119769119769,,
671,0.09303194802646857,96.82539682539682,,
672,0.08420494734746381,96.96969696969697,,
673,0.08065527109335167,97.40259740259741,,
674,0.09087255360588195,97.40259740259741,,
675,0.07534091677288236,97.69119769119769,0.7110541234542798,87.01298701298701
676,0.08915095519365858,96.68109668109668,,
677,0.0902670980370664,96.96969696969697,,
678,0.10672742687434517,96.1038961038961,,
679,0.10861267991536021,96.1038961038961,,
680,0.07808832198779218,97.11399711399712,,
681,0.08691050340172876,96.96969696969697,,
682,0.09395947285845854,96.82539682539682,,
683,0.075289906124876,97.97979797979798,,
684,0.0875315179599484,96.68109668109668,,
685,0.08688015405835871,96.68109668109668,,
686,0.08536868562860063,96.96969696969697,,
687,0.08023545136312385,97.54689754689754,,
688,0.09313485858502327,96.1038961038961,,
689,0.10157999814545782,96.1038961038961,,
690,0.09582874854128878,96.68109668109668,,
691,0.10406131838269607,97.54689754689754,,
692,0.0872301423173293,96.68109668109668,,
693,0.07671432117535094,97.25829725829726,,
694,0.08398479305498012,96.68109668109668,,
695,0.08347347665787776,96.3924963924964,,
696,0.09110032437801963,96.53679653679653,,
697,0.0773456727314477,96.96969696969697,,
698,0.08301809866621036,96.68109668109668,,
699,0.07183757488861744,97.83549783549783,,
700,0.10572624948442864,96.24819624819625,0.7469492726898813,84.41558441558442
701,0.08037950583393612,96.96969696969697,,
702,0.06233220249629468,98.26839826839827,,
703,0.08481762781846747,97.11399711399712,,
704,0.08578825497416535,97.40259740259741,,
705,0.06716002191687043,97.97979797979798,,
706,0.09487169198584333,96.53679653679653,,
707,0.10109230966001821,96.24819624819625,,
708,0.06962002202072873,97.97979797979798,,
709,0.07759621297513251,97.25829725829726,,
710,0.07923732553897654,97.40259740259741,,
711,0.06603186292651755,97.83549783549783,,
712,0.08986170701736323,96.3924963924964,,
713,0.0825961943000856,96.82539682539682,,
714,0.07008542885135692,97.69119769119769,,
715,0.07398981207102795,97.54689754689754,,
716,0.07647842322617318,96.82539682539682,,
717,0.09230728073833136,96.82539682539682,,
718,0.08391269431604022,96.68109668109668,,
719,0.12027363132008097,95.81529581529581,,
720,0.09569845272867818,95.95959595959596,,
721,0.07746009862999208,97.40259740259741,,
722,0.08034847637108954,97.25829725829726,,
723,0.06737628539360274,97.54689754689754,,
724,0.07018478413234756,97.54689754689754,,
725,0.0887468983976958,96.96969696969697,0.8275613827364785,84.41558441558442
726,0.08701061520290065,96.68109668109668,,
727,0.07368256263219863,96.96969696969697,,
728,0.10563951826951376,95.52669552669553,,
729,0.07558434973719488,97.25829725829726,,
730,0.08757241493867761,96.3924963924964,,
731,0.08018929187630398,97.25829725829726,,
732,0.07890927457098794,96.96969696969697,,
733,0.08845064417065308,97.25829725829726,,
734,0.06639402460583727,97.83549783549783,,
735,0.0673212863580145,97.25829725829726,,
736,0.07766649851637313,96.68109668109668,,
737,0.09097811894176842,97.11399711399712,,
738,0.06944846373433072,97.40259740259741,,
739,0.11271322698850275,96.24819624819625,,
740,0.06954242413780218,97.97979797979798,,
741,0.0747328137032806,97.40259740259741,,
742,0.07132697866458182,97.83549783549783,,
743,0.08681607596887998,96.82539682539682,,
744,0.07750490953014226,97.40259740259741,,
745,0.08677668581900831,96.68109668109668,,
746,0.08071646757939935,97.83549783549783,,
747,0.06880570583120742,97.54689754689754,,
748,0.06875543396323275,97.54689754689754,,
749,0.06063433670174078,97.97979797979798,,
750,0.07849355129065452,96.96969696969697,0.8218630660663951,85.71428571428571
751,0.07599704794338427,97.83549783549783,,
752,0.07962190204879208,97.40259740259741,,
753,0.06256223811054384,98.41269841269842,,
754,0.08179214706679357,96.82539682539682,,
755,0.0818264125315486,97.40259740259741,,
756,0.1434396468694248,96.3924963924964,,
757,0.07197116557535585,97.40259740259741,,
758,0.06328481695685982,98.26839826839827,,
759,0.07635550221366456,97.83549783549783,,
760,0.08624982633890012,96.53679653679653,,
761,0.09023545446979019,96.68109668109668,,
762,0.07428035466873972,97.40259740259741,,
763,0.06805471586759644,97.54689754689754,,
764,0.07222499824189521,97.40259740259741,,
765,0.08533222250227815,96.96969696969697,,
766,0.07498530273743693,97.25829725829726,,
767,0.07696751705377564,97.40259740259741,,
768,0.08803104374337334,97.40259740259741,,
769,0.07883097575426445,96.96969696969697,,
770,0.0749888401129115,96.96969696969697,,
771,0.08066540616624929,96.96969696969697,,
772,0.05180666306221382,98.7012987012987,,
773,0.09212073811207606,96.68109668109668,,
774,0.06119068005911114,97.83549783549783,,
775,0.07255768909254803,97.97979797979798,0.8476451362495299,85.71428571428571
776,0.06956523021449258,97.25829725829726,,
777,0.08173400529191263,96.96969696969697,,
778,0.07840064140157653,97.97979797979798,,
779,0.07383594438863696,97.97979797979798,,
780,0.07029074377247266,96.96969696969697,,
781,0.07447762124597876,97.83549783549783,,
782,0.09073018093430807,96.82539682539682,,
783,0.0767813529846128,98.12409812409813,,
784,0.07442108202795532,97.11399711399712,,
785,0.07678567595688511,96.96969696969697,,
786,0.07252028910241602,97.11399711399712,,
787,0.06687711315796661,97.69119769119769,,
788,0.06877380099771127,97.54689754689754,,
789,0.06612435315465515,98.41269841269842,,
790,0.07385241036930942,97.69119769119769,,
791,0.08882846726537352,96.68109668109668,,
792,0.06499504213524421,98.12409812409813,,
793,0.07792145418860609,97.83549783549783,,
794,0.06623390381201608,97.97979797979798,,
795,0.06216748614632894,98.55699855699855,,
796,0.07763368306338357,96.82539682539682,,
797,0.05774904132254884,97.69119769119769,,
798,0.07482185610402026,96.96969696969697,,
799,0.061176454606042666,97.97979797979798,,
800,0.08149143104128335,96.53679653679653,0.8355302504904858,88.31168831168831
801,0.05117279502817176,98.26839826839827,,
802,0.06375301609952728,97.83549783549783,,
803,0.08025065326759481,96.53679653679653,,
804,0.08102816842700668,97.40259740259741,,
805,0.08777366625884223,96.82539682539682,,
806,0.07455669556345258,97.97979797979798,,
807,0.058596993663481305,98.41269841269842,,
808,0.0735914899724365,97.54689754689754,,
809,0.0709914994059187,97.83549783549783,,
810,0.0740815374736834,98.12409812409813,,
811,0.07206169679803938,97.97979797979798,,
812,0.06388658095382337,97.97979797979798,,
813,0.07164908788189786,97.25829725829726,,
814,0.09392346327783054,96.82539682539682,,
815,0.0962179170249159,97.83549783549783,,
816,0.06328999697570763,98.12409812409813,,
817,0.0715872131685846,97.54689754689754,,
818,0.059814190766189525,97.83549783549783,,
819,0.06835673272328836,98.41269841269842,,
820,0.07186668317813377,97.83549783549783,,
821,0.08061123123556418,96.3924963924964,,
822,0.06481142273820496,97.83549783549783,,
823,0.06039754145417207,97.83549783549783,,
824,0.06813893150027524,97.11399711399712,,
825,0.0560852583292146,97.97979797979798,0.8637105211034998,87.01298701298701
826,0.08434529382665608,96.53679653679653,,
827,0.07556182052200985,97.83549783549783,,
828,0.06839741873964775,98.12409812409813,,
829,0.06716384859903464,97.69119769119769,,
830,0.058631087080837585,98.26839826839827,,
831,0.06704006787365327,97.54689754689754,,
832,0.07423024980450778,97.69119769119769,,
833,0.05747430152723412,98.55699855699855,,
834,0.05708250507825252,98.55699855699855,,
835,0.05511299955314576,98.26839826839827,,
836,0.04858486565343315,98.41269841269842,,
837,0.06359630751505516,97.54689754689754,,
838,0.0647232248454555,98.26839826839827,,
839,0.06667322553102932,98.12409812409813,,
840,0.08743207649063066,97.69119769119769,,
841,0.07436004072873924,97.25829725829726,,
842,0.0640359130939321,96.96969696969697,,
843,0.061242736408333755,97.69119769119769,,
844,0.054644910180551495,98.41269841269842,,
845,0.07367473092430081,97.54689754689754,,
846,0.07525937922546186,97.97979797979798,,
847,0.0640369401989346,97.54689754689754,,
848,0.051038037495039844,98.55699855699855,,
849,0.06815693101443855,97.54689754689754,,
850,0.0577503993964793,97.97979797979798,0.9271165213801644,87.01298701298701
851,0.06814197479971668,97.54689754689754,,
852,0.08072919117939936,97.40259740259741,,
853,0.07021565687497285,97.25829725829726,,
854,0.08485636791257352,96.82539682539682,,
855,0.06817328889046569,97.83549783549783,,
856,0.06634103765369838,97.40259740259741,,
857,0.09020471741132234,96.1038961038961,,
858,0.0756039180474364,96.68109668109668,,
859,0.06024901819258154,97.54689754689754,,
860,0.09062185712443586,96.82539682539682,,
861,0.05900433525163546,97.83549783549783,,
862,0.07102628959501417,97.40259740259741,,
863,0.06959911307096911,97.97979797979798,,
864,0.06225568436816587,97.83549783549783,,
865,0.061452761625744735,98.26839826839827,,
866,0.05590007525316371,98.26839826839827,,
867,0.05279292604881964,98.41269841269842,,
868,0.06047279257287001,98.12409812409813,,
869,0.06747630529050563,97.40259740259741,,
870,0.05065120690909428,98.26839826839827,,
871,0.058946956962368534,97.54689754689754,,
872,0.06983386470383895,97.25829725829726,,
873,0.06974478619654285,97.25829725829726,,
874,0.07346825967415156,97.25829725829726,,
875,0.06784975624402709,97.97979797979798,0.989707149081416,83.11688311688312
876,0.06033569489388013,97.97979797979798,,
877,0.053607241184387526,97.97979797979798,,
878,0.06817355120895917,97.69119769119769,,
879,0.07555640354137035,97.54689754689754,,
880,0.05992687473269811,98.41269841269842,,
881,0.05926023058802921,98.26839826839827,,
882,0.057237675248189665,98.12409812409813,,
883,0.06949278854188465,97.69119769119769,,
884,0.04966484087090644,98.26839826839827,,
885,0.07134475005309475,97.69119769119769,,
886,0.04719907327045782,98.7012987012987,,
887,0.05685718948878939,97.97979797979798,,
888,0.060066201557804434,98.12409812409813,,
889,0.07248483597022759,97.40259740259741,,
890,0.06248613917853409,97.40259740259741,,
891,0.06787159027260276,98.26839826839827,,
892,0.06424158741148864,97.69119769119769,,
893,0.07215026073953376,97.54689754689754,,
894,0.04966405093734399,98.41269841269842,,
895,0.05510833861325124,98.7012987012987,,
896,0.07025795588721506,97.40259740259741,,
897,0.06863100725678999,97.83549783549783,,
898,0.06355617614664556,97.97979797979798,,
899,0.060296790533219326,98.26839826839827,,
900,0.0724947107277984,97.25829725829726,1.0614900399338116,84.41558441558442
901,0.07549300537179902,97.11399711399712,,
902,0.06776863766073493,97.69119769119769,,
903,0.06207157342599283,97.97979797979798,,
904,0.06224048035528409,97.25829725829726,,
905,0.042086722222754856,98.98989898989899,,
906,0.09251697770014813,96.82539682539682,,
907,0.05235859905443494,98.41269841269842,,
908,0.05844451078518816,97.97979797979798,,
909,0.06819600973165396,97.40259740259741,,
910,0.04807860909290558,98.26839826839827,,
911,0.06484068413553988,97.83549783549783,,
912,0.0538982667148511,98.26839826839827,,
913,0.05784544267007627,97.97979797979798,,
914,0.04986705857431207,98.55699855699855,,
915,0.05373835662167525,98.12409812409813,,
916,0.05420663659050953,98.12409812409813,,
917,0.057511475180446414,97.69119769119769,,
918,0.04702941920762159,98.26839826839827,,
919,0.07239864845081498,97.25829725829726,,
920,0.07491957752133517,96.68109668109668,,
921,0.057825315023354466,98.7012987012987,,
922,0.06322493800331676,97.11399711399712,,
923,0.06168524338359828,97.83549783549783,,
924,0.05947574810763286,97.40259740259741,,
925,0.06682763574443339,97.83549783549783,1.0664494442088264,85.71428571428571
926,0.05460549432187627,97.54689754689754,,
927,0.05340229682785608,98.41269841269842,,
928,0.06436023920301408,97.97979797979798,,
929,0.052002114091272776,98.41269841269842,,
930,0.050406415590648186,98.26839826839827,,
931,0.0842665702072315,97.11399711399712,,
932,0.046895543594467,98.7012987012987,,
933,0.0675990048132052,97.69119769119769,,
934,0.0663798785140848,97.83549783549783,,
935,0.05952873041995762,97.97979797979798,,
936,0.08050337619541957,97.11399711399712,,
937,0.04852419030552926,98.7012987012987,,
938,0.06076434440507646,97.83549783549783,,
939,0.06767760332765173,97.54689754689754,,
940,0.048329054140102815,98.26839826839827,,
941,0.05114284479213827,98.26839826839827,,
942,0.06256156888606314,97.83549783549783,,
943,0.06085992508002088,97.40259740259741,,
944,0.06352536134088538,97.83549783549783,,
945,0.0631054835219318,97.11399711399712,,
946,0.059253634319171675,98.26839826839827,,
947,0.05924608557610027,97.83549783549783,,
948,0.05573269206906896,97.69119769119769,,
949,0.060699371024321165,97.69119769119769,,
950,0.07235212654713945,97.11399711399712,1.1398649095714866,85.71428571428571
951,0.05005516873573156,98.26839826839827,,
952,0.05706476378301629,98.41269841269842,,
953,0.05555513417307949,97.54689754689754,,
954,0.04477088459233873,98.7012987012987,,
955,0.06543677308815726,97.97979797979798,,
956,0.05292369495246769,97.97979797979798,,
957,0.07003842976430101,96.82539682539682,,
958,0.06753625320257219,98.12409812409813,,
959,0.057869004771048886,97.97979797979798,,
960,0.08925555858218137,97.54689754689754,,
961,0.06265112472776038,97.69119769119769,,
962,0.055593209255158815,98.12409812409813,,
963,0.04429052954520842,98.12409812409813,,
964,0.07144811011926093,97.54689754689754,,
965,0.06832055236373505,97.40259740259741,,
966,0.05998391106665608,98.26839826839827,,
967,0.05466609487436379,98.84559884559884,,
968,0.04353520604761648,98.84559884559884,,
969,0.052631721809011864,98.55699855699855,,
970,0.054155546763285586,98.26839826839827,,
971,0.06207492344436191,98.7012987012987,,
972,0.05601919311250615,98.55699855699855,,
973,0.053879624665385546,98.55699855699855,,
974,0.06281674321079667,98.26839826839827,,
975,0.05020259197097148,98.12409812409813,1.1766222057404456,83.11688311688312
976,0.03550843471153216,99.13419913419914,,
977,0.05377035275703729,98.7012987012987,,
978,0.07680344260143167,97.54689754689754,,
979,0.05146516015562316,98.55699855699855,,
980,0.0569922151971302,98.55699855699855,,
981,0.06605779142542319,97.69119769119769,,
982,0.05363110176047033,98.12409812409813,,
983,0.09207240456492138,97.83549783549783,,
984,0.07129266543031978,97.40259740259741,,
985,0.04849977385989171,98.55699855699855,,
986,0.053129178862938116,98.26839826839827,,
987,0.06277300115020591,97.54689754689754,,
988,0.04349434886176091,98.55699855699855,,
989,0.06059085619521649,97.54689754689754,,
990,0.05006197839572187,97.97979797979798,,
991,0.05129150649019306,98.55699855699855,,
992,0.04829455861044996,98.12409812409813,,
993,0.05615831989913233,97.97979797979798,,
994,0.042058143564860664,99.13419913419914,,
995,0.06239302215014529,97.54689754689754,,
996,0.06719246858255172,97.69119769119769,,
997,0.06152787435367101,97.69119769119769,,
998,0.052062426633262014,97.97979797979798,,
999,0.043445742976961625,99.27849927849928,,
1000,0.0651310905222855,98.41269841269842,1.1460998240229372,88.31168831168831
