epoch,train_loss,train_acc,test_loss,test_acc
1,2.267501961986985,15.581098339719029,2.2649009664550084,20.99236641221374
2,2.06171847044432,30.779054916985952,,
3,1.8810824903339567,42.52873563218391,,
4,1.7006908152751996,49.55300127713921,,
5,1.536666403176075,54.78927203065134,,
6,1.397421143977578,57.72669220945083,,
7,1.2954774058184861,58.62068965517241,,
8,1.1757689102399396,65.64495530012772,,
9,1.1195859505603445,66.15581098339719,,
10,1.0115483461059678,70.242656449553,,
11,0.9741629831026645,72.79693486590038,,
12,0.9078645427565009,73.9463601532567,,
13,0.8547351808688041,77.13920817369093,,
14,0.8168717450718009,76.50063856960409,,
15,0.8173811162416353,76.24521072796935,,
16,0.7730861765214767,77.39463601532567,,
17,0.7296722651593682,79.05491698595146,,
18,0.6968019425031631,79.43805874840358,,
19,0.6789996718766589,79.94891443167305,,
20,0.6385397087796895,82.6309067688378,,
21,0.6246690273589406,82.37547892720306,,
22,0.6080827222777814,82.24776500638569,,
23,0.6031738225832144,81.60919540229885,,
24,0.555216971104477,85.18518518518519,,
25,0.5424226206533449,84.92975734355045,0.5676432896888893,83.96946564885496
26,0.5264704351719007,85.56832694763729,,
27,0.5446469259292535,83.26947637292464,,
28,0.5075467760992233,86.84546615581098,,
29,0.48298308477852386,87.86717752234993,,
30,0.4983938879132423,86.07918263090677,,
31,0.4822241045810558,87.48403575989784,,
32,0.48359849816842404,85.69604086845466,,
33,0.4503114084554967,88.12260536398468,,
34,0.439821175155664,87.86717752234993,,
35,0.4419621873556578,87.9948914431673,,
36,0.43225781541522285,89.14431673052363,,
37,0.41160056067304746,89.272030651341,,
38,0.4309779059232271,87.86717752234993,,
39,0.3962806110790102,89.65517241379311,,
40,0.4146080905069641,88.25031928480205,,
41,0.3801539066803105,88.63346104725414,,
42,0.39863659123655787,88.88888888888889,,
43,0.34747007877433894,91.18773946360153,,
44,0.356722637839701,90.67688378033206,,
45,0.3660004153790602,90.80459770114942,,
46,0.3767655740752531,89.52745849297574,,
47,0.3571892838977458,89.52745849297574,,
48,0.35161532320814876,89.272030651341,,
49,0.3451475311132531,90.67688378033206,,
50,0.36030919539669615,89.65517241379311,0.46941679881046744,88.16793893129771
