epoch,train_loss,train_acc,test_loss,test_acc
1,0.6879468466468359,55.98845598845599,0.6856899261474609,55.84415584415584
2,0.6875506224914375,55.98845598845599,,
3,0.6849891268157684,55.98845598845599,,
4,0.6814210725381089,55.98845598845599,,
5,0.6807386198257127,55.98845598845599,,
6,0.6773280532329113,55.98845598845599,,
7,0.6733260208050066,56.132756132756136,,
8,0.6697791776099762,55.84415584415584,,
9,0.6644539686852547,55.84415584415584,,
10,0.6587660026240658,56.42135642135642,,
11,0.6538998211961116,59.5959595959596,,
12,0.6472971288844792,58.58585858585859,,
13,0.6356848186744756,64.7907647907648,,
14,0.6299197820874004,63.34776334776335,,
15,0.631540577649038,64.5021645021645,,
16,0.6168058459548895,67.67676767676768,,
17,0.6149032884001904,66.95526695526695,,
18,0.6070067760404226,68.25396825396825,,
19,0.5948189157686192,69.11976911976912,,
20,0.5990264906855717,67.24386724386724,,
21,0.5933099966200571,67.96536796536796,,
22,0.575943350619912,70.41847041847042,,
23,0.5770259048859623,71.42857142857143,,
24,0.5737918192174012,71.71717171717172,,
25,0.5665824876031146,72.005772005772,0.5921652324787983,68.83116883116882
26,0.5525509447160394,73.16017316017316,,
27,0.5476540378677897,72.58297258297259,,
28,0.547809870857181,73.44877344877345,,
29,0.538080142001913,72.43867243867244,,
30,0.5449939475947129,74.31457431457432,,
31,0.5243857381663797,73.5930735930736,,
32,0.5326453068039634,73.16017316017316,,
33,0.5286436025026384,72.2943722943723,,
34,0.5349523852569888,73.16017316017316,,
35,0.5174454182687432,75.32467532467533,,
36,0.5156058329782445,76.76767676767676,,
37,0.5159275720989893,74.17027417027417,,
38,0.5030469355559108,75.75757575757575,,
39,0.487020866179363,75.03607503607503,,
40,0.506604097536288,75.61327561327562,,
41,0.5072003924657428,75.75757575757575,,
42,0.4824789175911555,77.4891774891775,,
43,0.5010409784351421,76.33477633477634,,
44,0.48527440665260196,76.91197691197691,,
45,0.48071054832587856,77.77777777777777,,
46,0.47256408582346093,76.47907647907648,,
47,0.4684138186222203,75.9018759018759,,
48,0.4737875767772504,77.2005772005772,,
49,0.479589207003815,75.75757575757575,,
50,0.46078589309173573,78.21067821067821,0.5642400585211717,74.02597402597402
51,0.45068724606116267,79.07647907647907,,
52,0.4749588832624719,79.65367965367966,,
53,0.450234398654357,78.06637806637806,,
54,0.45746948222749334,79.65367965367966,,
55,0.4599780962408707,77.77777777777777,,
56,0.4503619391336758,80.37518037518038,,
57,0.44716405868530273,79.22077922077922,,
58,0.46222368858937407,78.64357864357865,,
59,0.455678328764215,77.34487734487735,,
60,0.44181569709750307,80.8080808080808,,
61,0.45597672918314197,78.35497835497836,,
62,0.4522988024728123,79.50937950937951,,
63,0.44857740720457157,79.07647907647907,,
64,0.4287397863630953,80.23088023088023,,
65,0.4462182175201427,80.37518037518038,,
66,0.4429370407848303,79.22077922077922,,
67,0.41881021369157245,79.65367965367966,,
68,0.4310723105915869,79.94227994227994,,
69,0.43535065784254806,79.36507936507937,,
70,0.4196844412306859,79.36507936507937,,
71,0.4156570131816561,81.0966810966811,,
72,0.42997890211975076,80.51948051948052,,
73,0.4171117174332964,82.1067821067821,,
74,0.4214983173091002,78.93217893217893,,
75,0.42782258329453404,80.51948051948052,0.5366713133725253,77.92207792207792
76,0.41135043073526195,80.37518037518038,,
77,0.4018741843504307,80.51948051948052,,
78,0.4100494128457052,81.96248196248196,,
79,0.40765403019745455,80.95238095238095,,
80,0.43323847307443275,80.08658008658008,,
81,0.40033067980025927,82.82828282828282,,
82,0.40674013097220857,81.24098124098124,,
83,0.39814956054026945,81.96248196248196,,
84,0.43370441638718094,80.23088023088023,,
85,0.4221212211109343,78.78787878787878,,
86,0.40777108791414624,82.1067821067821,,
87,0.38151957879506837,82.68398268398268,,
88,0.39080818453306415,81.96248196248196,,
89,0.3894061944830469,83.69408369408369,,
90,0.39028243933405193,82.3953823953824,,
91,0.38772743686625105,82.68398268398268,,
92,0.3992508736050662,82.82828282828282,,
93,0.400301150622822,81.38528138528139,,
94,0.39559161095392137,83.40548340548341,,
95,0.40727011022973714,80.08658008658008,,
96,0.38463202441409555,82.25108225108225,,
97,0.38725726003254646,81.81818181818181,,
98,0.3845583028865583,82.25108225108225,,
99,0.381815866130427,81.96248196248196,,
100,0.37158976910262226,85.28138528138528,0.5272672230547125,80.51948051948052
101,0.3801136640415219,82.53968253968254,,
102,0.40742244110220954,81.81818181818181,,
103,0.4020942308083929,81.0966810966811,,
104,0.39026472494973763,82.82828282828282,,
105,0.38424719442192784,82.25108225108225,,
106,0.3851455760552598,81.52958152958153,,
107,0.3763844517273304,81.67388167388168,,
108,0.36119761727589034,84.55988455988457,,
109,0.3882975440907788,83.40548340548341,,
110,0.3704665767682063,82.68398268398268,,
111,0.3963981463451578,81.38528138528139,,
112,0.36478775464439117,83.98268398268398,,
113,0.3842493852151593,82.25108225108225,,
114,0.35998564838158964,85.56998556998558,,
115,0.35842752628684216,85.42568542568543,,
116,0.39563984687280174,82.25108225108225,,
117,0.36616373857722484,84.7041847041847,,
118,0.37421225138212866,82.68398268398268,,
119,0.3921799548776635,82.53968253968254,,
120,0.37835242312191886,83.69408369408369,,
121,0.34966441199807036,83.98268398268398,,
122,0.3707789590778461,84.12698412698413,,
123,0.36894095305240515,83.54978354978356,,
124,0.35125755936896474,84.84848484848484,,
125,0.350768771092441,84.55988455988457,0.5281723025557282,81.81818181818181
126,0.34453296644175035,85.13708513708514,,
127,0.35031303178524387,86.002886002886,,
128,0.3417855752752973,85.71428571428571,,
129,0.3366924873613692,87.01298701298701,,
130,0.34483028821442896,83.54978354978356,,
131,0.3618806338241434,84.12698412698413,,
132,0.3567013145138175,84.27128427128427,,
133,0.36672023097846074,84.41558441558442,,
134,0.3605969666058539,83.69408369408369,,
135,0.3494778447508984,85.71428571428571,,
136,0.33632625245944764,86.86868686868686,,
137,0.33777073847095,84.41558441558442,,
138,0.33757573439273314,85.13708513708514,,
139,0.33232160916748155,86.2914862914863,,
140,0.3479858086394713,84.12698412698413,,
141,0.3525543554348691,84.12698412698413,,
142,0.3637252459020326,82.97258297258297,,
143,0.3451036774750912,85.85858585858585,,
144,0.3608485660253665,83.83838383838383,,
145,0.34945719453679536,85.42568542568543,,
146,0.3215511876009243,86.58008658008659,,
147,0.3401492922251015,83.83838383838383,,
148,0.3405782788518875,86.14718614718615,,
149,0.330774997606938,86.58008658008659,,
150,0.3566446906388408,84.27128427128427,0.5392725885688484,81.81818181818181
151,0.3155840728620086,86.002886002886,,
152,0.355279530260126,83.69408369408369,,
153,0.34864977853638784,84.99278499278499,,
154,0.3290248288736715,85.85858585858585,,
155,0.32010930587374975,86.2914862914863,,
156,0.35107746759018343,83.98268398268398,,
157,0.34191750346926214,84.12698412698413,,
158,0.3576314119893579,84.99278499278499,,
159,0.3409473855494593,85.28138528138528,,
160,0.3550198317477197,83.69408369408369,,
161,0.34898991596819173,84.7041847041847,,
162,0.3568764647407105,83.98268398268398,,
163,0.3428734822190685,85.42568542568543,,
164,0.33600326465149805,86.14718614718615,,
165,0.33185820728755444,85.28138528138528,,
166,0.33491949627409767,84.84848484848484,,
167,0.34475041338891693,84.99278499278499,,
168,0.31810727848807113,85.56998556998558,,
169,0.34963450149712283,84.84848484848484,,
170,0.31057696128304385,86.72438672438672,,
171,0.33347999456124905,85.56998556998558,,
172,0.33708235694560484,85.28138528138528,,
173,0.333019181064627,86.2914862914863,,
174,0.33378606604635286,85.85858585858585,,
175,0.319682564398255,86.2914862914863,0.5188185804850095,80.51948051948052
176,0.33534768129151965,86.58008658008659,,
177,0.3168631913342001,87.3015873015873,,
178,0.31857106222906845,86.72438672438672,,
179,0.3323564605537431,86.002886002886,,
180,0.324438156632634,87.44588744588745,,
181,0.32918144661454757,85.13708513708514,,
182,0.32055476703513064,86.14718614718615,,
183,0.325320566274645,85.56998556998558,,
184,0.3223495129038933,85.56998556998558,,
185,0.34028062314698193,86.43578643578644,,
186,0.3290519060682597,84.84848484848484,,
187,0.31177775353236287,87.15728715728716,,
188,0.3195183353248613,86.002886002886,,
189,0.35175863269603613,84.41558441558442,,
190,0.32498706300967356,86.43578643578644,,
191,0.31917579379604666,86.43578643578644,,
192,0.3031757276768636,86.14718614718615,,
193,0.31184318158533664,87.01298701298701,,
194,0.33356946835786233,85.42568542568543,,
195,0.3012940681513942,87.44588744588745,,
196,0.2982103011824868,88.74458874458874,,
197,0.31956746770017935,86.86868686868686,,
198,0.31434606576894786,85.71428571428571,,
199,0.29397658317808123,87.01298701298701,,
200,0.34796273433112823,84.55988455988457,0.5518889899377699,79.22077922077922
201,0.31379310292168955,86.43578643578644,,
202,0.31378753427389205,87.5901875901876,,
203,0.3073117629575179,87.44588744588745,,
204,0.3016052471008824,86.58008658008659,,
205,0.298442838253913,87.73448773448773,,
206,0.31210663673853634,85.56998556998558,,
207,0.3097928828663296,87.15728715728716,,
208,0.3009256227707966,86.58008658008659,,
209,0.2858640786588278,88.16738816738817,,
210,0.31272578847958754,86.58008658008659,,
211,0.2989463173766845,87.73448773448773,,
212,0.3162375831328773,86.58008658008659,,
213,0.3100307146450142,86.72438672438672,,
214,0.3203190772392361,86.002886002886,,
215,0.3012256683811309,86.43578643578644,,
216,0.3089927538562819,86.58008658008659,,
217,0.3016822915873658,86.72438672438672,,
218,0.32945532006618783,84.27128427128427,,
219,0.30638460623581515,85.85858585858585,,
220,0.3084424164732125,86.2914862914863,,
221,0.32056397010409643,86.002886002886,,
222,0.31288103533513617,85.42568542568543,,
223,0.31042161559172693,85.85858585858585,,
224,0.2974137686633789,88.16738816738817,,
225,0.3112685183253983,86.14718614718615,0.5723430506594769,80.51948051948052
226,0.30367099903362654,87.73448773448773,,
227,0.2936759739039092,88.16738816738817,,
228,0.3103727469325582,86.58008658008659,,
229,0.3202129374506842,85.85858585858585,,
230,0.2997949509995668,87.44588744588745,,
231,0.3102111088765132,87.5901875901876,,
232,0.29527811458788567,86.58008658008659,,
233,0.3148769327959457,86.2914862914863,,
234,0.31934908574277704,85.56998556998558,,
235,0.30461807839282146,87.3015873015873,,
236,0.2982440866089142,87.5901875901876,,
237,0.2735169729027053,89.17748917748918,,
238,0.29215137180999934,86.43578643578644,,
239,0.29892545086996897,86.86868686868686,,
240,0.30595475607276135,87.01298701298701,,
241,0.31176936566227614,86.2914862914863,,
242,0.28590153417890035,87.87878787878788,,
243,0.3048644664483669,87.44588744588745,,
244,0.3012413361887911,87.15728715728716,,
245,0.29745654222081064,88.02308802308802,,
246,0.29827992753549054,87.44588744588745,,
247,0.2799479940322914,87.73448773448773,,
248,0.28550217516752546,87.15728715728716,,
249,0.2906034056521941,87.01298701298701,,
250,0.2867775767568558,88.16738816738817,0.5940259400900308,77.92207792207792
251,0.2940389072955257,86.72438672438672,,
252,0.29584170880083743,87.01298701298701,,
253,0.2845731470491979,88.45598845598846,,
254,0.2801565287089107,89.03318903318903,,
255,0.2952291793035394,87.5901875901876,,
256,0.3054954270908843,87.44588744588745,,
257,0.29243728279809417,87.3015873015873,,
258,0.2883717816371422,87.73448773448773,,
259,0.293437438437777,88.60028860028861,,
260,0.29294777256241783,86.86868686868686,,
261,0.2917783371297828,88.60028860028861,,
262,0.2974399687053063,86.14718614718615,,
263,0.2872222104629913,88.16738816738817,,
264,0.29043375912510816,88.02308802308802,,
265,0.291523689336935,87.44588744588745,,
266,0.28155615504341897,88.16738816738817,,
267,0.2911627261024533,87.01298701298701,,
268,0.2982714293527311,86.58008658008659,,
269,0.2927053416575188,86.58008658008659,,
270,0.28269959047630233,89.03318903318903,,
271,0.28767580296011025,86.14718614718615,,
272,0.27841618661412604,88.74458874458874,,
273,0.3012748156253566,85.56998556998558,,
274,0.288846629221546,87.73448773448773,,
275,0.28564903638923667,87.73448773448773,0.5983928325888398,79.22077922077922
276,0.28750728038482337,87.73448773448773,,
277,0.31813643952296755,86.86868686868686,,
278,0.2787664036278601,89.17748917748918,,
279,0.26888711808563825,89.75468975468975,,
280,0.27214400248782117,88.16738816738817,,
281,0.26559488193641323,89.46608946608947,,
282,0.2694513818402311,88.88888888888889,,
283,0.26761956050626473,88.88888888888889,,
284,0.2802428716489935,87.15728715728716,,
285,0.2966104278402755,86.14718614718615,,
286,0.3031291779544618,87.15728715728716,,
287,0.27860323643959617,88.31168831168831,,
288,0.2776948219167894,86.86868686868686,,
289,0.2668155341437369,89.17748917748918,,
290,0.2928003929394148,87.87878787878788,,
291,0.28198384086118977,89.46608946608947,,
292,0.27975636228252454,88.16738816738817,,
293,0.2765317563972776,89.17748917748918,,
294,0.2773439328993898,88.16738816738817,,
295,0.2791030530375664,88.45598845598846,,
296,0.27694594090291086,87.73448773448773,,
297,0.29494609039755265,87.01298701298701,,
298,0.2754892319397837,88.88888888888889,,
299,0.2483732503063407,90.18759018759019,,
300,0.292584039281629,87.15728715728716,0.6511846842703881,81.81818181818181
301,0.2674266557930868,88.16738816738817,,
302,0.29172475182304825,87.73448773448773,,
303,0.2745007673039237,88.88888888888889,,
304,0.26357652995235475,89.46608946608947,,
305,0.25367116781884286,90.04329004329004,,
306,0.25365877469724735,88.88888888888889,,
307,0.27754157753647835,87.44588744588745,,
308,0.26631190938522975,88.74458874458874,,
309,0.2569659002243526,89.46608946608947,,
310,0.2606875107745932,89.6103896103896,,
311,0.2516560861988673,89.75468975468975,,
312,0.2797305502997332,87.44588744588745,,
313,0.27114292788944205,89.17748917748918,,
314,0.27417238516811,89.46608946608947,,
315,0.2753252368554752,88.45598845598846,,
316,0.27400125096542666,89.32178932178932,,
317,0.2701510309441953,89.46608946608947,,
318,0.2680459696407098,89.46608946608947,,
319,0.2738366756389323,88.88888888888889,,
320,0.2723190993511402,89.17748917748918,,
321,0.27766850233766077,88.02308802308802,,
322,0.2621488869835288,89.03318903318903,,
323,0.2501347137435002,89.6103896103896,,
324,0.2596206052328257,89.03318903318903,,
325,0.26153948133297983,88.45598845598846,0.6773197147753331,80.51948051948052
326,0.26995118024717335,87.73448773448773,,
327,0.2577389268927588,88.45598845598846,,
328,0.2796465831165018,87.73448773448773,,
329,0.2717225117686851,89.17748917748918,,
330,0.27123906034411804,89.75468975468975,,
331,0.26443895185836636,88.74458874458874,,
332,0.2718393945418739,88.31168831168831,,
333,0.24778076865499327,89.46608946608947,,
334,0.27168468952522995,87.01298701298701,,
335,0.2581507267933043,89.8989898989899,,
336,0.27754151227670315,89.32178932178932,,
337,0.2660917288221924,87.73448773448773,,
338,0.25036786619202916,89.32178932178932,,
339,0.2576724708209306,89.75468975468975,,
340,0.2834956735415548,87.87878787878788,,
341,0.24104376409261946,89.8989898989899,,
342,0.2709386359475564,89.32178932178932,,
343,0.3020320413432596,85.56998556998558,,
344,0.2713346833102459,88.31168831168831,,
345,0.2577239887366907,88.45598845598846,,
346,0.2470912310855213,90.33189033189034,,
347,0.27543282672268316,88.60028860028861,,
348,0.26056836164874947,89.32178932178932,,
349,0.2517394984267319,88.74458874458874,,
350,0.2547192671598294,89.75468975468975,0.6796737475828691,80.51948051948052
351,0.2572656562404027,89.6103896103896,,
352,0.2631724015802876,88.16738816738817,,
353,0.26173766267258797,88.45598845598846,,
354,0.24025475355281803,91.05339105339105,,
355,0.26367486284408737,89.46608946608947,,
356,0.28033142382061327,89.17748917748918,,
357,0.2608346775023624,88.16738816738817,,
358,0.24617890280390542,90.62049062049061,,
359,0.2753848447256102,89.17748917748918,,
360,0.2725969131546791,88.74458874458874,,
361,0.24972195946981038,90.18759018759019,,
362,0.25913328921468054,89.03318903318903,,
363,0.2681149501477141,88.45598845598846,,
364,0.2588350772642642,89.32178932178932,,
365,0.2558442332269825,88.60028860028861,,
366,0.2654139571762704,88.45598845598846,,
367,0.2420345437303078,90.62049062049061,,
368,0.2611302932533523,88.88888888888889,,
369,0.24679874410532943,89.32178932178932,,
370,0.2358178903186132,90.47619047619048,,
371,0.24888242073733396,90.76479076479076,,
372,0.2563084245244146,89.32178932178932,,
373,0.24195960546812798,89.8989898989899,,
374,0.2546482072850154,88.74458874458874,,
375,0.23523497000917212,89.75468975468975,0.6672345732713675,81.81818181818181
376,0.23289081768212036,90.76479076479076,,
377,0.24167863235501155,90.62049062049061,,
378,0.23884319545214655,90.04329004329004,,
379,0.2705380000593342,88.60028860028861,,
380,0.25069123093968776,89.32178932178932,,
381,0.2373162189829143,91.1976911976912,,
382,0.24309100986903193,90.04329004329004,,
383,0.26538438374689993,88.45598845598846,,
384,0.2545642764193327,89.17748917748918,,
385,0.25840696464541324,89.8989898989899,,
386,0.2564978159179247,88.88888888888889,,
387,0.25427010147946566,89.46608946608947,,
388,0.236687943833903,90.76479076479076,,
389,0.2381333052187427,91.05339105339105,,
390,0.26421490585778185,89.6103896103896,,
391,0.2455635555464812,89.8989898989899,,
392,0.22320351693752352,90.04329004329004,,
393,0.24132320286993686,90.76479076479076,,
394,0.23536090180815383,90.18759018759019,,
395,0.2441647221236174,90.47619047619048,,
396,0.23523690255861435,89.6103896103896,,
397,0.24162567169291288,90.33189033189034,,
398,0.23521344520656923,89.03318903318903,,
399,0.2423491661381756,90.62049062049061,,
400,0.23169391001285758,89.8989898989899,0.6928896478244236,76.62337662337663
401,0.2519006993927997,88.88888888888889,,
402,0.2506243313889827,89.6103896103896,,
403,0.2497824506154136,88.88888888888889,,
404,0.24905443373223576,88.88888888888889,,
405,0.24006163661098068,90.47619047619048,,
406,0.2453643966030765,89.8989898989899,,
407,0.24212001507072395,90.18759018759019,,
408,0.2491095583633255,89.75468975468975,,
409,0.2474646145561213,89.75468975468975,,
410,0.23478288585145407,91.48629148629149,,
411,0.2459991073926634,88.74458874458874,,
412,0.24965779431712576,89.46608946608947,,
413,0.2349779980437236,90.33189033189034,,
414,0.23430816087371859,91.05339105339105,,
415,0.22623389013229855,90.33189033189034,,
416,0.2532923361353716,89.6103896103896,,
417,0.22116882185227255,91.34199134199135,,
418,0.23694396470532272,89.8989898989899,,
419,0.226067643682506,91.1976911976912,,
420,0.23184088642291004,90.18759018759019,,
421,0.2545404570099251,90.18759018759019,,
422,0.24753876585206944,89.6103896103896,,
423,0.2502081757532312,89.6103896103896,,
424,0.24970119985151085,88.31168831168831,,
425,0.21713087126118108,91.34199134199135,0.7259565227991575,76.62337662337663
426,0.21967051168540855,90.76479076479076,,
427,0.22826242438298455,90.04329004329004,,
428,0.23026705325767935,90.62049062049061,,
429,0.22232598743655466,91.1976911976912,,
430,0.2336808027643146,90.04329004329004,,
431,0.22671874860922495,90.47619047619048,,
432,0.2194204811345447,89.8989898989899,,
433,0.22540680924363293,89.8989898989899,,
434,0.25422213756590867,89.03318903318903,,
435,0.21668873643462275,90.76479076479076,,
436,0.20945119776078977,91.77489177489177,,
437,0.21481543710565498,90.47619047619048,,
438,0.23812472373032123,90.33189033189034,,
439,0.22796363034117617,90.33189033189034,,
440,0.2528233261507483,89.17748917748918,,
441,0.22825991462319445,91.05339105339105,,
442,0.2285497340805087,90.62049062049061,,
443,0.23328123494316144,90.47619047619048,,
444,0.2204669455300162,90.62049062049061,,
445,0.2129639032341185,91.63059163059162,,
446,0.2292942666216158,90.9090909090909,,
447,0.2303591202433835,91.05339105339105,,
448,0.22153649108234422,91.77489177489177,,
449,0.22592598960491658,91.77489177489177,,
450,0.21937448855000313,90.9090909090909,0.7262885369263686,80.51948051948052
451,0.224473859066571,91.05339105339105,,
452,0.21099073625294676,91.34199134199135,,
453,0.2281351238059103,90.18759018759019,,
454,0.23797933406816071,88.88888888888889,,
455,0.234125775649262,90.04329004329004,,
456,0.2390072357774985,90.47619047619048,,
457,0.24519264036292293,89.32178932178932,,
458,0.23126849996579157,91.05339105339105,,
459,0.229911083342107,90.76479076479076,,
460,0.21755721129767305,91.77489177489177,,
461,0.22680035349610564,90.9090909090909,,
462,0.22842660190438124,90.18759018759019,,
463,0.2459719106447473,90.33189033189034,,
464,0.22072948109557447,91.48629148629149,,
465,0.23086142280874142,90.04329004329004,,
466,0.23267485428209084,89.17748917748918,,
467,0.2476271613679751,89.75468975468975,,
468,0.2207919710663834,91.05339105339105,,
469,0.23135787588349324,90.62049062049061,,
470,0.24519601047125042,88.88888888888889,,
471,0.23738417233653572,89.6103896103896,,
472,0.23387076676665963,90.18759018759019,,
473,0.21831718405431827,91.34199134199135,,
474,0.20262732510528866,92.06349206349206,,
475,0.1973424967577275,92.35209235209236,0.7415920023794298,80.51948051948052
476,0.217347182150699,91.63059163059162,,
477,0.18698909358372764,92.64069264069263,,
478,0.1997311282768566,92.06349206349206,,
479,0.21352606491437034,91.05339105339105,,
480,0.21743553851073955,90.18759018759019,,
481,0.2337333368833619,89.75468975468975,,
482,0.21146700038839383,91.77489177489177,,
483,0.2242949449955815,90.33189033189034,,
484,0.22961686239786133,90.33189033189034,,
485,0.2254997660630365,89.6103896103896,,
486,0.19652350046933986,92.4963924963925,,
487,0.2268933451870217,89.46608946608947,,
488,0.19848503826070485,91.34199134199135,,
489,0.2171016371826417,90.47619047619048,,
490,0.21894447795756453,91.63059163059162,,
491,0.20227295930079395,92.4963924963925,,
492,0.21570900439527987,91.05339105339105,,
493,0.2097632387413779,90.62049062049061,,
494,0.24545236411376778,90.04329004329004,,
495,0.2284418133182873,90.47619047619048,,
496,0.23401822956093463,89.75468975468975,,
497,0.21946224317083626,89.75468975468975,,
498,0.21720835998450091,91.1976911976912,,
499,0.21083433859448067,91.34199134199135,,
500,0.21222649112580314,90.76479076479076,0.7975793535059149,81.81818181818181
501,0.20619960871093718,91.05339105339105,,
502,0.22039142186507518,91.48629148629149,,
503,0.23748377842820567,89.75468975468975,,
504,0.22485896500975194,90.9090909090909,,
505,0.2161141573780715,91.1976911976912,,
506,0.21738020411301484,90.62049062049061,,
507,0.22235907272342995,90.04329004329004,,
508,0.22824740087315118,91.34199134199135,,
509,0.21949165259336068,91.77489177489177,,
510,0.23391136965710363,90.04329004329004,,
511,0.19818256459968947,93.21789321789322,,
512,0.19681447894886286,90.9090909090909,,
513,0.1914684477263543,92.92929292929293,,
514,0.21795287446628228,90.9090909090909,,
515,0.21782002768991313,91.77489177489177,,
516,0.20033460380281032,92.35209235209236,,
517,0.20715693572554925,91.48629148629149,,
518,0.20951999483084438,90.62049062049061,,
519,0.21721847628446198,89.6103896103896,,
520,0.21044407838694806,91.48629148629149,,
521,0.21043249837849906,90.76479076479076,,
522,0.22028747992254094,89.75468975468975,,
523,0.20573392924335268,92.35209235209236,,
524,0.23623095184005527,90.9090909090909,,
525,0.23546632488014937,90.33189033189034,0.751362474707814,83.11688311688312
526,0.2220581780479412,91.77489177489177,,
527,0.2216622547110782,90.62049062049061,,
528,0.20546131632673792,91.91919191919192,,
529,0.2175029640933996,89.8989898989899,,
530,0.21610305405626393,90.9090909090909,,
531,0.21033623216816186,91.77489177489177,,
532,0.21081683103097293,91.05339105339105,,
533,0.19545092903518402,92.35209235209236,,
534,0.2140643906767492,91.63059163059162,,
535,0.20761546397966052,91.77489177489177,,
536,0.21996561092731756,91.05339105339105,,
537,0.22028487641229946,89.6103896103896,,
538,0.1991878402181518,92.78499278499278,,
539,0.20047425187339343,91.91919191919192,,
540,0.1939068063771054,92.78499278499278,,
541,0.2091771848015971,91.91919191919192,,
542,0.2507085934345856,89.75468975468975,,
543,0.2187741328283478,91.05339105339105,,
544,0.20989201375394845,91.63059163059162,,
545,0.22863965446578305,90.62049062049061,,
546,0.2280192862857472,91.77489177489177,,
547,0.20627180020315478,91.1976911976912,,
548,0.22455724030948132,91.1976911976912,,
549,0.22380625066303073,90.18759018759019,,
550,0.21584741859246598,90.9090909090909,0.7784412332943508,83.11688311688312
551,0.213278248511029,93.21789321789322,,
552,0.1993271570443075,91.34199134199135,,
553,0.20559022140193295,91.48629148629149,,
554,0.18969940229669793,91.77489177489177,,
555,0.22469086666600874,91.48629148629149,,
556,0.2039525904632234,91.1976911976912,,
557,0.21402559557346382,91.05339105339105,,
558,0.2003769227780649,92.20779220779221,,
559,0.21800960030562605,91.48629148629149,,
560,0.20082934558778615,91.77489177489177,,
561,0.18513305644366304,92.35209235209236,,
562,0.19776696379566605,90.9090909090909,,
563,0.20711434616412952,91.05339105339105,,
564,0.19320605000720223,93.07359307359307,,
565,0.2020445821691213,92.64069264069263,,
566,0.1984980155809273,91.1976911976912,,
567,0.18583588003252147,94.22799422799423,,
568,0.21186504731274614,91.34199134199135,,
569,0.18194564739390026,92.20779220779221,,
570,0.21024150791622342,90.9090909090909,,
571,0.1789940292980592,92.06349206349206,,
572,0.20976330229171256,90.76479076479076,,
573,0.18877729889634368,92.92929292929293,,
574,0.19317099460619697,92.20779220779221,,
575,0.19273814957852314,90.62049062049061,0.8010599520299342,83.11688311688312
576,0.1955336236850524,92.20779220779221,,
577,0.20542249814600483,91.48629148629149,,
578,0.19721091554794476,91.05339105339105,,
579,0.1872644554743003,92.06349206349206,,
580,0.19305562917116229,92.4963924963925,,
581,0.1930278330224245,91.34199134199135,,
582,0.19500625593128143,92.20779220779221,,
583,0.17914427221251428,92.35209235209236,,
584,0.19552203956964556,92.35209235209236,,
585,0.19467655181196689,92.06349206349206,,
586,0.1856645934853547,92.64069264069263,,
587,0.19620887623376831,91.77489177489177,,
588,0.19197199819407937,92.20779220779221,,
589,0.19174436601295444,92.06349206349206,,
590,0.18622819905829163,92.35209235209236,,
591,0.22004263296529844,90.9090909090909,,
592,0.1948805677383321,91.63059163059162,,
593,0.19291969394098973,92.35209235209236,,
594,0.1915479712564536,91.91919191919192,,
595,0.18677825083980312,92.78499278499278,,
596,0.19923008965465414,90.9090909090909,,
597,0.20185662305565796,91.1976911976912,,
598,0.17841935772744436,92.78499278499278,,
599,0.185782717355402,91.91919191919192,,
600,0.20458370808399085,91.05339105339105,0.8412240070182008,80.51948051948052
601,0.209779721575898,90.33189033189034,,
602,0.1908618521810782,92.78499278499278,,
603,0.19619886471767617,92.20779220779221,,
604,0.21273102998346477,90.76479076479076,,
605,0.2144018498721061,91.05339105339105,,
606,0.2146171530356569,90.9090909090909,,
607,0.1926137132820113,91.63059163059162,,
608,0.1891000349972327,93.07359307359307,,
609,0.20322355172162793,91.63059163059162,,
610,0.19392903800113032,92.78499278499278,,
611,0.20002749751484583,92.78499278499278,,
612,0.20138810461045686,90.18759018759019,,
613,0.19166484332144862,92.20779220779221,,
614,0.19935020615184118,91.77489177489177,,
615,0.19319009445446395,91.63059163059162,,
616,0.18654813139039544,93.36219336219337,,
617,0.18052181607437512,91.77489177489177,,
618,0.18013846710281284,92.35209235209236,,
619,0.17925818176324576,93.21789321789322,,
620,0.19578313122236024,91.48629148629149,,
621,0.18394589628406074,92.92929292929293,,
622,0.2007545695074365,91.77489177489177,,
623,0.19032520563227445,91.34199134199135,,
624,0.18229716620575986,93.07359307359307,,
625,0.19224449805109015,92.06349206349206,0.837372383514008,83.11688311688312
626,0.20038868665351153,92.20779220779221,,
627,0.19592412609558602,92.06349206349206,,
628,0.18058080114370473,93.36219336219337,,
629,0.2053876519848258,91.91919191919192,,
630,0.19305473652064886,92.35209235209236,,
631,0.19713895735673573,92.35209235209236,,
632,0.18126981018425584,92.20779220779221,,
633,0.21666292876306206,90.9090909090909,,
634,0.1844083836240342,92.20779220779221,,
635,0.2135366905805847,89.17748917748918,,
636,0.1846427157370731,92.64069264069263,,
637,0.2047646731181234,91.1976911976912,,
638,0.1842609763771704,91.77489177489177,,
639,0.1880229434608596,92.20779220779221,,
640,0.18728052552730318,93.07359307359307,,
641,0.19448067963897409,92.20779220779221,,
642,0.17661128609211413,93.07359307359307,,
643,0.20248832253666668,91.48629148629149,,
644,0.16985132216246096,92.92929292929293,,
645,0.18098042271009943,92.06349206349206,,
646,0.1656088801302435,92.92929292929293,,
647,0.16990008173996923,93.93939393939394,,
648,0.18425334489018713,92.35209235209236,,
649,0.18676458063104,91.63059163059162,,
650,0.19600054230352845,92.06349206349206,0.8565195466016794,81.81818181818181
651,0.18964874950838295,91.48629148629149,,
652,0.20018469938984165,91.48629148629149,,
653,0.17252251535955102,93.36219336219337,,
654,0.19448103103383538,91.48629148629149,,
655,0.18228312690364679,92.06349206349206,,
656,0.19047795232885328,90.9090909090909,,
657,0.18727889850542143,92.4963924963925,,
658,0.18385667718334114,92.78499278499278,,
659,0.19532523143224817,91.1976911976912,,
660,0.18959241901211235,91.77489177489177,,
661,0.20101666404539115,91.05339105339105,,
662,0.187498557527817,92.64069264069263,,
663,0.18595031870348974,93.65079365079364,,
664,0.19539559512126325,91.48629148629149,,
665,0.1904839633347152,92.35209235209236,,
666,0.17493855840328967,91.63059163059162,,
667,0.19869819946296804,91.34199134199135,,
668,0.18681995297041634,92.35209235209236,,
669,0.18204510641992522,93.07359307359307,,
670,0.16871427181264195,93.79509379509379,,
671,0.1826610884496144,92.4963924963925,,
672,0.16500430050995443,92.92929292929293,,
673,0.1820539669557051,92.64069264069263,,
674,0.17462661774213523,93.07359307359307,,
675,0.16561655960923322,93.21789321789322,0.9175116953911719,83.11688311688312
676,0.19759174585718384,92.64069264069263,,
677,0.16679399169196643,92.06349206349206,,
678,0.2012656239569617,91.1976911976912,,
679,0.17824255255780694,92.78499278499278,,
680,0.169074381154681,93.21789321789322,,
681,0.15238495495756296,94.22799422799423,,
682,0.208891590672826,91.77489177489177,,
683,0.17114496654138764,93.79509379509379,,
684,0.18895429166364464,91.91919191919192,,
685,0.18156183331473738,91.91919191919192,,
686,0.16887256704152576,93.21789321789322,,
687,0.1727934485734111,92.78499278499278,,
688,0.2066998054161883,91.48629148629149,,
689,0.1670067108640767,93.21789321789322,,
690,0.16708357441863972,92.4963924963925,,
691,0.17084786281343092,93.07359307359307,,
692,0.18170491140470188,92.92929292929293,,
693,0.1680067137614817,92.35209235209236,,
694,0.1868317611246742,92.20779220779221,,
695,0.183132474527064,91.91919191919192,,
696,0.1624785941981134,93.79509379509379,,
697,0.175352432317548,92.64069264069263,,
698,0.1754332332082985,93.36219336219337,,
699,0.15930395669063277,94.66089466089466,,
700,0.1773822156639842,92.06349206349206,0.9084397949181594,80.51948051948052
701,0.17314019863739674,93.07359307359307,,
702,0.17513596317307514,92.35209235209236,,
703,0.18248773731753595,92.20779220779221,,
704,0.17576104785284782,92.78499278499278,,
705,0.16589712729330833,94.08369408369408,,
706,0.19453779912270164,91.48629148629149,,
707,0.18235882767308154,92.92929292929293,,
708,0.19879159948440514,91.63059163059162,,
709,0.20226798700047777,92.4963924963925,,
710,0.20042205258967385,91.05339105339105,,
711,0.17874070384081395,92.92929292929293,,
712,0.16657842586050817,92.06349206349206,,
713,0.17708579452458398,93.07359307359307,,
714,0.15127075428054446,94.22799422799423,,
715,0.19122220186128927,91.34199134199135,,
716,0.19185012495104883,91.77489177489177,,
717,0.17366163088022202,93.50649350649351,,
718,0.18992926581382408,91.77489177489177,,
719,0.1780889237038845,93.93939393939394,,
720,0.15368355350490945,93.93939393939394,,
721,0.17020025752581558,94.37229437229438,,
722,0.1768388832942146,92.35209235209236,,
723,0.18616750741761828,92.78499278499278,,
724,0.16927644640508324,93.93939393939394,,
725,0.18485257038671904,92.78499278499278,0.9303378803389413,83.11688311688312
726,0.20024694670072365,91.48629148629149,,
727,0.164420769150768,93.21789321789322,,
728,0.16798216573259703,94.22799422799423,,
729,0.16781111906617235,93.07359307359307,,
730,0.17743590082785096,92.78499278499278,,
731,0.18165783921705525,92.78499278499278,,
732,0.14035958376905275,94.22799422799423,,
733,0.18951260523190575,92.78499278499278,,
734,0.18087608060795507,92.92929292929293,,
735,0.18514380353525775,92.06349206349206,,
736,0.1731151310595298,92.35209235209236,,
737,0.17502462784363249,93.36219336219337,,
738,0.17958555636392615,92.78499278499278,,
739,0.20075196715832444,90.9090909090909,,
740,0.14382150674623156,94.94949494949495,,
741,0.17829238387459048,93.36219336219337,,
742,0.16779578392209774,93.36219336219337,,
743,0.1570915093196591,92.20779220779221,,
744,0.17486004685663215,93.07359307359307,,
745,0.17243343078723503,93.36219336219337,,
746,0.17436460914119842,93.36219336219337,,
747,0.16372655164369773,94.51659451659452,,
748,0.15998553933003248,92.64069264069263,,
749,0.17872414779869508,92.64069264069263,,
750,0.1816144816330157,92.35209235209236,0.8979896353436755,81.81818181818181
751,0.16513293912744453,93.21789321789322,,
752,0.15870948563750517,93.36219336219337,,
753,0.19330940076283046,92.35209235209236,,
754,0.1653552038587017,93.79509379509379,,
755,0.1679005946259822,93.50649350649351,,
756,0.1678020048881162,92.92929292929293,,
757,0.16577243784638754,92.35209235209236,,
758,0.15185448114490097,94.94949494949495,,
759,0.1622485054057484,94.08369408369408,,
760,0.16091077332888848,93.93939393939394,,
761,0.187439740295448,92.64069264069263,,
762,0.1461874803509375,94.08369408369408,,
763,0.18304123159519478,91.05339105339105,,
764,0.16463129354632777,93.07359307359307,,
765,0.15866056824315333,94.08369408369408,,
766,0.1632237367299728,92.78499278499278,,
767,0.16347090002622397,92.64069264069263,,
768,0.1732281945312522,93.79509379509379,,
769,0.14764318983426686,93.50649350649351,,
770,0.1522602675883113,93.65079365079364,,
771,0.15730277296225573,93.50649350649351,,
772,0.16255323754954132,94.08369408369408,,
773,0.19158522561085,93.65079365079364,,
774,0.1525428644751036,94.66089466089466,,
775,0.18035133985041885,91.91919191919192,0.917686669857471,83.11688311688312
776,0.16750543600036985,93.93939393939394,,
777,0.16239864094260795,94.51659451659452,,
778,0.16706067581713457,92.78499278499278,,
779,0.15691499766849337,92.35209235209236,,
780,0.17456963086369062,93.65079365079364,,
781,0.1750546401853083,93.36219336219337,,
782,0.16286459124363517,92.78499278499278,,
783,0.1705268824427331,93.21789321789322,,
784,0.16478315825758214,92.92929292929293,,
785,0.16376871184525207,93.07359307359307,,
786,0.16801827320423177,93.50649350649351,,
787,0.1538549033551333,93.36219336219337,,
788,0.17726624394736076,92.20779220779221,,
789,0.17422053863967715,93.21789321789322,,
790,0.17083921116839929,93.21789321789322,,
791,0.16827668479682736,92.64069264069263,,
792,0.15352522073821587,93.50649350649351,,
793,0.1799612415666876,93.21789321789322,,
794,0.16844963897315282,92.92929292929293,,
795,0.18052578830895313,92.78499278499278,,
796,0.19049782866093332,92.20779220779221,,
797,0.1662227859959802,93.79509379509379,,
798,0.16071995785312046,93.07359307359307,,
799,0.1529732591554544,93.79509379509379,,
800,0.15114538917723844,94.51659451659452,0.9358634499760418,83.11688311688312
801,0.14909914054223813,94.08369408369408,,
802,0.17718552550755193,92.06349206349206,,
803,0.15838886253417483,93.79509379509379,,
804,0.17231283600282188,92.92929292929293,,
805,0.16439347853951297,92.78499278499278,,
806,0.15423367106897318,93.79509379509379,,
807,0.14481704962718023,93.93939393939394,,
808,0.1716023413047818,92.35209235209236,,
809,0.17549499644646568,93.93939393939394,,
810,0.15454638980511806,92.78499278499278,,
811,0.1679789399214809,93.07359307359307,,
812,0.151757629338281,93.36219336219337,,
813,0.14025706973082747,94.08369408369408,,
814,0.15997303786860917,93.21789321789322,,
815,0.15876979171197653,93.50649350649351,,
816,0.16353400307472307,93.21789321789322,,
817,0.16886515371651964,93.50649350649351,,
818,0.19406188256544038,92.06349206349206,,
819,0.1756218165632278,93.79509379509379,,
820,0.17454546310570665,91.34199134199135,,
821,0.18318086584108045,93.50649350649351,,
822,0.16946278127584966,93.21789321789322,,
823,0.1710336236404134,93.50649350649351,,
824,0.1377515173900179,93.50649350649351,,
825,0.16242742121305645,93.07359307359307,1.028521373674467,84.41558441558442
826,0.16255764590111302,92.64069264069263,,
827,0.17629734743897188,93.07359307359307,,
828,0.18461346089796932,93.36219336219337,,
829,0.18489500728649494,93.65079365079364,,
830,0.16510305663336924,93.36219336219337,,
831,0.15086345174611904,94.37229437229438,,
832,0.15977879072852638,93.50649350649351,,
833,0.16991262494829654,92.78499278499278,,
834,0.1614113025700547,93.79509379509379,,
835,0.16541696429080605,93.36219336219337,,
836,0.15117978075624028,93.93939393939394,,
837,0.13958890695248502,94.8051948051948,,
838,0.1752466509954582,93.50649350649351,,
839,0.1669709591993264,93.93939393939394,,
840,0.15388155091032493,92.64069264069263,,
841,0.17277250340017578,92.78499278499278,,
842,0.16940188612708282,93.65079365079364,,
843,0.150142858038733,94.08369408369408,,
844,0.15419566418443406,94.51659451659452,,
845,0.16004910841476694,92.64069264069263,,
846,0.16154734862358194,93.79509379509379,,
847,0.16933192139085582,94.08369408369408,,
848,0.15631629937310929,93.93939393939394,,
849,0.15389694549777636,93.36219336219337,,
850,0.1926908739674487,92.06349206349206,1.042620408070552,83.11688311688312
851,0.1539803525758168,94.94949494949495,,
852,0.12903331037379617,94.94949494949495,,
853,0.14654337071839177,93.93939393939394,,
854,0.1647194755004254,91.91919191919192,,
855,0.16119656577426805,94.51659451659452,,
856,0.18299179210819433,93.07359307359307,,
857,0.15813101119594314,93.50649350649351,,
858,0.1347189187589619,95.67099567099567,,
859,0.1603162099014629,94.22799422799423,,
860,0.15891347950241094,93.36219336219337,,
861,0.1577484527277568,93.21789321789322,,
862,0.15550826511427782,94.22799422799423,,
863,0.1336591759801427,95.0937950937951,,
864,0.13796757185269917,95.0937950937951,,
865,0.14062935971986895,94.66089466089466,,
866,0.1525861837647178,93.93939393939394,,
867,0.14798776375621686,93.79509379509379,,
868,0.16405989068411128,92.35209235209236,,
869,0.17163470494970787,93.36219336219337,,
870,0.17247869818327574,93.07359307359307,,
871,0.13651635751066377,95.0937950937951,,
872,0.1410054090670693,94.51659451659452,,
873,0.16071399379774262,93.36219336219337,,
874,0.17217359238157712,93.65079365079364,,
875,0.16363927394065678,93.21789321789322,1.0459882191249303,81.81818181818181
876,0.13742630581491094,94.8051948051948,,
877,0.13329986280198566,94.37229437229438,,
878,0.1598095778069455,92.20779220779221,,
879,0.13586834129241723,94.8051948051948,,
880,0.1580344714858659,93.50649350649351,,
881,0.13934427763175483,95.38239538239539,,
882,0.13730806716305202,94.51659451659452,,
883,0.15882785517243939,93.36219336219337,,
884,0.15830643754586857,93.93939393939394,,
885,0.1458704409446207,94.08369408369408,,
886,0.15318452443223324,94.08369408369408,,
887,0.14760131616290514,93.65079365079364,,
888,0.1298309329004816,95.0937950937951,,
889,0.16077743659889887,92.92929292929293,,
890,0.1657695115730704,93.21789321789322,,
891,0.1394178442667745,94.8051948051948,,
892,0.1388082712845713,94.51659451659452,,
893,0.14598701655606686,93.79509379509379,,
894,0.13729189416933885,94.37229437229438,,
895,0.15651106064625805,93.36219336219337,,
896,0.16765476920215944,94.66089466089466,,
897,0.1510825955495776,93.65079365079364,,
898,0.1536526417663431,93.65079365079364,,
899,0.15762450365406094,93.36219336219337,,
900,0.15748175277682439,93.79509379509379,1.0309124519298603,83.11688311688312
901,0.14607907951007157,94.37229437229438,,
902,0.1397617542941505,94.94949494949495,,
903,0.13893171076220695,95.23809523809524,,
904,0.13210637048746945,94.22799422799423,,
905,0.13730014557446235,94.08369408369408,,
906,0.15869853988526358,93.79509379509379,,
907,0.13498373431238261,95.0937950937951,,
908,0.15177885644019595,92.4963924963925,,
909,0.14359069428531637,94.08369408369408,,
910,0.14567208251395783,94.08369408369408,,
911,0.15706644396460245,92.92929292929293,,
912,0.15041887734359477,94.22799422799423,,
913,0.13605102997751636,94.8051948051948,,
914,0.13648816305622566,94.22799422799423,,
915,0.13432370204731156,94.08369408369408,,
916,0.1420178051828306,93.50649350649351,,
917,0.1410154006719417,94.22799422799423,,
918,0.1517210172712373,94.51659451659452,,
919,0.11232752767680441,95.67099567099567,,
920,0.14800302875678434,93.07359307359307,,
921,0.17116729596906582,92.35209235209236,,
922,0.14166328946227935,95.23809523809524,,
923,0.1656635660156715,92.35209235209236,,
924,0.13638590179480514,94.66089466089466,,
925,0.15281832955702387,94.22799422799423,0.9549447731538252,83.11688311688312
926,0.14476075362075458,93.93939393939394,,
927,0.12805884130417355,94.66089466089466,,
928,0.1440544259582591,94.66089466089466,,
929,0.13211601584461688,94.51659451659452,,
930,0.1625284989825403,93.65079365079364,,
931,0.13559760616132707,94.08369408369408,,
932,0.14880595972269645,94.37229437229438,,
933,0.14074269362858363,94.66089466089466,,
934,0.1477017406855332,93.65079365079364,,
935,0.16032806787139925,92.4963924963925,,
936,0.13713851519477316,94.51659451659452,,
937,0.13963007887699044,93.93939393939394,,
938,0.14814388138090206,93.07359307359307,,
939,0.1631762461970637,93.07359307359307,,
940,0.14881286214268397,93.65079365079364,,
941,0.14627957517149473,94.22799422799423,,
942,0.15037785544131396,93.65079365079364,,
943,0.1481952822752415,94.66089466089466,,
944,0.14854956404299274,93.36219336219337,,
945,0.14483502765238543,93.65079365079364,,
946,0.15873633013315186,92.20779220779221,,
947,0.15662163647340577,93.65079365079364,,
948,0.14641050583162865,94.66089466089466,,
949,0.13400993320935045,94.22799422799423,,
950,0.12588706915770775,94.66089466089466,1.0131948458683955,83.11688311688312
951,0.12877466840317411,95.81529581529581,,
952,0.14065288633651074,93.50649350649351,,
953,0.13500058810088197,94.8051948051948,,
954,0.13506310380468464,94.8051948051948,,
955,0.11305684651131238,95.81529581529581,,
956,0.14900887112467837,93.65079365079364,,
957,0.15713400432428756,93.65079365079364,,
958,0.13361501614704277,95.38239538239539,,
959,0.13032763973846065,93.93939393939394,,
960,0.14398491376148156,93.21789321789322,,
961,0.1330455279469619,94.66089466089466,,
962,0.14682464936713205,93.36219336219337,,
963,0.13942180520453065,94.66089466089466,,
964,0.13055440714693,94.37229437229438,,
965,0.13516599428000045,94.22799422799423,,
966,0.1521898199297477,94.08369408369408,,
967,0.1556826935379536,93.36219336219337,,
968,0.15619169784142686,93.21789321789322,,
969,0.13998107751361047,94.94949494949495,,
970,0.12419595714513358,94.51659451659452,,
971,0.1433253794005423,94.22799422799423,,
972,0.1286410259306001,94.66089466089466,,
973,0.15503072390308628,94.22799422799423,,
974,0.14434484320371527,94.22799422799423,,
975,0.14879700309270388,93.36219336219337,0.9987063353711908,81.81818181818181
976,0.12604252842468616,95.52669552669553,,
977,0.12246453667443896,95.67099567099567,,
978,0.14485134633760605,94.51659451659452,,
979,0.13337075972625875,94.37229437229438,,
980,0.13597247059340084,95.52669552669553,,
981,0.1295285104554883,94.94949494949495,,
982,0.12010514012082314,95.0937950937951,,
983,0.14391886224650374,94.66089466089466,,
984,0.19952166381508413,93.79509379509379,,
985,0.14196398928438947,94.66089466089466,,
986,0.1317333762828277,94.37229437229438,,
987,0.14591084358324047,93.93939393939394,,
988,0.13433949037590756,94.8051948051948,,
989,0.12633230082400435,95.67099567099567,,
990,0.1451500764312854,94.22799422799423,,
991,0.1436057910000607,93.36219336219337,,
992,0.15704621731546878,93.93939393939394,,
993,0.13748276541157375,94.94949494949495,,
994,0.14839018849067356,94.51659451659452,,
995,0.15176833059751627,94.37229437229438,,
996,0.14759250719256128,94.51659451659452,,
997,0.12320873528331905,95.67099567099567,,
998,0.13039134718574485,95.38239538239539,,
999,0.15318977943531534,94.37229437229438,,
1000,0.14054992787195922,94.66089466089466,0.9856775441727081,81.81818181818181
