epoch,train_loss,train_acc,test_loss,test_acc
1,0.6877838237289055,55.84415584415584,0.6858492849709151,55.84415584415584
2,0.6868623386729847,55.98845598845599,,
3,0.6848014986188209,55.98845598845599,,
4,0.68668800274187,55.98845598845599,,
5,0.6851619500962515,55.98845598845599,,
6,0.6837401316107438,55.98845598845599,,
7,0.6818175474114576,55.98845598845599,,
8,0.6799235325871091,55.98845598845599,,
9,0.6756646517035249,55.98845598845599,,
10,0.6723125643200345,55.98845598845599,,
11,0.6670070766198515,55.98845598845599,,
12,0.6623814984145446,56.85425685425685,,
13,0.6557610253406981,55.55555555555556,,
14,0.6468830217014659,57.72005772005772,,
15,0.6410176509730572,61.76046176046176,,
16,0.6324927476577429,61.47186147186147,,
17,0.6307306373102153,64.21356421356421,,
18,0.6187341284614277,67.96536796536796,,
19,0.6072667891328986,65.07936507936508,,
20,0.598623951147129,70.12987012987013,,
21,0.5901492162356301,67.96536796536796,,
22,0.5968622059533091,69.84126984126983,,
23,0.5835123583351894,70.85137085137085,,
24,0.5643723517613322,70.70707070707071,,
25,0.5778248682510629,69.6969696969697,0.5639592084017667,75.32467532467533
26,0.5644819262137832,71.42857142857143,,
27,0.5590366143168826,69.26406926406926,,
28,0.5625826872530437,72.2943722943723,,
29,0.5449010374570133,74.31457431457432,,
30,0.53918681886117,74.17027417027417,,
31,0.5409920932926657,72.005772005772,,
32,0.5406824297031111,72.005772005772,,
33,0.5310280009093566,74.17027417027417,,
34,0.5389967247693226,73.16017316017316,,
35,0.5157211828025389,76.47907647907648,,
36,0.5179998275177475,76.33477633477634,,
37,0.513319576113427,75.75757575757575,,
38,0.5203666167513805,75.46897546897547,,
39,0.5000796234624898,75.46897546897547,,
40,0.4987463551811326,77.4891774891775,,
41,0.5114341507226358,75.32467532467533,,
42,0.5089958343670998,75.32467532467533,,
43,0.5037194490432739,74.17027417027417,,
44,0.49634588848460803,75.46897546897547,,
45,0.4852095896547491,77.2005772005772,,
46,0.47609426599388344,75.61327561327562,,
47,0.48537497426696324,76.19047619047619,,
48,0.47151279045217825,77.77777777777777,,
49,0.46272835724625583,77.2005772005772,,
50,0.4733515859166265,77.77777777777777,0.4915103854297043,79.22077922077922
51,0.46743441453743806,76.62337662337663,,
52,0.47539875552079724,76.62337662337663,,
53,0.46860735301159506,77.63347763347764,,
54,0.4601612183524761,77.4891774891775,,
55,0.4660091403586868,77.4891774891775,,
56,0.4752288380312541,77.4891774891775,,
57,0.4484603165032028,80.8080808080808,,
58,0.44827545575077227,79.07647907647907,,
59,0.44610168785931914,80.37518037518038,,
60,0.45174374079807494,78.35497835497836,,
61,0.4510215956927378,78.21067821067821,,
62,0.4564777279399002,79.50937950937951,,
63,0.4325261198166989,79.94227994227994,,
64,0.45339504232654326,78.78787878787878,,
65,0.44928840067221487,78.78787878787878,,
66,0.44788653011101837,79.22077922077922,,
67,0.43218159451973215,80.37518037518038,,
68,0.42400806135945507,79.79797979797979,,
69,0.4320037630299297,80.08658008658008,,
70,0.4330467590349921,78.4992784992785,,
71,0.4652470224691504,77.77777777777777,,
72,0.44428357443252164,78.35497835497836,,
73,0.45465204093879436,79.36507936507937,,
74,0.4203882896882975,78.78787878787878,,
75,0.4139750576638556,81.52958152958153,0.4565619160602619,80.51948051948052
76,0.42000694123525467,81.81818181818181,,
77,0.39818105858469766,82.1067821067821,,
78,0.4224539426670102,81.0966810966811,,
79,0.44482961550763506,79.65367965367966,,
80,0.43311717908447783,80.23088023088023,,
81,0.41364962980688735,80.95238095238095,,
82,0.4099485855146404,79.65367965367966,,
83,0.42312650651298733,80.8080808080808,,
84,0.41300157525322656,79.79797979797979,,
85,0.42405213925229523,80.66378066378067,,
86,0.4143041577432063,81.67388167388168,,
87,0.4160491268528144,80.23088023088023,,
88,0.423425153994457,80.51948051948052,,
89,0.4055721852686498,81.81818181818181,,
90,0.399159720793775,83.54978354978356,,
91,0.41872172627442156,79.22077922077922,,
92,0.4117835271582115,80.37518037518038,,
93,0.41509657599365213,81.52958152958153,,
94,0.39469960503935986,83.11688311688312,,
95,0.391972046028312,81.96248196248196,,
96,0.41872195153353364,81.0966810966811,,
97,0.3775044296038959,82.82828282828282,,
98,0.3960464026504781,82.3953823953824,,
99,0.41089517389885105,80.8080808080808,,
100,0.38748434581625857,82.82828282828282,0.4428428508244552,80.51948051948052
101,0.3970898208336053,81.96248196248196,,
102,0.38730173761194403,83.54978354978356,,
103,0.37976712083059644,82.68398268398268,,
104,0.41108281805057717,81.38528138528139,,
105,0.3904084191693888,81.96248196248196,,
106,0.3784327335429914,84.27128427128427,,
107,0.38204281601898943,82.53968253968254,,
108,0.3849896662163012,82.25108225108225,,
109,0.4026322037110597,82.53968253968254,,
110,0.3811898199037728,83.26118326118326,,
111,0.400625942933439,79.94227994227994,,
112,0.38284862434967254,82.97258297258297,,
113,0.3945257529551849,81.52958152958153,,
114,0.40009043487205476,81.67388167388168,,
115,0.36100410916244485,84.7041847041847,,
116,0.4007165405313346,82.3953823953824,,
117,0.3660002930511816,83.26118326118326,,
118,0.3872393645765461,84.12698412698413,,
119,0.3841374094180042,83.54978354978356,,
120,0.3731370176071728,83.83838383838383,,
121,0.38978796715688224,81.52958152958153,,
122,0.36589652740680123,84.12698412698413,,
123,0.38334291184275354,83.40548340548341,,
124,0.36562691914914836,83.98268398268398,,
125,0.39155926264037644,83.69408369408369,0.43671692811049423,80.51948051948052
126,0.3564111380952089,83.54978354978356,,
127,0.38041022381225187,82.97258297258297,,
128,0.39104817248612084,83.11688311688312,,
129,0.3855226366507887,82.25108225108225,,
130,0.3855337747419723,83.11688311688312,,
131,0.3717602068211609,82.3953823953824,,
132,0.37589056245864383,84.55988455988457,,
133,0.34980322652822965,84.55988455988457,,
134,0.352560210494596,83.98268398268398,,
135,0.3726831077454238,82.82828282828282,,
136,0.35197811329691614,82.68398268398268,,
137,0.3677310447113166,83.26118326118326,,
138,0.37727323914159083,83.11688311688312,,
139,0.3674512812585542,83.98268398268398,,
140,0.3724583328028262,84.84848484848484,,
141,0.3619087851064718,84.55988455988457,,
142,0.3670633498036328,84.12698412698413,,
143,0.3720088087635123,82.97258297258297,,
144,0.350819725537885,84.99278499278499,,
145,0.36904232296420725,82.97258297258297,,
146,0.36010652417142325,83.83838383838383,,
147,0.38802803072320435,83.26118326118326,,
148,0.346220910721183,86.58008658008659,,
149,0.3747195675431564,82.53968253968254,,
150,0.35277259814274775,84.84848484848484,0.4701138843189586,80.51948051948052
151,0.36412641659787554,85.28138528138528,,
152,0.3777748840023773,83.69408369408369,,
153,0.3434660591878545,84.27128427128427,,
154,0.3502768951146978,81.67388167388168,,
155,0.3603856416921767,84.27128427128427,,
156,0.33566935779728413,85.85858585858585,,
157,0.35021702637748114,84.55988455988457,,
158,0.3681055157301574,84.41558441558442,,
159,0.3603104737736446,85.28138528138528,,
160,0.3637252366560018,83.83838383838383,,
161,0.3470447130533524,84.84848484848484,,
162,0.3239264964713335,84.84848484848484,,
163,0.33801562372396177,84.99278499278499,,
164,0.3416518064546379,84.99278499278499,,
165,0.3484534837122775,84.7041847041847,,
166,0.35798416496355295,85.13708513708514,,
167,0.3527531183471239,85.56998556998558,,
168,0.34830119203867504,84.84848484848484,,
169,0.35368822360193575,85.13708513708514,,
170,0.3718981743073911,83.40548340548341,,
171,0.36587006868566097,83.83838383838383,,
172,0.35820252782682666,85.56998556998558,,
173,0.34233798192004966,83.69408369408369,,
174,0.3563193062167147,83.54978354978356,,
175,0.3639913334646954,84.41558441558442,0.5150233151076676,80.51948051948052
176,0.34620907843585996,85.13708513708514,,
177,0.35370047556029427,83.11688311688312,,
178,0.36118706007196444,84.12698412698413,,
179,0.35827625693395887,83.54978354978356,,
180,0.35019902895711374,83.69408369408369,,
181,0.3379473333793973,86.58008658008659,,
182,0.37096421280808606,84.99278499278499,,
183,0.32985910463642765,84.99278499278499,,
184,0.36041666616781104,84.12698412698413,,
185,0.35030101379446826,84.99278499278499,,
186,0.3194158202598965,86.86868686868686,,
187,0.34663598318980715,84.84848484848484,,
188,0.3429755007721817,85.13708513708514,,
189,0.3428428384863797,84.41558441558442,,
190,0.3277838911328997,86.43578643578644,,
191,0.33092519511908164,84.55988455988457,,
192,0.33117821485793264,85.85858585858585,,
193,0.36147149029748266,84.27128427128427,,
194,0.351018651610329,85.71428571428571,,
195,0.317115036655126,86.58008658008659,,
196,0.33546828759181035,85.56998556998558,,
197,0.3422277487201608,83.98268398268398,,
198,0.3329821360575688,85.85858585858585,,
199,0.3191370064174974,86.58008658008659,,
200,0.3360335367582577,84.7041847041847,0.4897797452164935,81.81818181818181
201,0.34917846463975455,84.55988455988457,,
202,0.32715886272221245,85.56998556998558,,
203,0.3236076034078694,86.86868686868686,,
204,0.3369841313293314,85.56998556998558,,
205,0.3354583586234207,85.56998556998558,,
206,0.3614519023017966,84.84848484848484,,
207,0.3477203164781843,86.43578643578644,,
208,0.3396894276830197,85.85858585858585,,
209,0.33409829153901055,86.2914862914863,,
210,0.32049001200718624,87.44588744588745,,
211,0.35664028720594243,85.13708513708514,,
212,0.3460504903765812,84.27128427128427,,
213,0.3269246310898752,86.002886002886,,
214,0.340979224159604,84.55988455988457,,
215,0.32843850697101795,86.43578643578644,,
216,0.3080900852470343,87.5901875901876,,
217,0.33381655165041335,85.28138528138528,,
218,0.3206856996896119,85.71428571428571,,
219,0.2989875382890261,88.16738816738817,,
220,0.3282171046579039,86.002886002886,,
221,0.33262647892661595,86.14718614718615,,
222,0.33402140169776706,85.13708513708514,,
223,0.3259026366077675,86.2914862914863,,
224,0.3201742150738814,86.86868686868686,,
225,0.3288453523644809,86.72438672438672,0.4981501710105252,81.81818181818181
226,0.3107468636779042,84.84848484848484,,
227,0.3076105374106425,86.14718614718615,,
228,0.3369831692260753,83.11688311688312,,
229,0.33983862730116726,86.2914862914863,,
230,0.32779330759165437,84.99278499278499,,
231,0.3316537009560185,86.2914862914863,,
232,0.31114376115936565,87.44588744588745,,
233,0.3257867031197183,86.002886002886,,
234,0.32478756237167644,86.14718614718615,,
235,0.32514779547076206,86.14718614718615,,
236,0.32519966613334667,85.28138528138528,,
237,0.31606227875529946,86.72438672438672,,
238,0.30012359232527525,86.86868686868686,,
239,0.3123413903899437,86.72438672438672,,
240,0.28912674426000357,88.16738816738817,,
241,0.31629729374146565,86.43578643578644,,
242,0.3239628812042838,86.2914862914863,,
243,0.32525475179134167,85.13708513708514,,
244,0.30749749835220425,86.58008658008659,,
245,0.31384087888279344,86.14718614718615,,
246,0.3295829401903854,87.3015873015873,,
247,0.2922583913906312,88.16738816738817,,
248,0.3197503403409735,85.71428571428571,,
249,0.31925352943408025,85.28138528138528,,
250,0.29458278305774815,88.16738816738817,0.586845241583787,80.51948051948052
251,0.30461654617500855,86.43578643578644,,
252,0.3185713043406842,86.14718614718615,,
253,0.3136653595672541,85.85858585858585,,
254,0.3154318963982498,86.14718614718615,,
255,0.3059017272910686,87.01298701298701,,
256,0.3230824600824546,86.2914862914863,,
257,0.29908287576782755,87.73448773448773,,
258,0.2874541477035478,88.16738816738817,,
259,0.3170124947766721,86.2914862914863,,
260,0.3288434761943239,86.2914862914863,,
261,0.31027934920650196,87.3015873015873,,
262,0.300677395572222,87.15728715728716,,
263,0.2995213017749236,88.16738816738817,,
264,0.2927579769453445,88.31168831168831,,
265,0.3246210589897409,86.58008658008659,,
266,0.30972452734799955,86.14718614718615,,
267,0.32052882916655545,85.28138528138528,,
268,0.31984997406322374,85.28138528138528,,
269,0.30751983031178964,87.01298701298701,,
270,0.294576733702361,88.16738816738817,,
271,0.31792219454075865,86.43578643578644,,
272,0.3022961509004128,87.15728715728716,,
273,0.3104636893643961,86.86868686868686,,
274,0.3067829405182024,87.15728715728716,,
275,0.3010760433488078,86.2914862914863,0.5634821266322941,80.51948051948052
276,0.31525089135890744,87.01298701298701,,
277,0.29617482391259975,87.01298701298701,,
278,0.31740816670750815,85.85858585858585,,
279,0.30608129621756197,86.72438672438672,,
280,0.32370499718240847,86.72438672438672,,
281,0.29933318115158,88.31168831168831,,
282,0.299923955878138,87.15728715728716,,
283,0.29346995294352113,88.60028860028861,,
284,0.2822357395725677,88.16738816738817,,
285,0.29828835651816055,87.44588744588745,,
286,0.30629176430371935,86.002886002886,,
287,0.29189209719584963,87.15728715728716,,
288,0.3144212041969423,86.86868686868686,,
289,0.28786005769973194,87.01298701298701,,
290,0.2875394344673872,87.87878787878788,,
291,0.3072206482054695,87.3015873015873,,
292,0.31559442390095105,86.002886002886,,
293,0.30540231803450923,87.15728715728716,,
294,0.2990412094118275,87.3015873015873,,
295,0.2911928180191252,88.16738816738817,,
296,0.2825737921319483,89.17748917748918,,
297,0.315122667931203,87.73448773448773,,
298,0.3211110969857564,86.14718614718615,,
299,0.28784714290848024,88.74458874458874,,
300,0.2895561150163627,87.3015873015873,0.6142305638883021,75.32467532467533
301,0.28862212561769746,87.87878787878788,,
302,0.2913756798012088,87.3015873015873,,
303,0.2975712418126165,86.86868686868686,,
304,0.3107373048732807,86.2914862914863,,
305,0.2894871173826991,87.87878787878788,,
306,0.29960409335759813,87.3015873015873,,
307,0.29181664081190917,86.14718614718615,,
308,0.3064571176299457,86.58008658008659,,
309,0.29192086744618106,88.74458874458874,,
310,0.2996338151776988,87.15728715728716,,
311,0.2952315993983336,86.58008658008659,,
312,0.2940902193903407,86.72438672438672,,
313,0.2943446020371298,87.3015873015873,,
314,0.3067155359541355,85.28138528138528,,
315,0.28403550223010615,87.15728715728716,,
316,0.30048262230073564,88.16738816738817,,
317,0.2763008065467961,88.88888888888889,,
318,0.29796900356142725,87.15728715728716,,
319,0.2883353948077082,88.02308802308802,,
320,0.320215976599491,86.72438672438672,,
321,0.28767946207678163,88.88888888888889,,
322,0.30663505542759945,86.58008658008659,,
323,0.2655111243370463,89.75468975468975,,
324,0.2735118423877512,88.88888888888889,,
325,0.30425527455314755,85.85858585858585,0.583183619109067,83.11688311688312
326,0.2961583535091529,88.45598845598846,,
327,0.2707328672962959,89.17748917748918,,
328,0.27728816202450624,87.87878787878788,,
329,0.2929888534081447,87.5901875901876,,
330,0.2965714165787676,88.60028860028861,,
331,0.2919566017853749,88.16738816738817,,
332,0.28695715796121785,88.60028860028861,,
333,0.2875644105337399,88.31168831168831,,
334,0.2730926229668214,89.32178932178932,,
335,0.2883843741504661,89.17748917748918,,
336,0.2946850677030255,87.3015873015873,,
337,0.26976952016955674,89.17748917748918,,
338,0.2847560004883514,87.87878787878788,,
339,0.2782272844888474,88.45598845598846,,
340,0.28155883512369656,88.02308802308802,,
341,0.2900696648405744,87.73448773448773,,
342,0.295382054423185,87.87878787878788,,
343,0.2685630575768531,88.16738816738817,,
344,0.28685994345216353,87.5901875901876,,
345,0.28502148480126355,87.44588744588745,,
346,0.28010572658644783,88.02308802308802,,
347,0.28400476107005607,88.60028860028861,,
348,0.271700816226298,87.5901875901876,,
349,0.2717099126541253,88.45598845598846,,
350,0.2740860580914206,88.45598845598846,0.6021027940434295,79.22077922077922
351,0.2513329561310585,89.75468975468975,,
352,0.3002905538587859,87.73448773448773,,
353,0.28710535197676,88.16738816738817,,
354,0.3086748342063348,86.43578643578644,,
355,0.26687274367950353,89.75468975468975,,
356,0.2805449229169202,87.44588744588745,,
357,0.2818326402622212,88.31168831168831,,
358,0.26433647547621403,89.32178932178932,,
359,0.29095628990927475,88.74458874458874,,
360,0.28242761077302875,87.44588744588745,,
361,0.27338273864115814,89.8989898989899,,
362,0.28290262551706763,88.60028860028861,,
363,0.26806760942200564,89.32178932178932,,
364,0.26917127703691457,88.45598845598846,,
365,0.2649363061738393,89.75468975468975,,
366,0.25173953330362,89.6103896103896,,
367,0.2743187740251615,87.87878787878788,,
368,0.2871207104294331,88.45598845598846,,
369,0.2878078378812231,87.73448773448773,,
370,0.2697512677898913,88.45598845598846,,
371,0.29296491689668247,87.44588744588745,,
372,0.2544186049467557,89.75468975468975,,
373,0.27606124924374864,88.45598845598846,,
374,0.2829851572432731,86.86868686868686,,
375,0.2670926490172335,88.31168831168831,0.6116030471665519,80.51948051948052
376,0.2700551665706552,88.31168831168831,,
377,0.2786897442009284,86.72438672438672,,
378,0.2885817042182362,87.44588744588745,,
379,0.2777073827140775,87.87878787878788,,
380,0.28941972216142375,87.87878787878788,,
381,0.2781648754127442,88.02308802308802,,
382,0.2526227825389796,89.32178932178932,,
383,0.24053218826372041,89.8989898989899,,
384,0.2550455310514995,89.75468975468975,,
385,0.2867713358366128,87.87878787878788,,
386,0.2570145380660397,89.75468975468975,,
387,0.29008563097249207,86.58008658008659,,
388,0.2639219719825197,87.5901875901876,,
389,0.27711736960242495,89.17748917748918,,
390,0.2760576186930118,88.45598845598846,,
391,0.2711441664382665,90.04329004329004,,
392,0.2711147881001449,88.45598845598846,,
393,0.2697048469367309,89.32178932178932,,
394,0.24734528227285904,90.04329004329004,,
395,0.27862122409787526,88.45598845598846,,
396,0.26591070042587117,89.17748917748918,,
397,0.27772633995844687,88.45598845598846,,
398,0.263410163497684,89.75468975468975,,
399,0.2569998998361577,89.32178932178932,,
400,0.2612344693999958,88.88888888888889,0.6661138998997675,83.11688311688312
401,0.28004688024520874,88.31168831168831,,
402,0.2709709997752528,88.45598845598846,,
403,0.28676885856694473,87.15728715728716,,
404,0.28474356950103463,87.44588744588745,,
405,0.2784021059951569,88.16738816738817,,
406,0.261567080078961,88.45598845598846,,
407,0.25091778655760905,89.8989898989899,,
408,0.2534391781339398,89.32178932178932,,
409,0.2646876962325962,89.03318903318903,,
410,0.2622649281555827,89.03318903318903,,
411,0.28919345271621777,88.16738816738817,,
412,0.24946466522643404,90.18759018759019,,
413,0.27771051681209435,88.60028860028861,,
414,0.2771656524395358,86.86868686868686,,
415,0.26156083308429084,88.31168831168831,,
416,0.2577982237199684,89.17748917748918,,
417,0.302365197462781,88.31168831168831,,
418,0.26278431255580026,88.45598845598846,,
419,0.28918252311227644,88.45598845598846,,
420,0.2370320475548721,91.05339105339105,,
421,0.2725822206527468,90.04329004329004,,
422,0.2626679830500402,89.17748917748918,,
423,0.25945225960076457,89.46608946608947,,
424,0.2554275963299546,88.88888888888889,,
425,0.24700239008295244,90.04329004329004,0.6095041551373221,79.22077922077922
426,0.2782983317605689,88.74458874458874,,
427,0.2552596509542644,88.45598845598846,,
428,0.2884592685262534,87.73448773448773,,
429,0.25013241055723906,89.46608946608947,,
430,0.24955136148315488,90.18759018759019,,
431,0.2702124852869891,89.03318903318903,,
432,0.2626966755584549,88.60028860028861,,
433,0.24142360424926615,89.46608946608947,,
434,0.2532342639449355,89.32178932178932,,
435,0.24264960509186012,88.16738816738817,,
436,0.2456361372104455,90.18759018759019,,
437,0.2751577774339596,87.3015873015873,,
438,0.23540283421331326,91.05339105339105,,
439,0.24488156690957055,90.9090909090909,,
440,0.24900234973361826,89.46608946608947,,
441,0.23575071007830412,89.32178932178932,,
442,0.2644335203528576,89.03318903318903,,
443,0.28322239678143424,88.74458874458874,,
444,0.26961423007268753,88.31168831168831,,
445,0.24864392893719467,90.47619047619048,,
446,0.26784400205419523,89.32178932178932,,
447,0.2593855142679393,89.46608946608947,,
448,0.2660787947594173,88.45598845598846,,
449,0.23730153024927705,90.9090909090909,,
450,0.2622349795335729,88.74458874458874,0.6591211921208865,77.92207792207792
451,0.25151186769164313,89.75468975468975,,
452,0.2522263230075912,88.74458874458874,,
453,0.24894843404255215,89.46608946608947,,
454,0.24639491601423782,89.75468975468975,,
455,0.2833664331687305,88.88888888888889,,
456,0.24680771365826265,90.04329004329004,,
457,0.2789342004327375,89.03318903318903,,
458,0.24488854601785734,90.9090909090909,,
459,0.2698189788652533,88.02308802308802,,
460,0.24131823746113895,89.8989898989899,,
461,0.2775391242634854,87.01298701298701,,
462,0.25385393896832265,89.8989898989899,,
463,0.2623543149508095,89.03318903318903,,
464,0.27148794160798345,88.74458874458874,,
465,0.2752393941364075,89.6103896103896,,
466,0.2498518263364767,89.6103896103896,,
467,0.2515478515822822,89.17748917748918,,
468,0.2707743230148139,87.44588744588745,,
469,0.25212151728151166,89.75468975468975,,
470,0.2560597217358208,90.33189033189034,,
471,0.23165529020248898,91.05339105339105,,
472,0.24164728575196617,90.76479076479076,,
473,0.23097080396539377,90.18759018759019,,
474,0.2517021500961089,89.8989898989899,,
475,0.2345590665721446,89.46608946608947,0.6431881351904436,79.22077922077922
476,0.26987927248983673,88.74458874458874,,
477,0.26732424546629835,88.45598845598846,,
478,0.24489733224135285,89.8989898989899,,
479,0.27324018923063126,87.3015873015873,,
480,0.24678702783619,90.04329004329004,,
481,0.24711233519372486,88.31168831168831,,
482,0.2575908272727399,90.18759018759019,,
483,0.2563747586023928,88.60028860028861,,
484,0.24420672648117311,89.46608946608947,,
485,0.23270788539367665,90.76479076479076,,
486,0.2512629837184757,89.8989898989899,,
487,0.2613802363432159,88.16738816738817,,
488,0.2375266125793925,89.17748917748918,,
489,0.22925318943129647,91.77489177489177,,
490,0.2429791237798776,90.47619047619048,,
491,0.23351665626550133,89.6103896103896,,
492,0.2552616132630242,89.32178932178932,,
493,0.24400098198248021,90.62049062049061,,
494,0.2574931244173693,88.31168831168831,,
495,0.24066725231352307,89.75468975468975,,
496,0.24394480271256846,90.62049062049061,,
497,0.25752334526778986,88.31168831168831,,
498,0.2506537817386322,89.46608946608947,,
499,0.24033770305984808,90.47619047619048,,
500,0.23552846125882082,90.18759018759019,0.7370740554549478,76.62337662337663
501,0.24329761199620895,91.34199134199135,,
502,0.24335065993653748,88.88888888888889,,
503,0.2271395203742114,90.18759018759019,,
504,0.24806348178508822,89.6103896103896,,
505,0.2521538320837427,88.74458874458874,,
506,0.24580432962717605,89.8989898989899,,
507,0.23261002003931552,90.18759018759019,,
508,0.26872400167528515,87.5901875901876,,
509,0.23728683100634324,89.75468975468975,,
510,0.2915347282805656,88.02308802308802,,
511,0.2272395409148213,92.06349206349206,,
512,0.24059484892593316,90.18759018759019,,
513,0.24983190976266048,89.6103896103896,,
514,0.254473636633734,89.8989898989899,,
515,0.23961054010136648,88.02308802308802,,
516,0.2391923363676663,89.46608946608947,,
517,0.2461146732085367,88.45598845598846,,
518,0.23666956549857085,90.04329004329004,,
519,0.23763401145693372,89.6103896103896,,
520,0.23909334363187373,89.6103896103896,,
521,0.2726825395703832,88.88888888888889,,
522,0.2358037233352661,90.18759018759019,,
523,0.23518248837747616,90.18759018759019,,
524,0.2497263399488998,89.6103896103896,,
525,0.21514586754906573,90.9090909090909,0.6974093689546956,76.62337662337663
526,0.25377002503577767,89.17748917748918,,
527,0.2351033758549463,90.04329004329004,,
528,0.24022118284932806,90.33189033189034,,
529,0.24769967940903415,89.32178932178932,,
530,0.23066324601957808,91.05339105339105,,
531,0.26301947370316686,89.03318903318903,,
532,0.23653689952510776,89.6103896103896,,
533,0.26965360240916714,87.87878787878788,,
534,0.22226010454337491,90.47619047619048,,
535,0.2333696705825401,90.47619047619048,,
536,0.2306201405242666,91.34199134199135,,
537,0.22985861432156693,90.62049062049061,,
538,0.2298788142754746,90.62049062049061,,
539,0.24414122500288882,90.76479076479076,,
540,0.24098641703827212,89.32178932178932,,
541,0.2078990758427595,92.06349206349206,,
542,0.24157929854819613,89.46608946608947,,
543,0.2204848150971304,90.62049062049061,,
544,0.2390841030842298,90.47619047619048,,
545,0.22822450946419787,89.8989898989899,,
546,0.23241232056036312,90.33189033189034,,
547,0.23794103073007272,90.04329004329004,,
548,0.24653321508893375,90.18759018759019,,
549,0.2346879734750434,90.76479076479076,,
550,0.2145577770634991,91.63059163059162,0.7943171146628144,83.11688311688312
551,0.238513579186251,90.76479076479076,,
552,0.24482072909157,89.75468975468975,,
553,0.2251276539861726,91.63059163059162,,
554,0.222337490197642,91.1976911976912,,
555,0.23480094855309908,89.75468975468975,,
556,0.22624242009022535,90.76479076479076,,
557,0.22466819973132998,90.04329004329004,,
558,0.2537542049158875,88.74458874458874,,
559,0.2114374837576053,91.05339105339105,,
560,0.2381127467231145,89.32178932178932,,
561,0.22983475015491978,89.6103896103896,,
562,0.24233715268440578,90.04329004329004,,
563,0.2228715658338383,91.91919191919192,,
564,0.25199465378366337,89.32178932178932,,
565,0.23713248778903295,91.05339105339105,,
566,0.23008297207465592,90.62049062049061,,
567,0.2310047389194907,89.6103896103896,,
568,0.2339081396960249,89.75468975468975,,
569,0.2549998564981623,89.75468975468975,,
570,0.2346368297655001,89.32178932178932,,
571,0.22974317251001775,90.18759018759019,,
572,0.22614124854878773,90.47619047619048,,
573,0.251889046136435,89.6103896103896,,
574,0.23192425647382267,91.48629148629149,,
575,0.22329889218528548,90.76479076479076,0.6960109727723258,84.41558441558442
576,0.23670602997316081,90.47619047619048,,
577,0.22827734683155154,89.75468975468975,,
578,0.223339689542065,91.05339105339105,,
579,0.24308806829810314,88.45598845598846,,
580,0.22057593385937582,91.34199134199135,,
581,0.23592145270083373,89.46608946608947,,
582,0.20682018788862022,92.06349206349206,,
583,0.2367343719817515,91.1976911976912,,
584,0.22419900466482362,90.76479076479076,,
585,0.22601235067689573,90.47619047619048,,
586,0.22157807809449895,91.63059163059162,,
587,0.2423543892155736,89.6103896103896,,
588,0.25449652567742365,88.02308802308802,,
589,0.23803839901351997,90.33189033189034,,
590,0.22712935969599055,90.9090909090909,,
591,0.2359389579313314,90.9090909090909,,
592,0.21383950235738727,90.9090909090909,,
593,0.2300019437745536,91.91919191919192,,
594,0.23561046252357754,90.18759018759019,,
595,0.2223706455070735,90.9090909090909,,
596,0.24801639793239114,89.6103896103896,,
597,0.2215691525569726,90.9090909090909,,
598,0.24036277416679594,89.6103896103896,,
599,0.24256697344401526,89.8989898989899,,
600,0.2287869356239341,90.9090909090909,0.7323094691549029,77.92207792207792
601,0.22538790869033354,90.9090909090909,,
602,0.25885949661205343,89.6103896103896,,
603,0.2265879846625514,91.34199134199135,,
604,0.23216885410001956,90.33189033189034,,
605,0.21259448416047283,91.91919191919192,,
606,0.20677706305727814,90.9090909090909,,
607,0.22637505358162982,90.9090909090909,,
608,0.21944330575705262,92.06349206349206,,
609,0.22897326809718324,90.33189033189034,,
610,0.22211210535030174,90.9090909090909,,
611,0.24415331180133518,90.62049062049061,,
612,0.2415105239696489,89.75468975468975,,
613,0.2172270150368692,90.47619047619048,,
614,0.24997852022341663,91.1976911976912,,
615,0.2274010039188645,90.33189033189034,,
616,0.23612470957107876,89.32178932178932,,
617,0.2124315382963823,92.64069264069263,,
618,0.2196804170441662,91.05339105339105,,
619,0.2264858949580062,90.18759018759019,,
620,0.2153798600209912,91.77489177489177,,
621,0.23738094084878678,89.17748917748918,,
622,0.20993354508027026,91.91919191919192,,
623,0.21680611999864013,91.63059163059162,,
624,0.21651975601954548,90.18759018759019,,
625,0.24031681428740034,91.77489177489177,0.7841419484708216,75.32467532467533
626,0.22165439629451536,90.47619047619048,,
627,0.25410708735601556,91.05339105339105,,
628,0.22852600506717852,90.62049062049061,,
629,0.21537293299688579,91.34199134199135,,
630,0.22457949616133221,91.77489177489177,,
631,0.23240333208532044,90.33189033189034,,
632,0.21747617994423035,91.91919191919192,,
633,0.21582797612634744,90.18759018759019,,
634,0.22109786945181492,91.34199134199135,,
635,0.2188160682653452,92.06349206349206,,
636,0.2172368939906832,90.18759018759019,,
637,0.23726844275840606,89.8989898989899,,
638,0.22701299801189317,91.91919191919192,,
639,0.21287650495101018,90.62049062049061,,
640,0.2203340602858586,89.8989898989899,,
641,0.2204086467473194,89.8989898989899,,
642,0.2131879971474194,91.1976911976912,,
643,0.19916487617410106,92.06349206349206,,
644,0.22454982950831903,91.63059163059162,,
645,0.22897477372728212,90.47619047619048,,
646,0.20990577008989122,90.62049062049061,,
647,0.21431640980692654,90.33189033189034,,
648,0.20487796427604096,92.20779220779221,,
649,0.2129095739874489,89.8989898989899,,
650,0.21423633777217949,91.05339105339105,0.763724622014281,76.62337662337663
651,0.22686227660997088,91.48629148629149,,
652,0.2030276648409955,91.77489177489177,,
653,0.23446742715085567,89.46608946608947,,
654,0.21521846296381297,90.9090909090909,,
655,0.21540983423354135,91.05339105339105,,
656,0.20786541141300835,92.35209235209236,,
657,0.19226889082191653,92.06349206349206,,
658,0.20973635119793219,91.48629148629149,,
659,0.2071047556112167,91.1976911976912,,
660,0.20736091164670464,91.48629148629149,,
661,0.2214778843903605,92.92929292929293,,
662,0.2099424081963378,91.77489177489177,,
663,0.22518905109227305,90.62049062049061,,
664,0.23587850828535456,90.76479076479076,,
665,0.2112844731244776,91.91919191919192,,
666,0.22486014329710058,91.63059163059162,,
667,0.21299878597087502,90.76479076479076,,
668,0.21082773460626258,91.05339105339105,,
669,0.21508696124839233,90.33189033189034,,
670,0.2153952612096785,91.63059163059162,,
671,0.22645600537889105,90.62049062049061,,
672,0.20236616023691187,92.64069264069263,,
673,0.22133149045370357,90.62049062049061,,
674,0.2364652938226945,89.46608946608947,,
675,0.21338031052855014,92.06349206349206,0.857759190844251,75.32467532467533
676,0.23762220268985754,89.03318903318903,,
677,0.20073244969050089,92.78499278499278,,
678,0.2052653284385951,91.77489177489177,,
679,0.22382854211210002,91.34199134199135,,
680,0.21483309453011934,90.9090909090909,,
681,0.2094290352938495,92.06349206349206,,
682,0.21733326872361858,92.35209235209236,,
683,0.19905660517546006,92.78499278499278,,
684,0.20270554809515268,90.9090909090909,,
685,0.23294112972194841,90.62049062049061,,
686,0.21977877191134862,92.64069264069263,,
687,0.21892054997180274,91.77489177489177,,
688,0.20915231925756556,91.05339105339105,,
689,0.2040435638047572,91.05339105339105,,
690,0.1999237983988821,91.77489177489177,,
691,0.22207910063290837,91.77489177489177,,
692,0.20061008333299754,92.35209235209236,,
693,0.2243654082003782,91.34199134199135,,
694,0.21159417836484734,91.91919191919192,,
695,0.2196146511670315,91.77489177489177,,
696,0.2017785007131392,92.4963924963925,,
697,0.21119486447020527,91.48629148629149,,
698,0.2302519456734733,89.32178932178932,,
699,0.2010244730575088,92.78499278499278,,
700,0.22139364502205908,90.33189033189034,0.854906047319437,79.22077922077922
701,0.2062763992756132,91.1976911976912,,
702,0.21920391328063019,91.34199134199135,,
703,0.20303747666432573,92.20779220779221,,
704,0.20928038357693868,91.63059163059162,,
705,0.18745165087099888,93.50649350649351,,
706,0.22261627564612577,90.9090909090909,,
707,0.2198013183250916,90.9090909090909,,
708,0.22628501509175156,91.1976911976912,,
709,0.22393988487868427,91.1976911976912,,
710,0.19962068889048193,91.91919191919192,,
711,0.21800275711936695,91.05339105339105,,
712,0.20732746245326072,90.76479076479076,,
713,0.1965372438339616,92.20779220779221,,
714,0.2078830222632806,90.04329004329004,,
715,0.2286114687957461,90.04329004329004,,
716,0.21499473191959,90.76479076479076,,
717,0.19935508078826972,92.35209235209236,,
718,0.19808321303189402,91.77489177489177,,
719,0.19767577685435903,91.77489177489177,,
720,0.19868163241968526,91.63059163059162,,
721,0.2079602237817701,90.9090909090909,,
722,0.20113738244574136,92.20779220779221,,
723,0.2198518051471545,90.18759018759019,,
724,0.19984446979876377,92.35209235209236,,
725,0.19328753439464955,92.35209235209236,0.8398785985909499,77.92207792207792
726,0.1960434058162385,91.63059163059162,,
727,0.18150686653812037,92.78499278499278,,
728,0.2115219976822879,91.05339105339105,,
729,0.2185765646322809,90.76479076479076,,
730,0.20273338370078914,92.20779220779221,,
731,0.20456855751649297,91.48629148629149,,
732,0.25222451167791266,90.33189033189034,,
733,0.19855505813982924,91.1976911976912,,
734,0.19555972191850515,93.07359307359307,,
735,0.22221759729313129,91.77489177489177,,
736,0.21611310287901506,92.06349206349206,,
737,0.1983740460261982,92.92929292929293,,
738,0.2202933467225767,90.62049062049061,,
739,0.20637462162285033,91.91919191919192,,
740,0.23305015526120626,90.47619047619048,,
741,0.20828459402183433,91.48629148629149,,
742,0.22319627616656634,90.76479076479076,,
743,0.22307609849505955,89.46608946608947,,
744,0.22013520201047262,89.8989898989899,,
745,0.19621881752303152,92.4963924963925,,
746,0.2004693015915319,92.06349206349206,,
747,0.202968301689642,91.63059163059162,,
748,0.19599684621348526,91.48629148629149,,
749,0.2057808299601336,91.48629148629149,,
750,0.21175778542160129,91.63059163059162,0.8516413747490227,76.62337662337663
751,0.21398751351654444,91.34199134199135,,
752,0.215347322013127,91.34199134199135,,
753,0.17409134637913834,92.64069264069263,,
754,0.1962354290924031,92.06349206349206,,
755,0.20819790248488967,91.48629148629149,,
756,0.21206766857213272,92.20779220779221,,
757,0.19992126604007265,91.77489177489177,,
758,0.18888981278023506,91.48629148629149,,
759,0.18667384556361608,92.20779220779221,,
760,0.22054729799902628,91.05339105339105,,
761,0.20592850990711697,92.06349206349206,,
762,0.18947146302908874,92.78499278499278,,
763,0.2034129397822665,90.9090909090909,,
764,0.20488346089618376,91.1976911976912,,
765,0.20350577573669593,90.47619047619048,,
766,0.20420411086142665,92.35209235209236,,
767,0.18680354002406244,91.91919191919192,,
768,0.2043957792835318,91.48629148629149,,
769,0.21009884260777614,92.20779220779221,,
770,0.19000288923667452,92.78499278499278,,
771,0.1895188218974448,93.36219336219337,,
772,0.20428181540699406,91.34199134199135,,
773,0.19830040022472797,91.77489177489177,,
774,0.18729836690477478,91.48629148629149,,
775,0.22681699029854022,91.05339105339105,0.8927001101630074,77.92207792207792
776,0.19944957257779303,91.91919191919192,,
777,0.21564573160282632,92.78499278499278,,
778,0.19404509470060274,92.64069264069263,,
779,0.20277765573877277,91.1976911976912,,
780,0.19090866965132874,92.92929292929293,,
781,0.20349163987806865,92.35209235209236,,
782,0.18031726053997896,93.07359307359307,,
783,0.20667709317730273,91.1976911976912,,
784,0.194567639654849,92.06349206349206,,
785,0.21382664129256257,90.76479076479076,,
786,0.1919499534205097,91.1976911976912,,
787,0.20796807047952648,92.78499278499278,,
788,0.20076930866957055,91.77489177489177,,
789,0.20929461919728123,91.48629148629149,,
790,0.1909312228275756,92.20779220779221,,
791,0.1988043666832031,92.64069264069263,,
792,0.2001099050453895,92.78499278499278,,
793,0.19512864467949964,91.91919191919192,,
794,0.20147291972727915,91.63059163059162,,
795,0.18439211541434689,92.64069264069263,,
796,0.18676317667032216,93.21789321789322,,
797,0.19336920477783182,91.77489177489177,,
798,0.19553502473824297,92.78499278499278,,
799,0.19344672342442504,92.4963924963925,,
800,0.21198802688098572,90.9090909090909,0.9014257920252813,79.22077922077922
801,0.17616477372154357,91.91919191919192,,
802,0.20130643976414186,91.63059163059162,,
803,0.20176757032436038,91.91919191919192,,
804,0.20473646746698396,91.48629148629149,,
805,0.23815536807851617,92.06349206349206,,
806,0.1943621923999181,92.78499278499278,,
807,0.20605001889954053,92.35209235209236,,
808,0.20633936083161986,92.20779220779221,,
809,0.18342532734635245,92.06349206349206,,
810,0.19167235902205518,92.64069264069263,,
811,0.1719428150340764,93.21789321789322,,
812,0.21320568315394514,91.34199134199135,,
813,0.17920563147977145,92.92929292929293,,
814,0.20736651249434182,91.05339105339105,,
815,0.22179298741476877,92.06349206349206,,
816,0.20251409524532968,91.34199134199135,,
817,0.19883187100140734,92.06349206349206,,
818,0.1750582248445541,92.64069264069263,,
819,0.1969973830046592,92.20779220779221,,
820,0.2005971727777181,91.34199134199135,,
821,0.19637965919479491,93.21789321789322,,
822,0.17796827867777662,91.91919191919192,,
823,0.18912406272186347,92.78499278499278,,
824,0.20410492040034153,92.06349206349206,,
825,0.1723002925364658,92.4963924963925,1.0112216317808473,76.62337662337663
826,0.2012003530327548,91.77489177489177,,
827,0.19246836749011648,91.91919191919192,,
828,0.20131884164796418,92.64069264069263,,
829,0.1752238565408134,93.21789321789322,,
830,0.21129297023211724,92.20779220779221,,
831,0.1957681421808694,92.64069264069263,,
832,0.1860006640706894,92.92929292929293,,
833,0.18948654105824997,91.1976911976912,,
834,0.19584909249177743,91.91919191919192,,
835,0.19422066000590577,91.63059163059162,,
836,0.1894228028356599,92.35209235209236,,
837,0.17473084057048285,94.08369408369408,,
838,0.17897746356104705,93.07359307359307,,
839,0.21267086783528844,91.05339105339105,,
840,0.1871215274495652,93.07359307359307,,
841,0.1879494557046959,91.34199134199135,,
842,0.19399044801673246,92.06349206349206,,
843,0.18522139351605338,92.78499278499278,,
844,0.19647278272228325,91.48629148629149,,
845,0.21574476530068537,90.18759018759019,,
846,0.18733419030420967,91.91919191919192,,
847,0.19290786078481964,92.20779220779221,,
848,0.20056825937517794,91.63059163059162,,
849,0.1916216585951794,92.78499278499278,,
850,0.19156497820115193,92.64069264069263,1.0084415859990306,76.62337662337663
851,0.18307306287436603,93.50649350649351,,
852,0.21082186868782513,92.35209235209236,,
853,0.19963568732852027,92.20779220779221,,
854,0.19427630971864532,91.77489177489177,,
855,0.18481004364992806,92.4963924963925,,
856,0.17348671686253678,93.79509379509379,,
857,0.17123650125137826,93.07359307359307,,
858,0.19586309531507382,91.77489177489177,,
859,0.19596317158891008,91.34199134199135,,
860,0.19362221978077984,92.4963924963925,,
861,0.19168075250426755,92.64069264069263,,
862,0.196579094637524,92.35209235209236,,
863,0.2042137621801137,90.62049062049061,,
864,0.19298714438042083,92.78499278499278,,
865,0.19490575725898082,92.92929292929293,,
866,0.18853669618975377,93.36219336219337,,
867,0.18036307638556753,92.35209235209236,,
868,0.20629238252343898,90.9090909090909,,
869,0.1876765370239943,93.07359307359307,,
870,0.18682348689475617,91.91919191919192,,
871,0.2202857190482372,90.47619047619048,,
872,0.17199136909167315,93.79509379509379,,
873,0.18166423411596389,92.35209235209236,,
874,0.1680273591913014,93.65079365079364,,
875,0.20582711324633285,92.06349206349206,1.0309024476385735,77.92207792207792
876,0.17062288846331414,93.50649350649351,,
877,0.20554042763438232,91.91919191919192,,
878,0.17899229197963148,92.92929292929293,,
879,0.1610251238830334,94.08369408369408,,
880,0.18050237939844893,92.64069264069263,,
881,0.1617305229322563,94.22799422799423,,
882,0.18450875371737568,93.36219336219337,,
883,0.15108371511488766,94.08369408369408,,
884,0.1689407956312057,93.50649350649351,,
885,0.18369600644219575,91.77489177489177,,
886,0.17536043383256353,92.92929292929293,,
887,0.17658476061946987,93.50649350649351,,
888,0.17815764530052527,92.35209235209236,,
889,0.20661058141426605,91.77489177489177,,
890,0.18650500766642683,92.4963924963925,,
891,0.2022218583595185,91.63059163059162,,
892,0.17896272146383577,92.64069264069263,,
893,0.1575362133923891,94.66089466089466,,
894,0.1770620650113231,92.92929292929293,,
895,0.2165933870327421,91.48629148629149,,
896,0.1983172521102652,91.77489177489177,,
897,0.1898535865897912,91.91919191919192,,
898,0.17826908448385814,92.78499278499278,,
899,0.17920387328789175,91.63059163059162,,
900,0.2011501807477567,91.34199134199135,0.9774562352663511,81.81818181818181
901,0.1577644223605335,93.79509379509379,,
902,0.18098119302272453,92.64069264069263,,
903,0.18279830709336295,91.91919191919192,,
904,0.17865751751444556,92.78499278499278,,
905,0.19714455166495637,91.91919191919192,,
906,0.1638163784881691,93.50649350649351,,
907,0.18016177151368293,93.50649350649351,,
908,0.1689115341935538,93.07359307359307,,
909,0.18564032600899624,92.06349206349206,,
910,0.18691603813594554,92.64069264069263,,
911,0.18660823239650562,93.21789321789322,,
912,0.19064048010033446,92.06349206349206,,
913,0.18210778491837637,93.07359307359307,,
914,0.19915145341022017,91.63059163059162,,
915,0.17178863281058887,93.50649350649351,,
916,0.16644302768226912,93.21789321789322,,
917,0.18979643129382126,92.06349206349206,,
918,0.17228977857386052,93.36219336219337,,
919,0.17384474738507733,93.07359307359307,,
920,0.1887508709666361,92.4963924963925,,
921,0.201030699044337,92.06349206349206,,
922,0.20868944863736372,92.06349206349206,,
923,0.18059412545886047,92.35209235209236,,
924,0.19114317422971924,92.64069264069263,,
925,0.15906851638705183,93.93939393939394,1.0314423263847055,79.22077922077922
926,0.17296641285586323,93.79509379509379,,
927,0.18386697407924768,93.21789321789322,,
928,0.18517797244081077,92.20779220779221,,
929,0.19087524634677094,92.06349206349206,,
930,0.19271525983600563,93.50649350649351,,
931,0.16643610485919455,94.22799422799423,,
932,0.1923483313850166,92.35209235209236,,
933,0.16918197219108178,91.91919191919192,,
934,0.19100160376420097,92.4963924963925,,
935,0.20031823970452703,91.05339105339105,,
936,0.18053140655606126,93.21789321789322,,
937,0.1851607155146193,92.4963924963925,,
938,0.17726347220236433,92.35209235209236,,
939,0.17923936351037129,92.06349206349206,,
940,0.17328707520644387,92.35209235209236,,
941,0.18962805911033143,92.92929292929293,,
942,0.1829050818584526,92.20779220779221,,
943,0.17529637821308977,93.50649350649351,,
944,0.18893142739071647,92.20779220779221,,
945,0.20818283318032607,91.48629148629149,,
946,0.18806227211656337,91.48629148629149,,
947,0.19664017041448992,92.20779220779221,,
948,0.16805597627468266,93.07359307359307,,
949,0.17989082032381887,92.35209235209236,,
950,0.18915374239457805,91.91919191919192,1.0278667536648838,79.22077922077922
951,0.1564175630415673,93.36219336219337,,
952,0.16038003928951305,93.65079365079364,,
953,0.18020024999417095,92.64069264069263,,
954,0.17796982881783752,93.93939393939394,,
955,0.1642244513352196,94.08369408369408,,
956,0.18164151565079048,91.63059163059162,,
957,0.17189106891337583,92.78499278499278,,
958,0.17019484921064212,93.65079365079364,,
959,0.16084576384157673,93.65079365079364,,
960,0.1710722166910488,93.50649350649351,,
961,0.16329700623411808,93.79509379509379,,
962,0.1874108121530146,92.4963924963925,,
963,0.16159598651902501,93.50649350649351,,
964,0.18490512389555294,92.64069264069263,,
965,0.16444922924514802,94.22799422799423,,
966,0.17601296583843695,92.06349206349206,,
967,0.20664894155093602,91.77489177489177,,
968,0.19487750547444838,92.4963924963925,,
969,0.1629979900510452,94.22799422799423,,
970,0.1587020299393377,93.65079365079364,,
971,0.16276933994644133,93.79509379509379,,
972,0.18730523778074576,92.4963924963925,,
973,0.20133067643831645,92.20779220779221,,
974,0.1745986392866675,93.07359307359307,,
975,0.18160600011998956,92.92929292929293,1.051742586222562,77.92207792207792
976,0.1659608127664866,92.64069264069263,,
977,0.2017237754138173,92.35209235209236,,
978,0.15699673339746043,93.50649350649351,,
979,0.17005523866174196,93.36219336219337,,
980,0.16689017685976895,94.22799422799423,,
981,0.18347367683014312,91.63059163059162,,
982,0.1793135617998083,92.06349206349206,,
983,0.1892139179279966,93.36219336219337,,
984,0.16685891033165037,93.21789321789322,,
985,0.17309411909447345,92.92929292929293,,
986,0.17306367710802548,94.08369408369408,,
987,0.14657476573945985,94.37229437229438,,
988,0.17320290071322633,93.07359307359307,,
989,0.18443491560384137,92.06349206349206,,
990,0.16213288862381833,93.79509379509379,,
991,0.1581037038719499,93.50649350649351,,
992,0.14499633321686398,93.79509379509379,,
993,0.1809302114305042,92.06349206349206,,
994,0.13204877635445258,94.94949494949495,,
995,0.1870412610734653,92.06349206349206,,
996,0.16373682628462324,93.93939393939394,,
997,0.1711213148237995,93.07359307359307,,
998,0.1815560550830753,92.20779220779221,,
999,0.18510799686200002,92.78499278499278,,
1000,0.17718912825266553,93.07359307359307,1.0786853517804826,79.22077922077922
