epoch,train_loss,train_acc,test_loss,test_acc
1,0.6903106149656948,55.84415584415584,0.6859121454226507,55.84415584415584
2,0.6856732168066897,55.98845598845599,,
3,0.6852429186626946,55.98845598845599,,
4,0.684417569964135,55.98845598845599,,
5,0.6812560974605499,55.98845598845599,,
6,0.6795588713703733,55.98845598845599,,
7,0.6824150532699078,55.699855699855696,,
8,0.6742458254915983,55.98845598845599,,
9,0.6709745713814684,56.132756132756136,,
10,0.6633855692751995,56.132756132756136,,
11,0.6594620851039198,56.85425685425685,,
12,0.6508542584822463,60.02886002886003,,
13,0.6461417762748091,58.152958152958156,,
14,0.6364131728980105,62.77056277056277,,
15,0.6299698071562366,61.47186147186147,,
16,0.6224186259602743,67.24386724386724,,
17,0.6134803375124416,66.95526695526695,,
18,0.6104927751064989,68.3982683982684,,
19,0.5986964679383612,68.25396825396825,,
20,0.5820382491162673,69.55266955266956,,
21,0.5912187623685229,67.67676767676768,,
22,0.5810389595286327,70.56277056277057,,
23,0.5684350134662391,70.99567099567099,,
24,0.5566760928599865,69.26406926406926,,
25,0.5622516741484275,72.15007215007215,0.5581859036699518,71.42857142857143
26,0.5548558806272124,70.99567099567099,,
27,0.5324828420022522,72.58297258297259,,
28,0.5467450069142626,72.43867243867244,,
29,0.5454688405061697,73.3044733044733,,
30,0.5255613061256739,73.3044733044733,,
31,0.5303501368945123,71.86147186147186,,
32,0.5189805381311827,75.75757575757575,,
33,0.514633372748569,74.45887445887446,,
34,0.5248728004024831,73.88167388167388,,
35,0.49817283849351507,77.05627705627705,,
36,0.49978470449667817,74.31457431457432,,
37,0.4948005075922604,76.47907647907648,,
38,0.48075902552315686,75.46897546897547,,
39,0.49226322507789466,75.9018759018759,,
40,0.4910346187038339,76.76767676767676,,
41,0.5013656018444298,75.03607503607503,,
42,0.49494062125424804,75.75757575757575,,
43,0.49985007617036675,75.46897546897547,,
44,0.4870578921890534,74.31457431457432,,
45,0.49571075781771284,75.32467532467533,,
46,0.47550183968970616,78.21067821067821,,
47,0.4824409069436969,76.76767676767676,,
48,0.4828936106714851,76.76767676767676,,
49,0.4716166844873717,77.77777777777777,,
50,0.477511389689012,77.4891774891775,0.4832132837989114,75.32467532467533
51,0.4880064201217365,76.62337662337663,,
52,0.46882137393882606,78.35497835497836,,
53,0.4552645204645215,78.93217893217893,,
54,0.4548778130980625,78.64357864357865,,
55,0.46848974917702174,78.64357864357865,,
56,0.45361061263050007,80.23088023088023,,
57,0.45763251095107105,78.93217893217893,,
58,0.4501190007076979,77.77777777777777,,
59,0.4575370821085843,78.64357864357865,,
60,0.45153615140983727,80.08658008658008,,
61,0.45783066603356454,77.77777777777777,,
62,0.45312065273136287,78.4992784992785,,
63,0.44569203455382783,79.79797979797979,,
64,0.42842789869459846,79.22077922077922,,
65,0.43452659847072367,79.07647907647907,,
66,0.4283052362060822,80.8080808080808,,
67,0.4155011016225058,81.81818181818181,,
68,0.46839762645710425,77.2005772005772,,
69,0.42914753158887226,78.35497835497836,,
70,0.4243901924997525,79.65367965367966,,
71,0.4308848504036192,80.66378066378067,,
72,0.4503744216622384,79.36507936507937,,
73,0.4379584827980438,79.94227994227994,,
74,0.4110457239212928,82.97258297258297,,
75,0.4186818955780624,80.95238095238095,0.4742413983716593,80.51948051948052
76,0.41520705186959467,81.96248196248196,,
77,0.42512737534950995,80.51948051948052,,
78,0.4242899494855779,80.95238095238095,,
79,0.424119925172126,80.08658008658008,,
80,0.423205948839284,79.36507936507937,,
81,0.4146933298434358,80.8080808080808,,
82,0.4142398656188668,80.51948051948052,,
83,0.41387763158196494,80.08658008658008,,
84,0.4043282759826077,82.1067821067821,,
85,0.3909508145560778,82.53968253968254,,
86,0.3809574032672728,82.25108225108225,,
87,0.3853528839986218,83.11688311688312,,
88,0.4026090725073739,80.66378066378067,,
89,0.42808204738780703,79.50937950937951,,
90,0.3964034255276855,82.68398268398268,,
91,0.39183020105781663,82.3953823953824,,
92,0.39487712033641287,82.97258297258297,,
93,0.3852280808389617,83.26118326118326,,
94,0.390967246171888,81.67388167388168,,
95,0.4021248709931862,80.66378066378067,,
96,0.3788654557382218,83.54978354978356,,
97,0.3991179351854806,81.0966810966811,,
98,0.3821999545479234,83.26118326118326,,
99,0.37998732937362806,80.08658008658008,,
100,0.35726531363840913,83.54978354978356,0.426476766149719,83.11688311688312
101,0.3792326817608843,82.68398268398268,,
102,0.37137606254043687,83.11688311688312,,
103,0.38145893721869495,82.82828282828282,,
104,0.38994606852015373,82.25108225108225,,
105,0.37547729550329983,84.27128427128427,,
106,0.37093586963836594,83.54978354978356,,
107,0.38363502904622243,83.69408369408369,,
108,0.3888927645454503,82.68398268398268,,
109,0.3801087396700489,81.81818181818181,,
110,0.3916807822334818,82.1067821067821,,
111,0.3857812195973307,82.25108225108225,,
112,0.36510050481704065,84.12698412698413,,
113,0.371860982621731,84.99278499278499,,
114,0.37407685205619917,82.3953823953824,,
115,0.3710361517008937,83.83838383838383,,
116,0.3728665914843437,83.98268398268398,,
117,0.3653212697776021,85.56998556998558,,
118,0.3751876584723226,82.97258297258297,,
119,0.3600834933624295,83.54978354978356,,
120,0.37936811628623784,83.98268398268398,,
121,0.3650121817642132,84.12698412698413,,
122,0.3734262908605958,82.53968253968254,,
123,0.3580962002793432,84.84848484848484,,
124,0.3544099857280781,85.42568542568543,,
125,0.35833633530879605,84.55988455988457,0.41676469127853194,80.51948051948052
126,0.3540606024375382,85.28138528138528,,
127,0.34279563330640694,84.27128427128427,,
128,0.3513679607606037,86.43578643578644,,
129,0.38113496412790526,82.1067821067821,,
130,0.3452199843603295,84.7041847041847,,
131,0.3695443608673104,82.53968253968254,,
132,0.3520149712438707,84.84848484848484,,
133,0.34911052102134343,85.42568542568543,,
134,0.3477339331506823,86.2914862914863,,
135,0.3461105869531976,84.7041847041847,,
136,0.3605420294649157,83.11688311688312,,
137,0.3406735232253095,85.28138528138528,,
138,0.32686640089982516,86.14718614718615,,
139,0.3479487402700587,84.84848484848484,,
140,0.34717035058127854,86.2914862914863,,
141,0.34320972857709225,84.55988455988457,,
142,0.34437674137765023,84.99278499278499,,
143,0.34917357974668256,83.69408369408369,,
144,0.3288698825786296,86.86868686868686,,
145,0.3503859924934643,84.7041847041847,,
146,0.332476646514424,86.002886002886,,
147,0.3547617288959491,84.55988455988457,,
148,0.36140609948666064,83.26118326118326,,
149,0.34702652510024423,84.99278499278499,,
150,0.3487977476261051,85.42568542568543,0.4026836404552707,83.11688311688312
151,0.33443381027741864,86.43578643578644,,
152,0.35213997917085843,84.12698412698413,,
153,0.3363776668841705,86.58008658008659,,
154,0.3414607872436573,84.12698412698413,,
155,0.3326339473542025,85.13708513708514,,
156,0.33493696932625805,84.41558441558442,,
157,0.33443838357925415,85.85858585858585,,
158,0.32906212301825377,86.14718614718615,,
159,0.32725474449119185,85.13708513708514,,
160,0.34034239626550056,84.27128427128427,,
161,0.33750096210755653,85.42568542568543,,
162,0.3315759989262315,84.27128427128427,,
163,0.34078240704226803,85.42568542568543,,
164,0.32970639779454186,87.15728715728716,,
165,0.31392238589076255,86.2914862914863,,
166,0.3164278401268853,85.56998556998558,,
167,0.32144666886733897,83.69408369408369,,
168,0.31526603565845657,87.44588744588745,,
169,0.31257520226861146,86.86868686868686,,
170,0.31809050201681616,85.42568542568543,,
171,0.30445635688597333,86.86868686868686,,
172,0.3281790558651928,85.71428571428571,,
173,0.32200936072144504,86.2914862914863,,
174,0.3267684289473304,86.002886002886,,
175,0.3130538866547451,87.44588744588745,0.3609043336533881,81.81818181818181
176,0.3203059337484888,86.002886002886,,
177,0.30983200691866153,85.56998556998558,,
178,0.3156007791494394,86.72438672438672,,
179,0.30815975316417166,85.13708513708514,,
180,0.3211177040488173,86.72438672438672,,
181,0.3160166551196386,87.01298701298701,,
182,0.3311551060597446,86.72438672438672,,
183,0.3351838371110341,85.13708513708514,,
184,0.3247008191644715,86.58008658008659,,
185,0.32988335319067663,87.01298701298701,,
186,0.32212436943171174,86.43578643578644,,
187,0.30934092750797026,87.01298701298701,,
188,0.312635716765818,86.58008658008659,,
189,0.30965973804523417,86.58008658008659,,
190,0.3002319842533976,87.15728715728716,,
191,0.31266935799717044,88.88888888888889,,
192,0.30766404668490094,87.87878787878788,,
193,0.30127523480383694,87.3015873015873,,
194,0.31097610022813554,86.43578643578644,,
195,0.29875717732469415,85.71428571428571,,
196,0.3159324549149297,87.73448773448773,,
197,0.31719899187227346,86.72438672438672,,
198,0.30442923875082106,87.5901875901876,,
199,0.30061970240453967,87.3015873015873,,
200,0.30542594332027573,87.5901875901876,0.36642850722585407,81.81818181818181
201,0.2977796464427381,87.73448773448773,,
202,0.3026037954686352,86.72438672438672,,
203,0.3228658533199525,86.43578643578644,,
204,0.3021195578196692,87.44588744588745,,
205,0.30487007549916856,86.72438672438672,,
206,0.32395060177661295,85.71428571428571,,
207,0.2957694398462342,86.14718614718615,,
208,0.283699033085746,88.45598845598846,,
209,0.293069734373822,87.5901875901876,,
210,0.2954682324613844,87.5901875901876,,
211,0.28813122898813276,86.86868686868686,,
212,0.3008003444296629,88.02308802308802,,
213,0.295530325105524,87.3015873015873,,
214,0.2941414401644752,87.01298701298701,,
215,0.31719505447157875,85.13708513708514,,
216,0.30125647363982677,88.31168831168831,,
217,0.28576871961312206,87.5901875901876,,
218,0.2720129890703364,89.32178932178932,,
219,0.31138501934502893,87.5901875901876,,
220,0.292605402020665,85.71428571428571,,
221,0.28413736923432453,89.32178932178932,,
222,0.29366742923834277,87.15728715728716,,
223,0.2803800473309527,88.16738816738817,,
224,0.27749517400887447,88.74458874458874,,
225,0.30514613301378996,88.16738816738817,0.3582887165732198,81.81818181818181
226,0.3049988220264385,86.14718614718615,,
227,0.306380691659915,88.02308802308802,,
228,0.29581585861903764,88.45598845598846,,
229,0.283237132030132,88.60028860028861,,
230,0.29928206382547795,86.58008658008659,,
231,0.2908741821888377,87.3015873015873,,
232,0.2956003424151119,87.3015873015873,,
233,0.30234863324168787,87.15728715728716,,
234,0.3041050834487183,87.73448773448773,,
235,0.295582178082387,88.02308802308802,,
236,0.2854144989283054,88.31168831168831,,
237,0.27331550365574603,87.73448773448773,,
238,0.27443889611297184,88.31168831168831,,
239,0.28478384271672624,87.73448773448773,,
240,0.2898163859118287,87.73448773448773,,
241,0.2951248718847616,87.73448773448773,,
242,0.29112396267757445,87.44588744588745,,
243,0.27722546389436653,87.44588744588745,,
244,0.2761060721946485,88.31168831168831,,
245,0.2919458869473759,88.88888888888889,,
246,0.29185980398202527,88.74458874458874,,
247,0.2621927702259192,90.62049062049061,,
248,0.2771163003849777,88.60028860028861,,
249,0.2808087253230819,88.16738816738817,,
250,0.29522551198370356,87.3015873015873,0.42563293196938257,81.81818181818181
251,0.2647753224142358,89.17748917748918,,
252,0.26960322494157635,89.17748917748918,,
253,0.2906843979035277,87.5901875901876,,
254,0.26286525342715594,91.34199134199135,,
255,0.26618104314090196,89.17748917748918,,
256,0.2604373585739177,89.03318903318903,,
257,0.28193767095713046,88.02308802308802,,
258,0.2793424160449536,88.60028860028861,,
259,0.28921651952022426,88.16738816738817,,
260,0.2888166474831569,89.17748917748918,,
261,0.28263536718651155,89.32178932178932,,
262,0.28247354905326644,89.03318903318903,,
263,0.2456766107639709,90.9090909090909,,
264,0.2613789476185478,88.74458874458874,,
265,0.2570554490965854,89.17748917748918,,
266,0.28830603584324643,87.44588744588745,,
267,0.28770935591337143,86.86868686868686,,
268,0.2582302703313841,90.33189033189034,,
269,0.2871369525607444,88.31168831168831,,
270,0.2604913301712163,88.60028860028861,,
271,0.2781884532212179,89.75468975468975,,
272,0.2611836065977683,88.74458874458874,,
273,0.24742353564561015,88.88888888888889,,
274,0.25705326360638264,88.88888888888889,,
275,0.26747665080157196,89.03318903318903,0.392481673073459,80.51948051948052
276,0.28202628246461503,88.60028860028861,,
277,0.2870001153211401,87.87878787878788,,
278,0.2736303085544581,89.6103896103896,,
279,0.2561218991639122,90.18759018759019,,
280,0.27422117877316166,87.87878787878788,,
281,0.2756342640385827,87.87878787878788,,
282,0.2565915532958456,88.16738816738817,,
283,0.2501744365623331,90.47619047619048,,
284,0.26465312157143417,88.31168831168831,,
285,0.2558080336619249,89.75468975468975,,
286,0.2623485957217251,88.74458874458874,,
287,0.26402338681282933,89.46608946608947,,
288,0.2544413105749981,88.88888888888889,,
289,0.25961233109966847,90.62049062049061,,
290,0.3057944809031521,89.32178932178932,,
291,0.2719343542235582,89.6103896103896,,
292,0.2680494636082202,88.45598845598846,,
293,0.250588815600153,89.8989898989899,,
294,0.26086857618729103,89.8989898989899,,
295,0.2597189690127517,89.46608946608947,,
296,0.25984690569523955,87.73448773448773,,
297,0.2486357025769882,90.33189033189034,,
298,0.2676568151509435,88.02308802308802,,
299,0.23996261316976505,90.62049062049061,,
300,0.2563425239933518,89.6103896103896,0.4175281814940564,77.92207792207792
301,0.24384006956783036,91.05339105339105,,
302,0.26151890444205095,89.46608946608947,,
303,0.25783184821170474,89.03318903318903,,
304,0.2586460921800498,88.88888888888889,,
305,0.2382540780120942,90.62049062049061,,
306,0.2552566036184199,89.8989898989899,,
307,0.2506344975933196,90.76479076479076,,
308,0.24323551326689094,91.1976911976912,,
309,0.27822787913495156,88.45598845598846,,
310,0.26008486696135946,89.75468975468975,,
311,0.2511109436336706,89.6103896103896,,
312,0.2535783701386803,90.47619047619048,,
313,0.23926755755838722,90.33189033189034,,
314,0.2620096481895722,88.02308802308802,,
315,0.24418078188772324,89.8989898989899,,
316,0.2506097743521521,89.8989898989899,,
317,0.2570840589067809,88.74458874458874,,
318,0.24548019062389026,90.04329004329004,,
319,0.2655684657201364,89.46608946608947,,
320,0.23576686788258958,90.62049062049061,,
321,0.24475493788461147,90.62049062049061,,
322,0.2228595142670696,90.9090909090909,,
323,0.22865420158463295,89.8989898989899,,
324,0.2284787433036478,91.05339105339105,,
325,0.21794805549955987,91.1976911976912,0.38917592961292763,79.22077922077922
326,0.2552890024143896,89.32178932178932,,
327,0.23305147337965118,90.62049062049061,,
328,0.24989926195763923,89.03318903318903,,
329,0.24902914916024063,89.17748917748918,,
330,0.26079019935315134,89.75468975468975,,
331,0.2570904491181669,90.62049062049061,,
332,0.26648001125536613,88.88888888888889,,
333,0.22011116583539983,91.77489177489177,,
334,0.2526000991227135,89.6103896103896,,
335,0.22311476593323773,91.05339105339105,,
336,0.257963276808224,89.03318903318903,,
337,0.24217645512170777,89.75468975468975,,
338,0.24663594422101287,91.63059163059162,,
339,0.252425111475445,90.04329004329004,,
340,0.2350302254955834,91.63059163059162,,
341,0.2578984475002488,89.17748917748918,,
342,0.24955113367600876,89.75468975468975,,
343,0.23397406413183583,90.47619047619048,,
344,0.22153916198109824,91.05339105339105,,
345,0.24806154653709517,88.88888888888889,,
346,0.2504293256120764,88.02308802308802,,
347,0.24667067030205528,90.33189033189034,,
348,0.24574068450996542,89.75468975468975,,
349,0.2422313771679632,90.18759018759019,,
350,0.22311471817641376,91.05339105339105,0.4184006050035551,84.41558441558442
351,0.23456354828451964,90.33189033189034,,
352,0.2417462244199812,89.46608946608947,,
353,0.24002369866312667,90.33189033189034,,
354,0.24003244512868993,91.05339105339105,,
355,0.23719589024094104,89.32178932178932,,
356,0.2296472190923634,90.62049062049061,,
357,0.2594996576787417,90.33189033189034,,
358,0.23415423858733403,91.91919191919192,,
359,0.22822203896778487,90.62049062049061,,
360,0.22695665523775385,91.34199134199135,,
361,0.20833045288296834,92.4963924963925,,
362,0.2317792433078843,90.18759018759019,,
363,0.2597334204943149,90.47619047619048,,
364,0.24631285873842446,89.32178932178932,,
365,0.21759269907963052,91.77489177489177,,
366,0.2573938137525088,89.6103896103896,,
367,0.2470309240004373,89.46608946608947,,
368,0.242578356124966,89.75468975468975,,
369,0.2375713414788074,90.33189033189034,,
370,0.22806153303444987,90.9090909090909,,
371,0.2386641561296939,90.47619047619048,,
372,0.23552264361326486,89.32178932178932,,
373,0.2245045146040758,91.05339105339105,,
374,0.2324282590939541,92.20779220779221,,
375,0.21774136043633474,90.76479076479076,0.4241756386571116,80.51948051948052
376,0.21831844156556918,90.47619047619048,,
377,0.23044652352042355,91.63059163059162,,
378,0.2200970376504405,91.91919191919192,,
379,0.22198708379079427,91.91919191919192,,
380,0.23209568656024135,90.76479076479076,,
381,0.2299464682996015,90.9090909090909,,
382,0.22270538654678312,91.48629148629149,,
383,0.23089417965725215,91.63059163059162,,
384,0.2344844334397309,90.76479076479076,,
385,0.24273243359415045,90.62049062049061,,
386,0.24816296162543358,89.17748917748918,,
387,0.23361699758325993,90.18759018759019,,
388,0.2075810485545003,91.63059163059162,,
389,0.2319510303770997,90.04329004329004,,
390,0.22241831718155144,90.62049062049061,,
391,0.22205130476370175,91.63059163059162,,
392,0.22040833294133602,91.05339105339105,,
393,0.23557376265955865,90.04329004329004,,
394,0.22163657218346863,91.48629148629149,,
395,0.23038482130605936,90.76479076479076,,
396,0.2364398648298492,90.47619047619048,,
397,0.2515688833994267,89.8989898989899,,
398,0.2492638359956368,89.6103896103896,,
399,0.2334163234196872,89.6103896103896,,
400,0.22403250645421457,91.48629148629149,0.40832010105058747,84.41558441558442
401,0.23380462688758089,90.9090909090909,,
402,0.22370965346629484,90.9090909090909,,
403,0.22527620161938633,92.06349206349206,,
404,0.23479684630427697,91.34199134199135,,
405,0.218038799055727,91.77489177489177,,
406,0.2222383257544574,91.34199134199135,,
407,0.24697140325801542,92.06349206349206,,
408,0.21261635835552628,92.06349206349206,,
409,0.21169373264044394,89.8989898989899,,
410,0.21849979796751925,91.48629148629149,,
411,0.20688999073329942,91.91919191919192,,
412,0.23768473716525287,90.33189033189034,,
413,0.23209118589350328,90.18759018759019,,
414,0.21886965507724757,90.33189033189034,,
415,0.21451037095975223,92.4963924963925,,
416,0.20635710891556602,91.63059163059162,,
417,0.2071217325278175,91.48629148629149,,
418,0.227267427426396,90.9090909090909,,
419,0.2084959415990381,91.34199134199135,,
420,0.20238504073922597,92.92929292929293,,
421,0.23805351120999022,89.8989898989899,,
422,0.2244980747651572,91.48629148629149,,
423,0.2413466131747371,90.18759018759019,,
424,0.2112063350099506,92.92929292929293,,
425,0.2237282313599989,90.18759018759019,0.4676327627974671,83.11688311688312
426,0.21939327840896225,91.48629148629149,,
427,0.20117751985229282,93.07359307359307,,
428,0.22116268514877274,92.20779220779221,,
429,0.21305450926095376,92.06349206349206,,
430,0.22706037766231604,91.05339105339105,,
431,0.2239432360810291,90.9090909090909,,
432,0.20402140276772635,92.4963924963925,,
433,0.22073257322091216,90.76479076479076,,
434,0.20912608570952781,92.20779220779221,,
435,0.20013289630929113,92.06349206349206,,
436,0.21848908939746894,91.05339105339105,,
437,0.1957256204306187,93.21789321789322,,
438,0.20630167713079703,92.06349206349206,,
439,0.2040043209194277,90.76479076479076,,
440,0.23612588066688348,89.75468975468975,,
441,0.22773421913772435,89.75468975468975,,
442,0.22042880128816436,91.1976911976912,,
443,0.20640122254001458,91.48629148629149,,
444,0.20741648152793124,91.77489177489177,,
445,0.25164524886574363,89.6103896103896,,
446,0.19600273180392827,93.07359307359307,,
447,0.23809597309017594,90.18759018759019,,
448,0.21217812828364827,92.20779220779221,,
449,0.1907306984819547,92.06349206349206,,
450,0.20852982726157743,91.91919191919192,0.44484796713698993,84.41558441558442
451,0.22254884256853644,90.9090909090909,,
452,0.21130700046021872,91.91919191919192,,
453,0.19728367331922914,91.63059163059162,,
454,0.19695246698063346,92.20779220779221,,
455,0.22397726919356878,91.05339105339105,,
456,0.21829702473994114,91.63059163059162,,
457,0.21071605141372735,91.63059163059162,,
458,0.22320502764218814,90.76479076479076,,
459,0.19615108004810147,92.20779220779221,,
460,0.21104594589913905,91.48629148629149,,
461,0.19375172629414872,91.34199134199135,,
462,0.21639697839644392,91.48629148629149,,
463,0.19630715530500095,92.4963924963925,,
464,0.20803813270762198,91.05339105339105,,
465,0.20580245026563326,90.9090909090909,,
466,0.1902269156593265,92.64069264069263,,
467,0.2150749284639675,91.1976911976912,,
468,0.22118623982604277,91.1976911976912,,
469,0.21653701971361647,92.4963924963925,,
470,0.194623341571545,93.21789321789322,,
471,0.19178021520720243,91.77489177489177,,
472,0.1882954038367815,93.21789321789322,,
473,0.19751507465285484,92.92929292929293,,
474,0.20448304951448978,91.63059163059162,,
475,0.19849259426755478,92.92929292929293,0.42663607252882674,80.51948051948052
476,0.2207572798407267,91.48629148629149,,
477,0.22206807158038042,92.06349206349206,,
478,0.20730971971803586,93.21789321789322,,
479,0.1984350702054745,91.91919191919192,,
480,0.2052403704772608,91.63059163059162,,
481,0.21166825528870759,90.33189033189034,,
482,0.20644164053134587,92.20779220779221,,
483,0.18250789855637764,93.07359307359307,,
484,0.20953797431821258,90.76479076479076,,
485,0.21734425642703692,89.46608946608947,,
486,0.223043399756777,91.77489177489177,,
487,0.19259237137342256,92.4963924963925,,
488,0.1681285235186848,92.78499278499278,,
489,0.20427945179899706,90.9090909090909,,
490,0.20205851478709114,91.63059163059162,,
491,0.19339060387742124,92.64069264069263,,
492,0.21376684871414867,92.06349206349206,,
493,0.18721741227188496,91.77489177489177,,
494,0.21932198517400808,90.47619047619048,,
495,0.18534183186112027,92.4963924963925,,
496,0.20149042604633569,93.36219336219337,,
497,0.19163218286818412,92.78499278499278,,
498,0.21066993199729644,91.48629148629149,,
499,0.22710901589104623,90.47619047619048,,
500,0.2053733409139157,90.76479076479076,0.4465504257709949,87.01298701298701
501,0.19964156425887286,90.76479076479076,,
502,0.20496592310513942,92.92929292929293,,
503,0.2138897603724426,91.91919191919192,,
504,0.20400074455473158,91.1976911976912,,
505,0.20678375181869682,91.1976911976912,,
506,0.20451544063947932,92.20779220779221,,
507,0.20246827967927225,91.77489177489177,,
508,0.20776152705389356,92.06349206349206,,
509,0.21245076712677832,91.63059163059162,,
510,0.20907980375110158,90.76479076479076,,
511,0.19321185006379737,91.63059163059162,,
512,0.20537211522352472,91.1976911976912,,
513,0.1997850224225208,93.07359307359307,,
514,0.19718180691439008,91.34199134199135,,
515,0.21355906629889215,90.9090909090909,,
516,0.18796155020100042,92.78499278499278,,
517,0.19284283835306484,92.35209235209236,,
518,0.16648658718725648,93.65079365079364,,
519,0.1945606910423369,91.77489177489177,,
520,0.18197192292536837,92.78499278499278,,
521,0.21310644511880641,90.76479076479076,,
522,0.19041124183797475,91.48629148629149,,
523,0.22629534044608066,91.05339105339105,,
524,0.1753858562241729,93.07359307359307,,
525,0.20466160531253869,92.06349206349206,0.4734550497748635,81.81818181818181
526,0.18536430182309033,92.35209235209236,,
527,0.2161176941783569,91.91919191919192,,
528,0.18790328844543144,90.76479076479076,,
529,0.20690183259794034,91.34199134199135,,
530,0.17043707170355715,93.21789321789322,,
531,0.1910755140236532,91.63059163059162,,
532,0.19273936780489453,93.21789321789322,,
533,0.1685280099317625,93.50649350649351,,
534,0.20583745046998514,92.06349206349206,,
535,0.19674633424003402,91.91919191919192,,
536,0.18221244267436634,92.78499278499278,,
537,0.20781937254455699,92.78499278499278,,
538,0.19410398813209148,91.63059163059162,,
539,0.18967987560434602,92.06349206349206,,
540,0.18036888483884875,93.36219336219337,,
541,0.19818556205534832,92.92929292929293,,
542,0.19777587991514248,91.1976911976912,,
543,0.18186271743254917,92.64069264069263,,
544,0.19107505163073024,91.48629148629149,,
545,0.1925916179133012,92.92929292929293,,
546,0.1830948685789091,93.07359307359307,,
547,0.178859025702246,91.63059163059162,,
548,0.1716965983862334,94.22799422799423,,
549,0.18390441252641693,93.65079365079364,,
550,0.1948577957859459,92.06349206349206,0.4332438747991215,84.41558441558442
551,0.18713531805495334,92.20779220779221,,
552,0.19399209794135494,93.07359307359307,,
553,0.18469379668111924,92.78499278499278,,
554,0.1886487782302529,92.78499278499278,,
555,0.18012175925108262,92.20779220779221,,
556,0.17744377030739708,93.79509379509379,,
557,0.17796163310526641,93.21789321789322,,
558,0.18526187453628618,93.21789321789322,,
559,0.18388512308076346,93.07359307359307,,
560,0.17575574712491826,92.64069264069263,,
561,0.20198874593770177,90.9090909090909,,
562,0.20298258184010504,92.06349206349206,,
563,0.18901103545748998,92.92929292929293,,
564,0.18245264128775135,92.06349206349206,,
565,0.189142342748236,93.36219336219337,,
566,0.1995597518335431,91.34199134199135,,
567,0.18161420036015916,93.21789321789322,,
568,0.17111886162606496,93.79509379509379,,
569,0.17732674351115246,93.21789321789322,,
570,0.1767910628312121,92.4963924963925,,
571,0.19675689305663968,92.20779220779221,,
572,0.1860314417861585,92.20779220779221,,
573,0.1834076013399925,92.78499278499278,,
574,0.19308101597630445,91.91919191919192,,
575,0.19214298568590724,93.07359307359307,0.4576482873458367,87.01298701298701
576,0.18713599176805945,92.4963924963925,,
577,0.18419745181718086,92.92929292929293,,
578,0.15726908145561105,93.65079365079364,,
579,0.19450389229374015,92.35209235209236,,
580,0.19217747297644627,92.4963924963925,,
581,0.16419003667339446,93.93939393939394,,
582,0.20057016649803558,91.91919191919192,,
583,0.1845926386001822,91.63059163059162,,
584,0.16820046636793348,93.36219336219337,,
585,0.1914693358344863,92.92929292929293,,
586,0.18215580604443646,93.50649350649351,,
587,0.18170441472083115,92.20779220779221,,
588,0.16687453412390374,93.21789321789322,,
589,0.16708358807266188,92.92929292929293,,
590,0.1677494380262937,94.22799422799423,,
591,0.1956869163812497,92.20779220779221,,
592,0.16898552292869204,93.79509379509379,,
593,0.19185902700795757,91.63059163059162,,
594,0.2113094652746233,91.91919191919192,,
595,0.1681633601704287,93.79509379509379,,
596,0.17610016406055481,93.93939393939394,,
597,0.17600916429795055,93.93939393939394,,
598,0.19881864750561604,91.48629148629149,,
599,0.18949498120066408,91.63059163059162,,
600,0.19208240053182385,91.63059163059162,0.4776847873415266,85.71428571428571
601,0.19635909537463564,92.20779220779221,,
602,0.1881133672306892,93.65079365079364,,
603,0.19663750638843958,91.63059163059162,,
604,0.1788201191372535,92.78499278499278,,
605,0.18176183093763876,93.21789321789322,,
606,0.1763254761975393,92.35209235209236,,
607,0.19567561265710112,92.06349206349206,,
608,0.17210313219786721,92.78499278499278,,
609,0.18703466345264455,92.78499278499278,,
610,0.17607819920064394,92.92929292929293,,
611,0.20909390569507302,91.91919191919192,,
612,0.16741330442146476,93.65079365079364,,
613,0.1743930403847371,93.65079365079364,,
614,0.17447476602907994,93.21789321789322,,
615,0.1641662973604161,94.22799422799423,,
616,0.18788943576262282,92.64069264069263,,
617,0.15908961679684308,94.66089466089466,,
618,0.17343177801215803,92.78499278499278,,
619,0.14932477128024052,94.37229437229438,,
620,0.20830564405150917,92.20779220779221,,
621,0.15668187585953638,93.50649350649351,,
622,0.17873145046430233,93.65079365079364,,
623,0.17491357798807722,92.4963924963925,,
624,0.19628144888822824,91.05339105339105,,
625,0.16806339327391093,92.4963924963925,0.4736223383383317,84.41558441558442
626,0.1745747035586989,93.07359307359307,,
627,0.17560091688906476,92.78499278499278,,
628,0.19742310277225308,92.20779220779221,,
629,0.15867433115882962,94.08369408369408,,
630,0.1820995778726981,92.92929292929293,,
631,0.19379509784399518,92.20779220779221,,
632,0.19361243421725208,92.20779220779221,,
633,0.18615560326053296,92.20779220779221,,
634,0.19541951244183606,92.35209235209236,,
635,0.18388358773435176,93.21789321789322,,
636,0.19440333923246997,92.35209235209236,,
637,0.1744433922470046,92.64069264069263,,
638,0.1763094917939597,93.07359307359307,,
639,0.18398628726838126,92.78499278499278,,
640,0.1815466160898085,94.08369408369408,,
641,0.16001665053558556,93.36219336219337,,
642,0.1598208790314404,93.79509379509379,,
643,0.16648102062519152,92.20779220779221,,
644,0.165422343932533,92.4963924963925,,
645,0.15742814992413376,93.50649350649351,,
646,0.17860769990611214,92.92929292929293,,
647,0.18502246906704028,93.07359307359307,,
648,0.19124377597376038,91.77489177489177,,
649,0.1834168304591124,93.07359307359307,,
650,0.18689041680415816,93.07359307359307,0.49889362555045585,84.41558441558442
651,0.17717236706188746,92.4963924963925,,
652,0.17198379429172816,94.08369408369408,,
653,0.17256249114333466,92.20779220779221,,
654,0.15655326346556345,94.51659451659452,,
655,0.17108819880999873,92.35209235209236,,
656,0.1856597556664056,92.78499278499278,,
657,0.18668181095460448,92.92929292929293,,
658,0.1539321051437467,93.93939393939394,,
659,0.1820861172753495,93.36219336219337,,
660,0.16587608850535548,93.65079365079364,,
661,0.18926475746463042,92.06349206349206,,
662,0.16466524508414845,94.08369408369408,,
663,0.18049452323762197,92.4963924963925,,
664,0.16602026479531073,93.36219336219337,,
665,0.1811913156836236,92.64069264069263,,
666,0.17933369164515023,93.36219336219337,,
667,0.16689934993020297,92.92929292929293,,
668,0.16475250466604424,93.93939393939394,,
669,0.1824403702567666,92.78499278499278,,
670,0.18128145153904374,93.65079365079364,,
671,0.16487743339970343,94.22799422799423,,
672,0.1995248312041873,93.36219336219337,,
673,0.16718418486577608,92.92929292929293,,
674,0.1755392739783118,92.78499278499278,,
675,0.16965720661704847,92.92929292929293,0.46186540246783914,88.31168831168831
676,0.16160166930154632,91.91919191919192,,
677,0.18374659166191565,91.77489177489177,,
678,0.19549302596593487,92.78499278499278,,
679,0.1789489161185544,93.21789321789322,,
680,0.18716751823865663,93.50649350649351,,
681,0.16569825262906404,93.50649350649351,,
682,0.18104240317623338,93.36219336219337,,
683,0.1654506858551141,93.79509379509379,,
684,0.1806335382346295,93.07359307359307,,
685,0.1556962707643041,93.79509379509379,,
686,0.16943225103281276,93.65079365079364,,
687,0.1570749566238508,93.65079365079364,,
688,0.14614311174568848,94.37229437229438,,
689,0.18294940063189635,91.48629148629149,,
690,0.20022402393052416,91.77489177489177,,
691,0.1556935819110485,94.37229437229438,,
692,0.15399303881808965,93.36219336219337,,
693,0.18093795951826747,92.78499278499278,,
694,0.186593075507303,92.4963924963925,,
695,0.17088861049866522,93.93939393939394,,
696,0.15531633289538938,93.65079365079364,,
697,0.18028625955571345,93.50649350649351,,
698,0.16220160225919658,92.78499278499278,,
699,0.15623444972444234,93.65079365079364,,
700,0.15674421253034906,92.4963924963925,0.45805915706343464,85.71428571428571
701,0.18015840152899423,92.64069264069263,,
702,0.19182822491011406,94.22799422799423,,
703,0.17745829617650305,92.92929292929293,,
704,0.16117436360315154,93.93939393939394,,
705,0.14798049215888565,95.67099567099567,,
706,0.17482332999228056,92.92929292929293,,
707,0.17605756541437229,93.07359307359307,,
708,0.17878069712486103,92.20779220779221,,
709,0.15634699825944667,93.93939393939394,,
710,0.17438094403922644,93.50649350649351,,
711,0.15743989795231372,93.36219336219337,,
712,0.16815039704716395,93.93939393939394,,
713,0.1550334125628203,93.50649350649351,,
714,0.1697808989628741,92.64069264069263,,
715,0.16316023545775127,93.65079365079364,,
716,0.1920130897856292,92.4963924963925,,
717,0.17850962090930897,93.50649350649351,,
718,0.16892293231053787,93.79509379509379,,
719,0.15839260245685455,93.50649350649351,,
720,0.16993265090749463,93.65079365079364,,
721,0.17149876114007886,93.50649350649351,,
722,0.16130980169790304,94.66089466089466,,
723,0.16175765494451808,93.93939393939394,,
724,0.18008159024272688,92.35209235209236,,
725,0.16382662317625543,92.78499278499278,0.4959383374684817,81.81818181818181
726,0.17414792789439273,93.65079365079364,,
727,0.17719247640469374,93.79509379509379,,
728,0.1534805532227691,93.79509379509379,,
729,0.1725685192059731,92.35209235209236,,
730,0.1651756509729966,93.93939393939394,,
731,0.2007723819211792,93.50649350649351,,
732,0.1786989136605724,92.20779220779221,,
733,0.16019026802323252,93.65079365079364,,
734,0.1490375435068494,93.93939393939394,,
735,0.1758021568438686,92.4963924963925,,
736,0.15920161620363013,94.08369408369408,,
737,0.15366400860002719,93.93939393939394,,
738,0.16422767012580305,93.93939393939394,,
739,0.15482539200851583,93.65079365079364,,
740,0.16001102393076447,94.08369408369408,,
741,0.15500569328515215,93.93939393939394,,
742,0.15718121966414295,93.50649350649351,,
743,0.19576736807307124,91.77489177489177,,
744,0.158962098080638,94.8051948051948,,
745,0.15670877056462423,93.65079365079364,,
746,0.17129133445510444,93.50649350649351,,
747,0.14311798406606285,94.08369408369408,,
748,0.14171519846498193,94.08369408369408,,
749,0.19879815898416361,92.4963924963925,,
750,0.1862547036265742,92.35209235209236,0.5238220219488268,81.81818181818181
751,0.16426956551458585,93.50649350649351,,
752,0.15734922090306083,94.51659451659452,,
753,0.17260618660529112,92.78499278499278,,
754,0.18293458730799467,92.64069264069263,,
755,0.1366252526089893,94.51659451659452,,
756,0.14574746925163407,93.79509379509379,,
757,0.1479956495641458,94.94949494949495,,
758,0.18492803460828325,93.79509379509379,,
759,0.15725004799868295,94.66089466089466,,
760,0.18119096665671378,93.07359307359307,,
761,0.15612283607065935,94.22799422799423,,
762,0.1680280738234692,93.36219336219337,,
763,0.16094171499879156,92.35209235209236,,
764,0.16738534576987274,93.36219336219337,,
765,0.14244367683260645,94.22799422799423,,
766,0.16997293072173433,93.50649350649351,,
767,0.14746972492762975,94.66089466089466,,
768,0.13655003805310179,94.66089466089466,,
769,0.16948752246076754,92.06349206349206,,
770,0.14285530018772052,94.51659451659452,,
771,0.15198506612712342,93.21789321789322,,
772,0.16697082641933644,93.36219336219337,,
773,0.15865235239224346,93.79509379509379,,
774,0.1545206508982233,93.36219336219337,,
775,0.17422085422028022,92.4963924963925,0.5252003754888263,84.41558441558442
776,0.15254057615909397,92.64069264069263,,
777,0.15654355063460784,94.22799422799423,,
778,0.15746576358492972,93.50649350649351,,
779,0.15128871458777446,94.37229437229438,,
780,0.15938494452322371,93.65079365079364,,
781,0.1849823460079633,92.06349206349206,,
782,0.16871154157802312,92.92929292929293,,
783,0.17255164308723434,93.79509379509379,,
784,0.16134981512432062,93.79509379509379,,
785,0.16585941664057463,93.79509379509379,,
786,0.1614748067067987,93.50649350649351,,
787,0.16153253554695784,94.08369408369408,,
788,0.16674730581638617,92.78499278499278,,
789,0.15950647233293255,93.79509379509379,,
790,0.16487440849623466,92.92929292929293,,
791,0.15488215361709717,93.79509379509379,,
792,0.18175500566825206,92.20779220779221,,
793,0.15886009320036157,93.65079365079364,,
794,0.16190034047865764,93.65079365079364,,
795,0.1739736988946989,92.64069264069263,,
796,0.1492691155654764,93.36219336219337,,
797,0.17631439940968976,93.07359307359307,,
798,0.1596443641065347,93.50649350649351,,
799,0.17262744087548482,93.65079365079364,,
800,0.15404209249463433,94.37229437229438,0.48239589627687035,85.71428571428571
801,0.15820723920415491,93.21789321789322,,
802,0.17586986857102202,93.07359307359307,,
803,0.15861263057327202,94.94949494949495,,
804,0.1614314600137233,92.78499278499278,,
805,0.15343793787997523,93.50649350649351,,
806,0.17326103350816868,92.92929292929293,,
807,0.15561317096626948,93.36219336219337,,
808,0.1683819717680565,93.36219336219337,,
809,0.168590693134199,93.65079365079364,,
810,0.16530226220472208,94.22799422799423,,
811,0.14576842170343082,93.21789321789322,,
812,0.13688195259196073,93.93939393939394,,
813,0.1605339084320512,94.08369408369408,,
814,0.17224834287407423,93.65079365079364,,
815,0.1470164434841873,94.51659451659452,,
816,0.16477927563961967,92.64069264069263,,
817,0.1414108154448596,95.38239538239539,,
818,0.1542574270893141,94.94949494949495,,
819,0.14914592842519026,93.65079365079364,,
820,0.14305273603653323,94.94949494949495,,
821,0.14132828270804143,93.36219336219337,,
822,0.16048918296226863,93.79509379509379,,
823,0.15984265360051247,93.79509379509379,,
824,0.15068375838256587,94.22799422799423,,
825,0.14371358934913533,94.51659451659452,0.5445074737071991,84.41558441558442
826,0.1481426175990146,94.22799422799423,,
827,0.14838675206357782,94.94949494949495,,
828,0.143176363399427,92.92929292929293,,
829,0.15102625246365348,93.93939393939394,,
830,0.15429979668389926,93.93939393939394,,
831,0.14054606654943325,93.93939393939394,,
832,0.15286126109256717,93.93939393939394,,
833,0.17690106736117112,93.07359307359307,,
834,0.15514256152583752,94.8051948051948,,
835,0.14168952130222046,93.93939393939394,,
836,0.15293291202527276,92.64069264069263,,
837,0.1502890418489258,93.65079365079364,,
838,0.17226036293983116,94.08369408369408,,
839,0.1371898227955872,95.23809523809524,,
840,0.17636781840613394,93.36219336219337,,
841,0.14929601070598778,94.08369408369408,,
842,0.15532731115387977,93.21789321789322,,
843,0.15762963250257925,94.51659451659452,,
844,0.16514900954598816,93.21789321789322,,
845,0.1431226787543056,94.22799422799423,,
846,0.14826688570915192,94.22799422799423,,
847,0.16405591424581464,93.07359307359307,,
848,0.16669794705308016,94.22799422799423,,
849,0.14792382241929591,93.65079365079364,,
850,0.1295241155429148,94.66089466089466,0.6294917077213139,85.71428571428571
851,0.14648594265376336,95.23809523809524,,
852,0.16691837867273052,93.65079365079364,,
853,0.17667072173073609,93.65079365079364,,
854,0.1562026406908448,93.07359307359307,,
855,0.14541286618205548,94.8051948051948,,
856,0.1383220221831169,95.23809523809524,,
857,0.1626762186982071,94.66089466089466,,
858,0.14139836536341416,94.94949494949495,,
859,0.16241567128695397,93.65079365079364,,
860,0.13250432086874656,95.0937950937951,,
861,0.1590319001915479,93.79509379509379,,
862,0.17228321168870056,92.20779220779221,,
863,0.1555257181557699,93.65079365079364,,
864,0.14281737105047376,94.37229437229438,,
865,0.12148443092343439,96.3924963924964,,
866,0.16998436007363799,93.07359307359307,,
867,0.14016541323125964,94.66089466089466,,
868,0.13339636911884015,94.8051948051948,,
869,0.16997461448575424,93.21789321789322,,
870,0.14683205104859015,94.8051948051948,,
871,0.16192937813279948,93.93939393939394,,
872,0.14600875341531003,94.37229437229438,,
873,0.16508947619241038,92.92929292929293,,
874,0.1343258475994995,94.66089466089466,,
875,0.15431044116336717,94.08369408369408,0.6146366286587406,80.51948051948052
876,0.15779334543243287,94.22799422799423,,
877,0.13666170412166553,94.37229437229438,,
878,0.18074736454890986,92.4963924963925,,
879,0.16013395156802726,93.36219336219337,,
880,0.16415539728464157,93.21789321789322,,
881,0.14321447306811208,94.08369408369408,,
882,0.14317706257405907,94.37229437229438,,
883,0.13183500928452177,94.94949494949495,,
884,0.14570817740534636,94.08369408369408,,
885,0.14354269494656016,94.22799422799423,,
886,0.13519497514093592,95.38239538239539,,
887,0.13287981291009923,94.66089466089466,,
888,0.16206818839607687,92.64069264069263,,
889,0.1239840854039956,95.0937950937951,,
890,0.10826617870936749,95.81529581529581,,
891,0.12676102193919095,94.66089466089466,,
892,0.15377890380451517,94.08369408369408,,
893,0.13839810906034528,94.66089466089466,,
894,0.14444955438375473,93.65079365079364,,
895,0.1470749650747229,94.08369408369408,,
896,0.13909026174060193,94.22799422799423,,
897,0.14298160765508208,93.93939393939394,,
898,0.15678700750954394,94.51659451659452,,
899,0.13993397226602827,95.38239538239539,,
900,0.12957849887483264,95.23809523809524,0.5638109755206417,81.81818181818181
901,0.13805279531348147,94.22799422799423,,
902,0.1467862878247429,93.50649350649351,,
903,0.14483775282318975,94.66089466089466,,
904,0.1419138380400749,94.08369408369408,,
905,0.1790114352734918,93.36219336219337,,
906,0.13847686970689768,94.66089466089466,,
907,0.1554100936894207,94.66089466089466,,
908,0.15339559746683074,93.65079365079364,,
909,0.14557808367763936,94.51659451659452,,
910,0.16294134226540294,93.50649350649351,,
911,0.1523626953320414,94.08369408369408,,
912,0.14665148948006126,94.8051948051948,,
913,0.16203411585754818,93.93939393939394,,
914,0.13931582941072973,96.1038961038961,,
915,0.17772316300171773,92.92929292929293,,
916,0.14917255594014778,94.94949494949495,,
917,0.1591945927036445,93.65079365079364,,
918,0.12984118114721466,94.8051948051948,,
919,0.15142773136141754,94.8051948051948,,
920,0.12098114948362262,95.23809523809524,,
921,0.15352878980822376,94.94949494949495,,
922,0.139479353036755,94.37229437229438,,
923,0.1426372503778463,93.93939393939394,,
924,0.14447255204680334,94.51659451659452,,
925,0.1339280709387764,94.22799422799423,0.5371215629887272,83.11688311688312
926,0.14408961319046104,94.22799422799423,,
927,0.16766256231594223,93.21789321789322,,
928,0.1336936652741004,94.66089466089466,,
929,0.1533010969580854,93.21789321789322,,
930,0.13896473229447484,95.0937950937951,,
931,0.13996617695985936,93.93939393939394,,
932,0.14488754019377723,95.0937950937951,,
933,0.1302121796821275,94.94949494949495,,
934,0.1480216131495879,93.50649350649351,,
935,0.16071599930481822,94.51659451659452,,
936,0.1512493761457922,94.22799422799423,,
937,0.1597547850623313,93.36219336219337,,
938,0.13419135037976254,94.51659451659452,,
939,0.2087266171649421,93.36219336219337,,
940,0.1535969672652034,93.36219336219337,,
941,0.13283825770536542,95.38239538239539,,
942,0.15003109290257827,94.08369408369408,,
943,0.12868136890006787,94.94949494949495,,
944,0.13813048726939536,94.66089466089466,,
945,0.11404265917052782,95.95959595959596,,
946,0.13204199548751588,94.66089466089466,,
947,0.1330376552554952,94.94949494949495,,
948,0.13649606328419964,95.0937950937951,,
949,0.13633015428227607,94.37229437229438,,
950,0.1266181291998895,94.94949494949495,0.607485239381914,83.11688311688312
951,0.1551009885117433,94.94949494949495,,
952,0.12101471485519005,95.38239538239539,,
953,0.13842851109332358,94.51659451659452,,
954,0.1487302001845226,94.66089466089466,,
955,0.13347430167582644,94.22799422799423,,
956,0.16110739376379815,93.93939393939394,,
957,0.11498910413643756,95.38239538239539,,
958,0.16345259659046046,93.65079365079364,,
959,0.131117418902949,94.66089466089466,,
960,0.1411446441948672,94.22799422799423,,
961,0.12245198079851197,94.37229437229438,,
962,0.15627148354756626,93.79509379509379,,
963,0.14629238207446893,93.93939393939394,,
964,0.14597588377597528,94.8051948051948,,
965,0.1509482528783198,93.79509379509379,,
966,0.12666475830376578,95.67099567099567,,
967,0.14315132218887452,94.08369408369408,,
968,0.1506492305348102,94.08369408369408,,
969,0.15014708056121334,94.22799422799423,,
970,0.1427535842274266,94.37229437229438,,
971,0.12531740639847938,95.38239538239539,,
972,0.15195141059667688,93.36219336219337,,
973,0.14662318690686688,94.51659451659452,,
974,0.1426555709899934,93.65079365079364,,
975,0.13308337833974268,95.81529581529581,0.6175459174366741,84.41558441558442
976,0.1299647009282401,95.0937950937951,,
977,0.15681584557843586,94.08369408369408,,
978,0.14768133264620928,94.37229437229438,,
979,0.15953064377958553,94.08369408369408,,
980,0.17076110091560331,94.37229437229438,,
981,0.11601360740535187,95.67099567099567,,
982,0.12492085916687658,95.52669552669553,,
983,0.14570990656361435,94.66089466089466,,
984,0.15172295136885208,93.50649350649351,,
985,0.11750693139747796,95.0937950937951,,
986,0.13374968900911047,93.79509379509379,,
987,0.1279246219867924,95.95959595959596,,
988,0.13709744305751712,94.94949494949495,,
989,0.14357843967141182,94.37229437229438,,
990,0.14136442124929607,94.8051948051948,,
991,0.1263894738917055,94.51659451659452,,
992,0.13481947057174914,94.66089466089466,,
993,0.14125263025449297,94.94949494949495,,
994,0.13883966398875608,95.38239538239539,,
995,0.11720223271141493,95.23809523809524,,
996,0.1218183638815584,95.0937950937951,,
997,0.11703171343428403,95.67099567099567,,
998,0.17590355989220854,93.65079365079364,,
999,0.14842001340132943,93.93939393939394,,
1000,0.14284215245024984,93.65079365079364,0.5285145044326782,83.11688311688312
