epoch,train_loss,train_acc,test_loss,test_acc
1,0.6875682941934935,55.98845598845599,0.6858152723931646,55.84415584415584
2,0.6868121359083388,55.98845598845599,,
3,0.6848214515531906,55.98845598845599,,
4,0.6861067475350561,55.98845598845599,,
5,0.6846153142648342,55.98845598845599,,
6,0.6829250872909248,55.98845598845599,,
7,0.6806701257459357,55.98845598845599,,
8,0.6791472994059883,55.98845598845599,,
9,0.6738885579171119,55.55555555555556,,
10,0.6683576756397539,55.84415584415584,,
11,0.6619395334999283,55.84415584415584,,
12,0.6563070070691955,59.307359307359306,,
13,0.6476968103673035,60.60606060606061,,
14,0.6375950474243659,61.76046176046176,,
15,0.6293014415242799,62.77056277056277,,
16,0.6192481293306722,66.37806637806638,,
17,0.6154193493710968,67.96536796536796,,
18,0.6039411349041981,69.55266955266956,,
19,0.5881694639571989,69.40836940836941,,
20,0.5835399577799986,71.13997113997114,,
21,0.5758768628427993,70.41847041847042,,
22,0.5749748924593905,73.16017316017316,,
23,0.5545459060269861,75.03607503607503,,
24,0.5456184494977045,72.43867243867244,,
25,0.5643004595287262,72.005772005772,0.5520001007364942,74.02597402597402
26,0.5370675005438008,74.45887445887446,,
27,0.5289089967850139,72.87157287157287,,
28,0.5363785670949267,71.71717171717172,,
29,0.5246659530189647,74.45887445887446,,
30,0.5157244689708836,74.60317460317461,,
31,0.5294891939018712,73.88167388167388,,
32,0.5202906910991256,74.60317460317461,,
33,0.5137568570318676,75.03607503607503,,
34,0.5054813726639851,75.75757575757575,,
35,0.4947321552562851,76.33477633477634,,
36,0.49715446010984554,76.76767676767676,,
37,0.4909749927286806,76.62337662337663,,
38,0.4940239375115817,78.06637806637806,,
39,0.48519338785655913,77.2005772005772,,
40,0.49068631491963827,75.9018759018759,,
41,0.49792462750774785,75.32467532467533,,
42,0.49534522949531135,75.61327561327562,,
43,0.4890753681009466,74.74747474747475,,
44,0.4703908719197668,78.4992784992785,,
45,0.4677658040630181,76.91197691197691,,
46,0.4602878261868228,79.07647907647907,,
47,0.45579139473290325,79.50937950937951,,
48,0.4452040708942331,79.36507936507937,,
49,0.4505714663179406,79.65367965367966,,
50,0.45480409423682255,78.35497835497836,0.476719984373489,80.51948051948052
51,0.4558462059343016,79.65367965367966,,
52,0.4623204078767207,77.34487734487735,,
53,0.4570231487138619,78.06637806637806,,
54,0.4492105920765479,78.35497835497836,,
55,0.46461505880431525,78.21067821067821,,
56,0.4550311429073972,77.05627705627705,,
57,0.433199044773933,81.96248196248196,,
58,0.43202907999528606,81.0966810966811,,
59,0.43482552892373927,80.66378066378067,,
60,0.4494267409670061,77.77777777777777,,
61,0.4286447994808786,79.65367965367966,,
62,0.4389287723177267,79.22077922077922,,
63,0.4212611033802941,80.23088023088023,,
64,0.4329062468905814,79.94227994227994,,
65,0.4379090933830707,80.37518037518038,,
66,0.42250817515289285,79.65367965367966,,
67,0.41286386048466955,80.08658008658008,,
68,0.3995564131853728,80.51948051948052,,
69,0.40132694152784554,81.0966810966811,,
70,0.4207319127876865,81.0966810966811,,
71,0.4347007293549795,79.50937950937951,,
72,0.41302581787281395,81.81818181818181,,
73,0.4245901694588503,80.37518037518038,,
74,0.41678236095936266,80.51948051948052,,
75,0.40542864831753106,82.68398268398268,0.43804076043042267,80.51948051948052
76,0.4091810505799573,80.66378066378067,,
77,0.37808554616325346,82.82828282828282,,
78,0.4042949324734455,81.52958152958153,,
79,0.41876395121969356,80.37518037518038,,
80,0.4116779581292883,82.68398268398268,,
81,0.39811030825839244,80.95238095238095,,
82,0.39500775337649285,80.8080808080808,,
83,0.40265385602287745,82.3953823953824,,
84,0.4090863565173844,81.0966810966811,,
85,0.41083731920516164,80.8080808080808,,
86,0.40617179965216016,81.52958152958153,,
87,0.4013266303881594,81.38528138528139,,
88,0.4085014547190453,81.38528138528139,,
89,0.3978540240686177,81.67388167388168,,
90,0.3857361674523801,82.82828282828282,,
91,0.40815762997017624,81.52958152958153,,
92,0.3990805193803355,81.52958152958153,,
93,0.40299797006499716,82.1067821067821,,
94,0.38112895945449926,83.11688311688312,,
95,0.3737897397721829,82.82828282828282,,
96,0.4068064166697933,83.98268398268398,,
97,0.37402122301112695,84.12698412698413,,
98,0.3789794174537686,82.82828282828282,,
99,0.37722801989076116,82.1067821067821,,
100,0.36986560192803114,83.11688311688312,0.4777839199289099,76.62337662337663
101,0.3954665908995817,81.24098124098124,,
102,0.3890240839635483,81.96248196248196,,
103,0.3960255070080145,80.95238095238095,,
104,0.38256929146090973,82.53968253968254,,
105,0.3720117027281339,82.82828282828282,,
106,0.3702747624845904,82.82828282828282,,
107,0.3771064869769208,82.3953823953824,,
108,0.37014391110917017,83.40548340548341,,
109,0.3768681645565391,83.11688311688312,,
110,0.38192060959631574,82.82828282828282,,
111,0.36685801137233365,83.40548340548341,,
112,0.37274992611114083,83.26118326118326,,
113,0.39918139331784597,81.0966810966811,,
114,0.3765484049679741,83.98268398268398,,
115,0.36298020610325094,83.98268398268398,,
116,0.3820775132760685,82.82828282828282,,
117,0.3551944192353781,84.7041847041847,,
118,0.37130847801205746,83.11688311688312,,
119,0.371079228571139,84.27128427128427,,
120,0.3722130102340621,82.68398268398268,,
121,0.368382142133699,83.54978354978356,,
122,0.3521900533511697,84.7041847041847,,
123,0.36094792640914475,84.99278499278499,,
124,0.3670509062374137,83.54978354978356,,
125,0.3701860382615402,83.26118326118326,0.466287400815394,80.51948051948052
126,0.3371100790185846,86.14718614718615,,
127,0.35792070558404854,85.71428571428571,,
128,0.37050932856521224,82.3953823953824,,
129,0.35942071797742814,84.84848484848484,,
130,0.3539476707298174,84.27128427128427,,
131,0.37462661440066275,83.98268398268398,,
132,0.3826237157911793,82.82828282828282,,
133,0.36114648272636823,83.69408369408369,,
134,0.3460170662119275,83.54978354978356,,
135,0.3558815149173764,84.12698412698413,,
136,0.34627912368781294,85.71428571428571,,
137,0.3550309372412694,84.55988455988457,,
138,0.3800033763975636,82.1067821067821,,
139,0.3639435865318276,84.27128427128427,,
140,0.34251146244280267,85.71428571428571,,
141,0.33778026601108807,84.7041847041847,,
142,0.3568896844789579,84.27128427128427,,
143,0.35391380669062616,84.84848484848484,,
144,0.34294798017666284,85.28138528138528,,
145,0.34759802959354064,82.1067821067821,,
146,0.3536692916658878,84.99278499278499,,
147,0.3522941242865842,85.42568542568543,,
148,0.3386942877569928,86.2914862914863,,
149,0.3634362022512059,84.41558441558442,,
150,0.34065938339949,84.84848484848484,0.4984087317020862,77.92207792207792
151,0.34076910101490104,85.56998556998558,,
152,0.3577778280899466,83.26118326118326,,
153,0.34640979005660844,85.13708513708514,,
154,0.35033361336369534,83.54978354978356,,
155,0.3296318043878068,86.86868686868686,,
156,0.3215226736161616,86.43578643578644,,
157,0.3649907502820137,84.12698412698413,,
158,0.3557553921771084,84.41558441558442,,
159,0.3483766523360518,85.13708513708514,,
160,0.35040958202074446,85.42568542568543,,
161,0.33601968155966866,85.56998556998558,,
162,0.3326424362640532,84.84848484848484,,
163,0.3156786648795804,85.28138528138528,,
164,0.33780030396593597,84.41558441558442,,
165,0.32879016143074974,86.002886002886,,
166,0.33299847314884135,85.13708513708514,,
167,0.33487886525851823,85.56998556998558,,
168,0.3215409246358005,87.15728715728716,,
169,0.3461913654599527,86.14718614718615,,
170,0.3425868147336387,85.13708513708514,,
171,0.35235573082603244,83.98268398268398,,
172,0.33522532648080355,85.28138528138528,,
173,0.3270707707556467,84.55988455988457,,
174,0.3228952439144404,85.28138528138528,,
175,0.32972666694316344,85.85858585858585,0.5040866229441259,76.62337662337663
176,0.3352853413160573,83.98268398268398,,
177,0.3397955441199684,84.41558441558442,,
178,0.32569623023572597,86.58008658008659,,
179,0.3479577283150534,84.41558441558442,,
180,0.33043037275387266,84.12698412698413,,
181,0.3302227369849644,84.27128427128427,,
182,0.3296059241241535,87.15728715728716,,
183,0.30849979777012726,86.72438672438672,,
184,0.3391822696936251,84.7041847041847,,
185,0.3250897367193241,86.43578643578644,,
186,0.3188470173385236,86.86868686868686,,
187,0.3354420481306134,84.55988455988457,,
188,0.34261259617227496,83.69408369408369,,
189,0.31772674858828126,87.15728715728716,,
190,0.3150429074339364,86.14718614718615,,
191,0.33415162096721956,84.27128427128427,,
192,0.31112540791733095,85.71428571428571,,
193,0.341240374470858,85.28138528138528,,
194,0.32043236386552343,85.28138528138528,,
195,0.30679388922702355,85.56998556998558,,
196,0.33322166407435144,86.14718614718615,,
197,0.32030721354966213,87.73448773448773,,
198,0.3136498729441675,86.58008658008659,,
199,0.31403746775218416,86.43578643578644,,
200,0.30291534519470786,87.15728715728716,0.5216959118843079,79.22077922077922
201,0.35634040583091725,85.28138528138528,,
202,0.3137994659755481,85.71428571428571,,
203,0.31683149826303014,85.71428571428571,,
204,0.3213038687926178,86.86868686868686,,
205,0.3291765571844698,85.13708513708514,,
206,0.3243545012986677,87.3015873015873,,
207,0.33502970758454625,85.71428571428571,,
208,0.32704785242569223,86.72438672438672,,
209,0.311514750123024,87.44588744588745,,
210,0.30601810574703575,86.72438672438672,,
211,0.3156818924700199,86.86868686868686,,
212,0.30793122665534634,85.28138528138528,,
213,0.30970633490089045,87.01298701298701,,
214,0.3291283091597399,85.56998556998558,,
215,0.30903875591262936,86.14718614718615,,
216,0.3060377152558701,87.01298701298701,,
217,0.3068602981333437,86.58008658008659,,
218,0.3093995542452277,85.13708513708514,,
219,0.2919614121511385,87.15728715728716,,
220,0.3122262762480484,86.86868686868686,,
221,0.3150767129436028,87.01298701298701,,
222,0.31999193873756376,86.002886002886,,
223,0.3121239510653769,86.72438672438672,,
224,0.3063632965431929,85.42568542568543,,
225,0.315661010782612,86.14718614718615,0.5504847006364302,77.92207792207792
226,0.2941343290852262,86.58008658008659,,
227,0.27961387998097903,87.73448773448773,,
228,0.333052793407509,84.55988455988457,,
229,0.3203430334468941,87.44588744588745,,
230,0.2873720180506658,87.44588744588745,,
231,0.32808260148737856,86.43578643578644,,
232,0.29694019587008985,87.01298701298701,,
233,0.308619201935903,86.58008658008659,,
234,0.2980225766978051,86.2914862914863,,
235,0.31602891561444874,86.2914862914863,,
236,0.2910853604561667,88.88888888888889,,
237,0.3024574436924674,87.44588744588745,,
238,0.28308943791306895,87.44588744588745,,
239,0.29169496055826827,86.58008658008659,,
240,0.28729288634799777,87.73448773448773,,
241,0.3036004810622244,84.84848484848484,,
242,0.3179865488285282,85.28138528138528,,
243,0.3014159868289898,87.15728715728716,,
244,0.3083071860002319,86.2914862914863,,
245,0.29246344005562697,87.01298701298701,,
246,0.28129848472311725,88.16738816738817,,
247,0.27416046912019904,87.01298701298701,,
248,0.29384046156513055,88.16738816738817,,
249,0.303589251908389,86.2914862914863,,
250,0.2945754435370323,87.5901875901876,0.6314555816836172,75.32467532467533
251,0.29458405023701434,87.73448773448773,,
252,0.3081807467500541,86.86868686868686,,
253,0.311089310510162,86.2914862914863,,
254,0.3003590756874064,87.15728715728716,,
255,0.29136687962265756,86.14718614718615,,
256,0.30195605969876266,86.58008658008659,,
257,0.2895479302901726,87.3015873015873,,
258,0.28783957554836465,86.72438672438672,,
259,0.2906636282651111,87.15728715728716,,
260,0.32696304378915486,84.55988455988457,,
261,0.2809950040403383,89.32178932178932,,
262,0.2973758065683329,86.72438672438672,,
263,0.3000074341613665,87.01298701298701,,
264,0.27887696144406243,87.01298701298701,,
265,0.3063967822262047,86.58008658008659,,
266,0.2874417402613559,87.87878787878788,,
267,0.2871114943622683,87.5901875901876,,
268,0.2949522378468754,85.71428571428571,,
269,0.2792983375930511,87.87878787878788,,
270,0.27980907106554354,86.58008658008659,,
271,0.29127963580739447,87.87878787878788,,
272,0.28157075895547523,88.88888888888889,,
273,0.2960518868626626,87.44588744588745,,
274,0.29153786597485837,87.44588744588745,,
275,0.30383675838961743,85.28138528138528,0.5733478255086131,77.92207792207792
276,0.2854202625383374,88.16738816738817,,
277,0.2921043185659645,86.002886002886,,
278,0.30877893553538754,86.72438672438672,,
279,0.2907536417718918,87.87878787878788,,
280,0.29374512260266367,88.60028860028861,,
281,0.27983891110313575,89.6103896103896,,
282,0.27685339755310123,87.01298701298701,,
283,0.28889165287582047,88.02308802308802,,
284,0.28224291111655736,88.31168831168831,,
285,0.2765067279940904,88.74458874458874,,
286,0.29963012716986914,87.3015873015873,,
287,0.285163804222151,87.01298701298701,,
288,0.29060461575334723,87.73448773448773,,
289,0.27115006213752396,88.88888888888889,,
290,0.2720391617665903,88.60028860028861,,
291,0.2801611025268037,88.16738816738817,,
292,0.2838247145161914,88.60028860028861,,
293,0.2768011161087223,88.45598845598846,,
294,0.2763286662566197,87.87878787878788,,
295,0.28137560190920535,87.15728715728716,,
296,0.25934708690402486,87.73448773448773,,
297,0.29516187538144223,87.73448773448773,,
298,0.29306196147229246,87.44588744588745,,
299,0.2586140263003188,89.75468975468975,,
300,0.28133783256702266,87.3015873015873,0.5817459326285821,79.22077922077922
301,0.2696171536031051,87.44588744588745,,
302,0.27870249941751557,87.73448773448773,,
303,0.2714867898267069,89.03318903318903,,
304,0.2725274445432605,88.02308802308802,,
305,0.2703633855431627,88.74458874458874,,
306,0.2698278275747148,89.32178932178932,,
307,0.2642695986777329,90.33189033189034,,
308,0.2876814287075233,87.15728715728716,,
309,0.28539904560705626,87.01298701298701,,
310,0.2827968399052496,87.87878787878788,,
311,0.2760033272045515,88.02308802308802,,
312,0.2650831351419548,88.74458874458874,,
313,0.273431896561324,87.5901875901876,,
314,0.2893924335552672,87.44588744588745,,
315,0.25985551061052264,90.18759018759019,,
316,0.268091731644296,88.16738816738817,,
317,0.24408322032997962,90.04329004329004,,
318,0.2722187562594338,87.5901875901876,,
319,0.27179463923751535,88.31168831168831,,
320,0.28812071440195797,87.73448773448773,,
321,0.2877162345732101,88.45598845598846,,
322,0.2710961170311786,88.45598845598846,,
323,0.27717103788690994,88.31168831168831,,
324,0.25234950182241794,88.88888888888889,,
325,0.2985148572646522,87.73448773448773,0.6030427906420324,80.51948051948052
326,0.26884342755848195,88.31168831168831,,
327,0.2640619735095064,89.75468975468975,,
328,0.2626711508584401,88.88888888888889,,
329,0.27001543512936105,88.02308802308802,,
330,0.2915553322430125,88.02308802308802,,
331,0.25304263976401237,88.88888888888889,,
332,0.28052039115459887,88.31168831168831,,
333,0.2821371601988571,88.02308802308802,,
334,0.24426684639326593,90.33189033189034,,
335,0.2689633753693637,89.6103896103896,,
336,0.26877022580838994,87.87878787878788,,
337,0.27375015345486725,88.45598845598846,,
338,0.2761197212282541,87.5901875901876,,
339,0.2666392494503726,88.45598845598846,,
340,0.26666579095574167,87.3015873015873,,
341,0.25936479834251075,88.88888888888889,,
342,0.26875599646809123,87.01298701298701,,
343,0.26326515974979553,87.5901875901876,,
344,0.2658954181454398,88.60028860028861,,
345,0.2698565291893947,88.74458874458874,,
346,0.2731450629268718,89.17748917748918,,
347,0.269903419423757,89.17748917748918,,
348,0.2709398791301474,87.3015873015873,,
349,0.2656856637238424,89.17748917748918,,
350,0.2619936672666931,88.02308802308802,0.6660065720607709,79.22077922077922
351,0.25156585136791326,89.03318903318903,,
352,0.25943675349113055,88.88888888888889,,
353,0.25586148767502276,88.45598845598846,,
354,0.2753759613865382,87.5901875901876,,
355,0.26455472239856254,89.17748917748918,,
356,0.2546023006831843,89.32178932178932,,
357,0.26296012411041864,87.73448773448773,,
358,0.25336900702845655,88.60028860028861,,
359,0.2511245800991251,90.04329004329004,,
360,0.2646976289639053,89.03318903318903,,
361,0.26924169072169074,88.16738816738817,,
362,0.2523398081332574,89.03318903318903,,
363,0.2574388717461114,89.32178932178932,,
364,0.25273843937449986,90.18759018759019,,
365,0.25176930087813393,90.47619047619048,,
366,0.2475635724902841,88.88888888888889,,
367,0.24192587310961658,90.62049062049061,,
368,0.25651097080494245,88.31168831168831,,
369,0.25589398508636124,90.47619047619048,,
370,0.24931150187790652,89.32178932178932,,
371,0.28087156572383204,88.88888888888889,,
372,0.24669626110043877,89.6103896103896,,
373,0.2532363819525527,88.31168831168831,,
374,0.246729009745785,90.04329004329004,,
375,0.2590549225135455,89.46608946608947,0.7057079115471283,76.62337662337663
376,0.26085752498191844,89.17748917748918,,
377,0.2601215925610599,89.03318903318903,,
378,0.2497854877859999,89.75468975468975,,
379,0.23485974651394467,90.33189033189034,,
380,0.27378226314573234,88.88888888888889,,
381,0.2575717299617558,89.17748917748918,,
382,0.24992803551933981,90.47619047619048,,
383,0.23130856667246139,90.18759018759019,,
384,0.23411183717188896,89.46608946608947,,
385,0.25904053987190667,88.45598845598846,,
386,0.22429697166101584,91.48629148629149,,
387,0.2657463404351327,87.73448773448773,,
388,0.25068176313052104,89.32178932178932,,
389,0.2600621778469581,89.46608946608947,,
390,0.2466828960274893,88.88888888888889,,
391,0.24474198889379722,90.33189033189034,,
392,0.247669225217288,89.46608946608947,,
393,0.2224326248738974,91.05339105339105,,
394,0.2442669336069886,89.6103896103896,,
395,0.24383363617963089,91.05339105339105,,
396,0.24232503667495295,90.9090909090909,,
397,0.2125262844270098,90.47619047619048,,
398,0.243427657765507,90.04329004329004,,
399,0.24254081157421825,89.03318903318903,,
400,0.23836490620481332,90.47619047619048,0.7633518398582161,80.51948051948052
401,0.265777831770813,88.31168831168831,,
402,0.2367924257258187,89.46608946608947,,
403,0.26410438608469555,88.31168831168831,,
404,0.24383549084739078,90.47619047619048,,
405,0.2380354998721963,90.33189033189034,,
406,0.24660830849897208,89.75468975468975,,
407,0.25947234872056635,89.32178932178932,,
408,0.23010995143871288,90.18759018759019,,
409,0.262081367413891,89.32178932178932,,
410,0.2428994197694082,89.03318903318903,,
411,0.24334981048433985,90.62049062049061,,
412,0.222927770874373,92.06349206349206,,
413,0.24385966108319004,89.8989898989899,,
414,0.2623625684094119,88.16738816738817,,
415,0.24030741692277433,90.33189033189034,,
416,0.2463030663532612,89.6103896103896,,
417,0.25685825436490267,89.17748917748918,,
418,0.24234740016780373,88.88888888888889,,
419,0.2506480554352591,90.18759018759019,,
420,0.23276178229164768,90.47619047619048,,
421,0.23487383509955193,90.33189033189034,,
422,0.24458423192366893,89.17748917748918,,
423,0.2184714584317042,90.47619047619048,,
424,0.23671334872256108,90.9090909090909,,
425,0.2376504580867927,90.04329004329004,0.6588627440588815,77.92207792207792
426,0.24971263852470366,89.8989898989899,,
427,0.24406637193320632,90.33189033189034,,
428,0.2518466269815123,90.18759018759019,,
429,0.23261172807147837,90.18759018759019,,
430,0.2330497700887669,91.1976911976912,,
431,0.25045536939339635,89.6103896103896,,
432,0.23887458730698663,89.46608946608947,,
433,0.22620446291922836,90.04329004329004,,
434,0.22156389529613876,90.47619047619048,,
435,0.22430150939788654,90.9090909090909,,
436,0.22236426503627332,90.62049062049061,,
437,0.24822582593684933,90.33189033189034,,
438,0.23045383905521546,90.62049062049061,,
439,0.2190152242629215,91.63059163059162,,
440,0.231590226013079,91.05339105339105,,
441,0.23217356468928496,90.33189033189034,,
442,0.2332907309177806,89.75468975468975,,
443,0.22652123281449982,91.05339105339105,,
444,0.22901225199689082,89.75468975468975,,
445,0.22694191418340884,90.62049062049061,,
446,0.2556120279482949,89.32178932178932,,
447,0.2256060867082505,90.18759018759019,,
448,0.23416290284923316,89.8989898989899,,
449,0.22521570559273896,90.33189033189034,,
450,0.2607220117201623,89.46608946608947,0.6743827322860817,79.22077922077922
451,0.22636120951859465,90.9090909090909,,
452,0.22506031727291978,90.33189033189034,,
453,0.21911288581218727,89.75468975468975,,
454,0.22782696789993354,89.8989898989899,,
455,0.23502639299433298,91.77489177489177,,
456,0.21889687120957463,91.1976911976912,,
457,0.23984949352034243,90.33189033189034,,
458,0.24235908005488727,90.33189033189034,,
459,0.24303217410697223,88.88888888888889,,
460,0.22837218311097887,89.75468975468975,,
461,0.2209374387284894,91.1976911976912,,
462,0.21432123302037237,90.9090909090909,,
463,0.22758696881938634,90.76479076479076,,
464,0.22681081187232663,90.9090909090909,,
465,0.24859673112716854,89.8989898989899,,
466,0.24030878051878915,89.32178932178932,,
467,0.2055827359659503,91.77489177489177,,
468,0.23189927622525378,90.04329004329004,,
469,0.2367253392117708,89.8989898989899,,
470,0.21439655879875283,91.63059163059162,,
471,0.23378761153544528,90.33189033189034,,
472,0.23967265074301247,89.8989898989899,,
473,0.216022741936502,91.05339105339105,,
474,0.21561865063456745,91.05339105339105,,
475,0.20762115480407836,92.35209235209236,0.7280789203458018,77.92207792207792
476,0.2570587963424892,88.45598845598846,,
477,0.24000263247440043,89.17748917748918,,
478,0.2182646444091549,91.77489177489177,,
479,0.22219050235906548,91.63059163059162,,
480,0.2163894840423421,91.05339105339105,,
481,0.19977817923088612,91.48629148629149,,
482,0.22263568540844222,90.76479076479076,,
483,0.23516931007434796,89.6103896103896,,
484,0.22475287301027758,90.9090909090909,,
485,0.21145213494268159,91.63059163059162,,
486,0.20921175819949325,91.77489177489177,,
487,0.21190331407525667,89.75468975468975,,
488,0.218793299183529,90.47619047619048,,
489,0.21589215084759875,90.62049062049061,,
490,0.22057522626924309,89.8989898989899,,
491,0.22482282586643018,91.63059163059162,,
492,0.24178051647513804,88.60028860028861,,
493,0.2195024744299755,90.62049062049061,,
494,0.2319331874810213,90.33189033189034,,
495,0.2219511442596004,90.76479076479076,,
496,0.21314160717170133,91.05339105339105,,
497,0.1944566196392453,92.35209235209236,,
498,0.1946621442167962,93.50649350649351,,
499,0.20621070442089615,91.91919191919192,,
500,0.22394747409598653,90.9090909090909,0.7546665126627142,77.92207792207792
501,0.25031896126906766,90.62049062049061,,
502,0.22825040935953975,90.33189033189034,,
503,0.18996281850905644,92.20779220779221,,
504,0.21253089215418305,91.91919191919192,,
505,0.227872614533752,89.75468975468975,,
506,0.20760789397475007,90.9090909090909,,
507,0.21785571558392924,92.4963924963925,,
508,0.20871465465035102,93.07359307359307,,
509,0.22102893013802785,91.48629148629149,,
510,0.24089842699306868,90.33189033189034,,
511,0.20233350441004347,92.06349206349206,,
512,0.22962524261309472,90.04329004329004,,
513,0.23206194677265177,89.75468975468975,,
514,0.22368451800267244,90.62049062049061,,
515,0.21211318782440683,90.76479076479076,,
516,0.2158389555083381,91.63059163059162,,
517,0.21816452344258627,91.05339105339105,,
518,0.2224338392029593,91.05339105339105,,
519,0.21258310106291314,90.47619047619048,,
520,0.21300381374737573,90.62049062049061,,
521,0.23604678178762462,90.47619047619048,,
522,0.21609826598848617,90.33189033189034,,
523,0.2040205370812189,91.34199134199135,,
524,0.20735724749847237,90.62049062049061,,
525,0.19041338912379346,92.64069264069263,0.7282965136812879,80.51948051948052
526,0.22018645959133537,90.76479076479076,,
527,0.2056003808222636,90.76479076479076,,
528,0.2258392691096186,90.33189033189034,,
529,0.22496945882944488,91.63059163059162,,
530,0.20249657700588178,91.77489177489177,,
531,0.21448320359519776,90.76479076479076,,
532,0.1936616191605555,91.91919191919192,,
533,0.2094501956523239,90.47619047619048,,
534,0.19144534036882685,92.64069264069263,,
535,0.20708559464238596,90.62049062049061,,
536,0.21850550606911318,90.47619047619048,,
537,0.20106224150196642,91.77489177489177,,
538,0.2100136015204038,91.34199134199135,,
539,0.20562727291346627,91.91919191919192,,
540,0.19810670734655977,91.05339105339105,,
541,0.2130121358792589,91.05339105339105,,
542,0.22192993618193127,91.34199134199135,,
543,0.19099589855467947,92.20779220779221,,
544,0.19329355075460836,93.36219336219337,,
545,0.2002224499013001,91.1976911976912,,
546,0.1900929313953993,92.92929292929293,,
547,0.19426340699023842,92.92929292929293,,
548,0.22532657499480213,89.75468975468975,,
549,0.21351703777801767,91.1976911976912,,
550,0.19409619540535183,93.07359307359307,0.7785986166495782,81.81818181818181
551,0.21112135906057355,91.1976911976912,,
552,0.20603357745713485,91.05339105339105,,
553,0.20687204885362376,91.91919191919192,,
554,0.19497050891104886,92.78499278499278,,
555,0.19765351456825178,91.63059163059162,,
556,0.17982720805151983,93.93939393939394,,
557,0.18697209274571008,92.4963924963925,,
558,0.1982342628560541,90.47619047619048,,
559,0.2008920380735466,91.1976911976912,,
560,0.1814130780328748,92.35209235209236,,
561,0.19422736983547392,92.06349206349206,,
562,0.18449545381819188,92.20779220779221,,
563,0.18265056338236488,92.4963924963925,,
564,0.19579499344977122,90.62049062049061,,
565,0.17737662106279342,93.93939393939394,,
566,0.19278044454635135,92.20779220779221,,
567,0.2023685181897784,90.76479076479076,,
568,0.19064159216130794,92.20779220779221,,
569,0.22951080336156174,90.18759018759019,,
570,0.20529849933726446,90.62049062049061,,
571,0.1898030230364242,93.50649350649351,,
572,0.19792546437244224,91.91919191919192,,
573,0.20892738290722407,91.91919191919192,,
574,0.19681758880830258,92.78499278499278,,
575,0.19433824333105595,93.07359307359307,0.7177548377544849,77.92207792207792
576,0.20604557998768694,91.77489177489177,,
577,0.20511750569419254,91.91919191919192,,
578,0.18165779723362488,92.35209235209236,,
579,0.21133576021738038,90.18759018759019,,
580,0.19641582094251164,91.05339105339105,,
581,0.18906425272919572,92.64069264069263,,
582,0.19819498337364472,92.35209235209236,,
583,0.18375355966421433,92.78499278499278,,
584,0.2074950554154136,90.62049062049061,,
585,0.2007898609617572,92.64069264069263,,
586,0.19283153488694504,93.21789321789322,,
587,0.2138488647591156,90.62049062049061,,
588,0.19558066164088284,92.35209235209236,,
589,0.17657043288151422,93.21789321789322,,
590,0.18273999052818377,93.36219336219337,,
591,0.21455130652990864,90.9090909090909,,
592,0.17690405071125745,93.07359307359307,,
593,0.19515564081408246,92.92929292929293,,
594,0.20180976840238724,91.34199134199135,,
595,0.22302203777032498,89.46608946608947,,
596,0.2038518073840919,90.62049062049061,,
597,0.1993903239267041,92.06349206349206,,
598,0.19550731346484215,93.21789321789322,,
599,0.20536972261954523,91.05339105339105,,
600,0.2007528059238307,92.06349206349206,0.7800217077329561,81.81818181818181
601,0.19147401142860043,92.4963924963925,,
602,0.18857126671170432,93.21789321789322,,
603,0.19264184028006992,92.4963924963925,,
604,0.17969248941622426,92.35209235209236,,
605,0.19590639889584302,91.63059163059162,,
606,0.17675667208811593,93.07359307359307,,
607,0.20230118322897095,91.63059163059162,,
608,0.20084796414521092,92.06349206349206,,
609,0.1878182055028142,93.93939393939394,,
610,0.18839389606127663,92.20779220779221,,
611,0.18905087884026345,91.48629148629149,,
612,0.19427645870875487,92.06349206349206,,
613,0.20625131574027983,91.34199134199135,,
614,0.17367706534924446,93.21789321789322,,
615,0.19013102758476916,92.35209235209236,,
616,0.18111239771478277,92.35209235209236,,
617,0.18697301400516284,91.63059163059162,,
618,0.160630687318667,94.22799422799423,,
619,0.18117476984707995,92.35209235209236,,
620,0.20737189084592492,91.63059163059162,,
621,0.20174009472260743,91.34199134199135,,
622,0.18465171805965952,92.35209235209236,,
623,0.1771305146241429,93.93939393939394,,
624,0.1916255907707916,91.63059163059162,,
625,0.189396142486542,91.91919191919192,0.742264311034958,80.51948051948052
626,0.17668927864078834,92.78499278499278,,
627,0.20004519304693347,91.77489177489177,,
628,0.2068778353959623,91.91919191919192,,
629,0.1888381825397217,92.92929292929293,,
630,0.18946220595685262,91.91919191919192,,
631,0.1831571932822939,92.20779220779221,,
632,0.18217484818564522,93.07359307359307,,
633,0.17152725850886424,92.92929292929293,,
634,0.18394006837111015,92.35209235209236,,
635,0.1875069057098543,92.20779220779221,,
636,0.18851109225340565,92.4963924963925,,
637,0.19994075039420464,91.63059163059162,,
638,0.19050217478994338,93.07359307359307,,
639,0.19311170759617552,91.91919191919192,,
640,0.17546312520912113,93.21789321789322,,
641,0.17494780891729467,93.07359307359307,,
642,0.16773013880780077,93.36219336219337,,
643,0.17738944492040776,92.4963924963925,,
644,0.18390574540625748,93.21789321789322,,
645,0.1697190326529664,93.07359307359307,,
646,0.20412996046320356,91.05339105339105,,
647,0.1967569837322483,90.76479076479076,,
648,0.19547266908215755,92.20779220779221,,
649,0.18567269081505175,92.64069264069263,,
650,0.1838559942779603,92.64069264069263,0.7380043871991047,81.81818181818181
651,0.18925672443785194,92.64069264069263,,
652,0.20012006322714845,91.48629148629149,,
653,0.18597127817581915,93.21789321789322,,
654,0.18269969376736733,92.78499278499278,,
655,0.1912028109560711,91.77489177489177,,
656,0.1952470860956035,91.63059163059162,,
657,0.15037133228598218,94.51659451659452,,
658,0.16931612600409796,92.92929292929293,,
659,0.18293769175958152,91.77489177489177,,
660,0.16742452789597956,93.21789321789322,,
661,0.211142698585084,91.77489177489177,,
662,0.17518850619142706,93.07359307359307,,
663,0.1700682400592736,93.07359307359307,,
664,0.18402974589487262,91.77489177489177,,
665,0.2007099377666029,92.35209235209236,,
666,0.18199192285053917,92.35209235209236,,
667,0.19106667773720162,92.06349206349206,,
668,0.1694240639736126,93.36219336219337,,
669,0.1856476217508316,92.06349206349206,,
670,0.16274445509594498,94.37229437229438,,
671,0.1565033860751905,93.50649350649351,,
672,0.14954724583726425,94.51659451659452,,
673,0.17240636011996827,93.50649350649351,,
674,0.1778136691317758,91.48629148629149,,
675,0.20072300897704232,91.48629148629149,0.7591226611818586,80.51948051948052
676,0.2030211663435376,90.9090909090909,,
677,0.20956366634988166,91.77489177489177,,
678,0.17057781779404843,93.50649350649351,,
679,0.18033146595886088,91.91919191919192,,
680,0.17361283104485076,93.21789321789322,,
681,0.17038454520173404,93.65079365079364,,
682,0.1613458101174016,94.08369408369408,,
683,0.1730128510990872,93.21789321789322,,
684,0.19615775398361734,91.34199134199135,,
685,0.2016840638568649,91.34199134199135,,
686,0.17830406903446494,93.79509379509379,,
687,0.15480848738297412,94.22799422799423,,
688,0.1792151519778745,92.78499278499278,,
689,0.16686898627429986,92.4963924963925,,
690,0.16817578560475147,93.21789321789322,,
691,0.1629820471685944,93.65079365079364,,
692,0.17342811963731936,93.07359307359307,,
693,0.18074278509806072,92.35209235209236,,
694,0.1613534972458691,94.37229437229438,,
695,0.16654580954091375,93.79509379509379,,
696,0.15717426856272837,94.22799422799423,,
697,0.16610533216212908,93.07359307359307,,
698,0.17939444718422828,93.07359307359307,,
699,0.18612449050680727,92.20779220779221,,
700,0.1781623668156962,93.07359307359307,0.8618069732343996,80.51948051948052
701,0.15569348493523755,93.36219336219337,,
702,0.16261154008978201,93.36219336219337,,
703,0.17725461806354756,93.07359307359307,,
704,0.17992381161296522,92.4963924963925,,
705,0.16903531605117078,92.35209235209236,,
706,0.17955987576884452,92.35209235209236,,
707,0.1576651112857835,94.51659451659452,,
708,0.15764499213788416,93.65079365079364,,
709,0.19358372484020683,92.20779220779221,,
710,0.1735879931529019,93.79509379509379,,
711,0.17367692042308797,93.36219336219337,,
712,0.18042915792864295,92.20779220779221,,
713,0.156808147978301,93.50649350649351,,
714,0.17979342366795864,92.35209235209236,,
715,0.16620338163076542,92.64069264069263,,
716,0.16064799428631216,93.93939393939394,,
717,0.14702944597296558,94.08369408369408,,
718,0.1909269554725973,90.9090909090909,,
719,0.18273871982063458,93.07359307359307,,
720,0.14730021617715322,93.79509379509379,,
721,0.17028277647959722,92.92929292929293,,
722,0.17746403410729736,92.4963924963925,,
723,0.1631472147947438,93.36219336219337,,
724,0.1546949641389334,93.79509379509379,,
725,0.15649432597566304,94.08369408369408,0.8734928694638339,80.51948051948052
726,0.1748660197763732,92.92929292929293,,
727,0.18554722943476268,91.91919191919192,,
728,0.16621589755255078,93.79509379509379,,
729,0.18280221207919403,91.05339105339105,,
730,0.17579633393156924,91.34199134199135,,
731,0.16588454600020405,92.92929292929293,,
732,0.22366334471050622,91.05339105339105,,
733,0.1943027726004994,92.78499278499278,,
734,0.18330316274584113,91.48629148629149,,
735,0.15587826638682753,93.93939393939394,,
736,0.15865142259633902,93.65079365079364,,
737,0.17456477828872152,92.35209235209236,,
738,0.17317847789279997,92.20779220779221,,
739,0.17365403527402,91.48629148629149,,
740,0.18800666582102726,92.35209235209236,,
741,0.1518908699418043,94.8051948051948,,
742,0.1630257669336352,93.07359307359307,,
743,0.1888421108518844,90.9090909090909,,
744,0.1683421175803285,93.65079365079364,,
745,0.15625349949362646,93.07359307359307,,
746,0.1648709542544029,94.37229437229438,,
747,0.18188506327461973,93.21789321789322,,
748,0.16164518543888654,93.50649350649351,,
749,0.15695642018731024,93.65079365079364,,
750,0.16202264151591028,93.07359307359307,0.8115840051081273,81.81818181818181
751,0.17082595508034956,93.65079365079364,,
752,0.1702541300078147,93.07359307359307,,
753,0.17254297575049243,92.92929292929293,,
754,0.16232013332416959,93.50649350649351,,
755,0.15749226464294597,93.93939393939394,,
756,0.15028123712384855,93.65079365079364,,
757,0.17028375208635868,93.65079365079364,,
758,0.1694709024678319,93.36219336219337,,
759,0.14970995242805535,93.93939393939394,,
760,0.18342247063463385,92.78499278499278,,
761,0.16095488385161624,94.22799422799423,,
762,0.1607800456352564,93.65079365079364,,
763,0.1585866075068239,94.37229437229438,,
764,0.15418651049572324,93.93939393939394,,
765,0.1545366696895115,93.65079365079364,,
766,0.18319744311412864,92.64069264069263,,
767,0.1711400370577197,94.37229437229438,,
768,0.1871438358425234,92.35209235209236,,
769,0.16635703958011894,93.65079365079364,,
770,0.17518397413118922,93.21789321789322,,
771,0.17090802696704177,93.79509379509379,,
772,0.15428012899764174,93.65079365079364,,
773,0.16932820973710883,92.78499278499278,,
774,0.15366852924249216,94.37229437229438,,
775,0.19299029293342415,92.20779220779221,0.8746594747939667,81.81818181818181
776,0.1556527080258938,93.79509379509379,,
777,0.15203467662974354,94.51659451659452,,
778,0.14996525778570904,94.08369408369408,,
779,0.15249507423775194,92.92929292929293,,
780,0.17192496036543561,92.35209235209236,,
781,0.15515244832802644,93.50649350649351,,
782,0.1515967050973127,93.93939393939394,,
783,0.17308009496498933,92.64069264069263,,
784,0.17969317497715118,92.35209235209236,,
785,0.1711469649634234,93.50649350649351,,
786,0.16615682646825716,93.65079365079364,,
787,0.15216808365106926,93.65079365079364,,
788,0.1472895619329092,94.51659451659452,,
789,0.16394355721115894,92.64069264069263,,
790,0.14654198482439115,93.79509379509379,,
791,0.1518766696404929,93.36219336219337,,
792,0.16316163846266105,93.36219336219337,,
793,0.1572403699110234,94.08369408369408,,
794,0.1426249820467563,93.79509379509379,,
795,0.12902990131925196,94.94949494949495,,
796,0.13063164554203055,94.66089466089466,,
797,0.1746323359821094,92.35209235209236,,
798,0.16173411277895539,93.36219336219337,,
799,0.1609833970192879,93.50649350649351,,
800,0.12792089573426163,94.94949494949495,0.820048849304001,83.11688311688312
801,0.15409379806181397,92.92929292929293,,
802,0.15231309737069437,93.36219336219337,,
803,0.15269352311757628,93.93939393939394,,
804,0.14436486871942641,94.08369408369408,,
805,0.15608473039604454,93.50649350649351,,
806,0.13945148113314035,94.94949494949495,,
807,0.1751761060802086,92.35209235209236,,
808,0.15417730081477035,94.22799422799423,,
809,0.155144925972428,94.94949494949495,,
810,0.17208995899080715,93.07359307359307,,
811,0.15805850832751303,93.50649350649351,,
812,0.16405776970916325,94.08369408369408,,
813,0.1457698725454219,94.08369408369408,,
814,0.13546643786745155,95.0937950937951,,
815,0.1623751080741442,93.36219336219337,,
816,0.1608342079373149,93.07359307359307,,
817,0.14399384551320069,94.08369408369408,,
818,0.15907516851913706,93.50649350649351,,
819,0.14616921898864565,94.51659451659452,,
820,0.13965012963114018,95.38239538239539,,
821,0.13498596434211318,94.37229437229438,,
822,0.15809966677539106,93.21789321789322,,
823,0.15289073276184337,94.08369408369408,,
824,0.1756404314034257,92.4963924963925,,
825,0.17259093105771497,93.36219336219337,0.8954695943114045,83.11688311688312
826,0.15734929469928768,95.0937950937951,,
827,0.15495594862907652,94.08369408369408,,
828,0.14455803904096456,93.79509379509379,,
829,0.16162623090919478,92.92929292929293,,
830,0.15277301964133677,94.37229437229438,,
831,0.16438084424703153,93.36219336219337,,
832,0.14816035150212986,93.79509379509379,,
833,0.1549193227198647,93.36219336219337,,
834,0.15022763846412537,94.37229437229438,,
835,0.1371303427598908,94.66089466089466,,
836,0.14405516497414522,94.51659451659452,,
837,0.1456412969514577,94.22799422799423,,
838,0.15016773195794822,94.08369408369408,,
839,0.13403259322025732,94.37229437229438,,
840,0.15790899931137353,93.21789321789322,,
841,0.15484436842227223,92.78499278499278,,
842,0.15480322439175148,94.37229437229438,,
843,0.14278015283623127,94.08369408369408,,
844,0.15713010792866414,92.92929292929293,,
845,0.17970858722882183,92.92929292929293,,
846,0.13667911429073754,95.52669552669553,,
847,0.1684844609978911,93.36219336219337,,
848,0.1518944442530215,93.93939393939394,,
849,0.15955491677937225,93.50649350649351,,
850,0.15956254436770215,93.93939393939394,0.8828583321014007,80.51948051948052
851,0.12704472168527467,95.0937950937951,,
852,0.15015184467532075,94.22799422799423,,
853,0.12556016865531774,94.8051948051948,,
854,0.16525372929204507,93.36219336219337,,
855,0.15852762059903935,94.66089466089466,,
856,0.13547589308024527,95.0937950937951,,
857,0.1416916250967532,93.93939393939394,,
858,0.15315145735788827,93.21789321789322,,
859,0.1787733490891959,92.4963924963925,,
860,0.14929974542374347,94.51659451659452,,
861,0.1571783862072668,93.50649350649351,,
862,0.16325509320261847,94.08369408369408,,
863,0.13286716928557743,95.38239538239539,,
864,0.1396570298148784,94.08369408369408,,
865,0.16663504276870822,93.93939393939394,,
866,0.1451032098011795,93.79509379509379,,
867,0.1303341021817742,94.51659451659452,,
868,0.1546471489628328,92.78499278499278,,
869,0.15909082080206657,93.21789321789322,,
870,0.14442469224785315,93.79509379509379,,
871,0.14868550473477418,94.22799422799423,,
872,0.1550904947398889,93.79509379509379,,
873,0.1440725200534039,94.94949494949495,,
874,0.1404040034747485,95.38239538239539,,
875,0.1701449023944045,92.4963924963925,0.8679045051723332,81.81818181818181
876,0.14382764139087686,94.66089466089466,,
877,0.1282730372824194,95.0937950937951,,
878,0.14249829131394925,93.93939393939394,,
879,0.12705340950842545,95.0937950937951,,
880,0.1534612675714488,93.65079365079364,,
881,0.13595707518348274,94.66089466089466,,
882,0.15816269849909503,93.21789321789322,,
883,0.16316728053068874,93.93939393939394,,
884,0.14786011843927324,94.94949494949495,,
885,0.1317775368443213,95.0937950937951,,
886,0.13500313834968583,94.08369408369408,,
887,0.13798318329484915,94.66089466089466,,
888,0.13291372482068192,94.51659451659452,,
889,0.15248527905727705,94.08369408369408,,
890,0.14997688798075287,93.79509379509379,,
891,0.15746334043545124,94.37229437229438,,
892,0.1250034040767393,95.52669552669553,,
893,0.1340828922565107,94.22799422799423,,
894,0.16659855289978726,93.50649350649351,,
895,0.15542668288218833,94.08369408369408,,
896,0.13590784268225253,95.23809523809524,,
897,0.13174351221985287,95.23809523809524,,
898,0.1365386296767865,94.66089466089466,,
899,0.13324965512941753,94.51659451659452,,
900,0.13481166908278266,95.38239538239539,0.9030270483586695,84.41558441558442
901,0.12364903908937869,94.37229437229438,,
902,0.15085557474073394,93.36219336219337,,
903,0.14373534466012303,94.51659451659452,,
904,0.13701961281431185,94.37229437229438,,
905,0.1329803924885287,95.52669552669553,,
906,0.14991386256262682,93.93939393939394,,
907,0.1504447952955746,94.08369408369408,,
908,0.16099910313884416,93.21789321789322,,
909,0.13472392294733299,95.0937950937951,,
910,0.1583612020870652,93.93939393939394,,
911,0.15884979286407153,94.51659451659452,,
912,0.14710326954550385,92.92929292929293,,
913,0.13952808727175642,93.79509379509379,,
914,0.1649629603023137,93.36219336219337,,
915,0.14749351728702176,93.79509379509379,,
916,0.13666953559841258,94.37229437229438,,
917,0.15628473409068533,94.66089466089466,,
918,0.1459481446945994,94.22799422799423,,
919,0.14192159918995648,94.37229437229438,,
920,0.15303830949732064,93.79509379509379,,
921,0.1413999863861271,94.8051948051948,,
922,0.17073085595562001,93.07359307359307,,
923,0.12638578839159287,94.94949494949495,,
924,0.13816409341353939,94.22799422799423,,
925,0.1338907014551703,94.51659451659452,0.8904193361084183,81.81818181818181
926,0.12391738418333802,95.81529581529581,,
927,0.14810701688646755,93.79509379509379,,
928,0.14922147202285338,93.65079365079364,,
929,0.1530437566458233,93.36219336219337,,
930,0.14486495990300763,94.37229437229438,,
931,0.1297936120069173,93.65079365079364,,
932,0.13367532815080013,94.37229437229438,,
933,0.1552472800059408,93.21789321789322,,
934,0.16512491053015982,94.08369408369408,,
935,0.16984054701023804,92.4963924963925,,
936,0.1513276079717975,93.79509379509379,,
937,0.11785059169601396,95.81529581529581,,
938,0.159749661968728,93.50649350649351,,
939,0.14622150443247042,94.22799422799423,,
940,0.12134337104711827,95.0937950937951,,
941,0.1359772327897632,95.81529581529581,,
942,0.1487791867870273,94.66089466089466,,
943,0.13926928504376873,93.79509379509379,,
944,0.14709391811537365,94.08369408369408,,
945,0.135062053950146,95.38239538239539,,
946,0.13243937931019506,94.94949494949495,,
947,0.1316890797690686,94.37229437229438,,
948,0.1352732533543313,95.0937950937951,,
949,0.13667335294584862,94.8051948051948,,
950,0.14514908589110917,94.08369408369408,0.9967985215125146,81.81818181818181
951,0.12345006778126671,95.67099567099567,,
952,0.15161606963504842,93.79509379509379,,
953,0.15419990476892795,93.50649350649351,,
954,0.12796843111041992,94.37229437229438,,
955,0.1404342380557935,94.08369408369408,,
956,0.16059274483380723,93.36219336219337,,
957,0.13252836947489266,94.94949494949495,,
958,0.13038165514151773,94.37229437229438,,
959,0.1338266588392712,94.94949494949495,,
960,0.14051699148112046,94.08369408369408,,
961,0.14577249281678192,94.22799422799423,,
962,0.1298692395396915,95.52669552669553,,
963,0.13866157032022572,94.37229437229438,,
964,0.1425833972049998,94.8051948051948,,
965,0.1319543466799789,95.0937950937951,,
966,0.13353162064401145,94.51659451659452,,
967,0.14548054509520703,94.8051948051948,,
968,0.12811374533142017,94.94949494949495,,
969,0.13314746907263092,94.94949494949495,,
970,0.1281151423744137,95.38239538239539,,
971,0.13751461198835663,94.08369408369408,,
972,0.14034315409920947,94.22799422799423,,
973,0.14310047234721687,94.37229437229438,,
974,0.16164998187277665,92.4963924963925,,
975,0.1514171456211229,93.93939393939394,0.9305424829582115,83.11688311688312
976,0.155498383408157,93.36219336219337,,
977,0.13492645385633473,95.0937950937951,,
978,0.13573769928314985,94.37229437229438,,
979,0.12992839601756345,95.0937950937951,,
980,0.1513171921474765,94.08369408369408,,
981,0.12129583649477058,95.95959595959596,,
982,0.14730842265301797,94.08369408369408,,
983,0.15197851565837173,93.79509379509379,,
984,0.13304260940778823,95.23809523809524,,
985,0.12554554071433272,94.8051948051948,,
986,0.13721155725596917,94.37229437229438,,
987,0.12729105309275493,95.0937950937951,,
988,0.12883028870483412,94.8051948051948,,
989,0.11753785453231476,94.66089466089466,,
990,0.12798216837911205,94.51659451659452,,
991,0.12096367445256975,95.23809523809524,,
992,0.11535333557132346,96.1038961038961,,
993,0.13881617032991342,94.8051948051948,,
994,0.1232270725275703,94.94949494949495,,
995,0.1305728992836988,94.22799422799423,,
996,0.14436491666842804,94.51659451659452,,
997,0.12266605565644274,95.38239538239539,,
998,0.12876141477177325,96.1038961038961,,
999,0.11889637275605663,95.38239538239539,,
1000,0.15245209323402273,94.22799422799423,0.9116461648569478,81.81818181818181
