epoch,train_loss,train_acc,test_loss,test_acc
1,2.3013725445188324,13.026819923371647,2.266164979861893,12.213740458015268
2,2.1157962770449856,25.925925925925927,,
3,1.9217932732778187,40.61302681992337,,
4,1.7770602774650506,48.148148148148145,,
5,1.6227864629920872,53.76756066411239,,
6,1.4921680763458993,57.982120051085566,,
7,1.3714871354791245,64.62324393358877,,
8,1.2416693214255732,66.66666666666667,,
9,1.1927789190872113,66.79438058748404,,
10,1.1066149864464732,70.49808429118774,,
11,1.045549529874614,73.1800766283525,,
12,1.0073801044607833,72.54150702426564,,
13,0.9043475302699882,75.98978288633461,,
14,0.8950221957222559,74.71264367816092,,
15,0.8367363815867885,76.24521072796935,,
16,0.8167604705839778,75.98978288633461,,
17,0.753421210846834,79.69348659003832,,
18,0.7123513450111009,80.07662835249042,,
19,0.7197356366410871,79.69348659003832,,
20,0.6709555045702753,81.73690932311622,,
21,0.6394209251245472,82.12005108556832,,
22,0.6239503377698847,85.05747126436782,,
23,0.5699048867475331,84.80204342273308,,
24,0.5860085688331574,83.39719029374201,,
25,0.5931263556121105,82.50319284802043,0.5552168057392571,84.35114503816794
26,0.5512623074410976,83.9080459770115,,
27,0.5153375137050186,86.46232439335887,,
28,0.5145519445073407,85.56832694763729,,
29,0.5266415420467674,84.92975734355045,,
30,0.5183301691351265,84.41890166028097,,
31,0.4783614806897491,88.37803320561942,,
32,0.47267968836567564,86.07918263090677,,
33,0.4717134846276859,86.59003831417624,,
34,0.4430814743194239,86.59003831417624,,
35,0.42758682564300593,87.2286079182631,,
36,0.4218492299736992,89.14431673052363,,
37,0.39689049417792915,89.91060025542784,,
38,0.3985108449807721,89.91060025542784,,
39,0.39595071645988816,90.16602809706258,,
40,0.3821746256311887,88.63346104725414,,
41,0.4011971645276056,89.01660280970626,,
42,0.3790097448256433,89.14431673052363,,
43,0.3543179436357238,91.82630906768838,,
44,0.35184742656856355,92.20945083014048,,
45,0.357520364519889,91.3154533844189,,
46,0.35319772585370074,89.65517241379311,,
47,0.3497624919865171,90.42145593869732,,
48,0.3269959190339421,91.44316730523627,,
49,0.34737240917990186,90.29374201787995,,
50,0.33401190865389996,91.06002554278416,0.4210930330721477,88.16793893129771
