epoch,train_loss,train_acc,test_loss,test_acc
1,0.6869757990816455,55.98845598845599,0.6861385470860965,55.84415584415584
2,0.6879854476641095,55.98845598845599,,
3,0.6848032698142752,55.98845598845599,,
4,0.6827632470908447,55.98845598845599,,
5,0.6815529583508491,55.98845598845599,,
6,0.6775137898209808,55.98845598845599,,
7,0.6747379790652882,55.699855699855696,,
8,0.6720480948987634,55.98845598845599,,
9,0.6706981577226437,55.98845598845599,,
10,0.6609146704233398,55.98845598845599,,
11,0.6540566393823335,55.266955266955264,,
12,0.645400060891761,56.56565656565657,,
13,0.6405787732866075,58.44155844155844,,
14,0.6343700736116021,61.03896103896104,,
15,0.6221503481204376,62.77056277056277,,
16,0.6165289398911712,64.5021645021645,,
17,0.6050690378117527,65.36796536796537,,
18,0.5954005768116762,65.94516594516594,,
19,0.57769346994067,70.41847041847042,,
20,0.5914769185569896,67.0995670995671,,
21,0.5808578078536932,70.56277056277057,,
22,0.5593338452634358,72.15007215007215,,
23,0.5618868293012204,71.13997113997114,,
24,0.5474444076440379,73.16017316017316,,
25,0.5439756653267583,71.86147186147186,0.5570276410548718,70.12987012987013
26,0.5330656693783329,74.17027417027417,,
27,0.5158392073960187,75.18037518037518,,
28,0.526628955962166,72.87157287157287,,
29,0.5357995738112737,72.43867243867244,,
30,0.5029422565542087,76.76767676767676,,
31,0.515025777992232,75.18037518037518,,
32,0.5051971971128582,73.88167388167388,,
33,0.5082119938959119,75.75757575757575,,
34,0.5039601594768733,76.62337662337663,,
35,0.5058664710490735,73.44877344877345,,
36,0.4898583349727449,75.9018759018759,,
37,0.4958150121040675,75.61327561327562,,
38,0.5024997276317161,73.73737373737374,,
39,0.4790902313645956,76.47907647907648,,
40,0.4807215691644908,75.46897546897547,,
41,0.4919220920421,75.46897546897547,,
42,0.4788616406711149,75.75757575757575,,
43,0.48242818466340653,75.46897546897547,,
44,0.4814749558336635,76.33477633477634,,
45,0.4796592060363654,76.04617604617604,,
46,0.4552089635599915,80.08658008658008,,
47,0.46193433844337906,77.77777777777777,,
48,0.45759670868580476,77.34487734487735,,
49,0.4688305165000464,77.05627705627705,,
50,0.46872366321895376,77.34487734487735,0.48922636447014745,79.22077922077922
51,0.46528668819911895,76.19047619047619,,
52,0.45499721689829753,79.22077922077922,,
53,0.4564292515167082,78.64357864357865,,
54,0.4491645776778245,78.35497835497836,,
55,0.46089268659616445,77.77777777777777,,
56,0.4552725986140803,79.36507936507937,,
57,0.4492079144260412,80.23088023088023,,
58,0.4417139385298733,80.8080808080808,,
59,0.43650609577372995,78.78787878787878,,
60,0.4458451643478647,79.07647907647907,,
61,0.44947401927663133,80.95238095238095,,
62,0.43323564400404563,78.4992784992785,,
63,0.43782224373900014,79.65367965367966,,
64,0.4299940291421238,80.8080808080808,,
65,0.4274107812114952,78.78787878787878,,
66,0.42903483240807383,81.52958152958153,,
67,0.416969354319538,79.22077922077922,,
68,0.4436509058761046,79.22077922077922,,
69,0.43019630687921423,80.8080808080808,,
70,0.43047897072581504,78.4992784992785,,
71,0.4405912000895579,80.08658008658008,,
72,0.4325836097437238,79.79797979797979,,
73,0.42453749148876635,81.52958152958153,,
74,0.430761747804039,80.37518037518038,,
75,0.41894645229906574,80.51948051948052,0.4669414038781996,79.22077922077922
76,0.43378396983786577,79.50937950937951,,
77,0.4153043862115081,80.95238095238095,,
78,0.43884797314716795,80.66378066378067,,
79,0.40565716252698525,81.0966810966811,,
80,0.410116447686805,80.08658008658008,,
81,0.40956227092171815,79.65367965367966,,
82,0.4223587623492292,80.37518037518038,,
83,0.42865235249889533,80.51948051948052,,
84,0.39903353578256495,82.53968253968254,,
85,0.4117857087054122,81.38528138528139,,
86,0.39656612590965945,80.95238095238095,,
87,0.41189808324301913,80.23088023088023,,
88,0.41179760348745237,79.36507936507937,,
89,0.4043244043039897,81.38528138528139,,
90,0.40060869113019365,81.96248196248196,,
91,0.4129557374644417,81.24098124098124,,
92,0.38349017066528956,82.3953823953824,,
93,0.4041453107094868,81.38528138528139,,
94,0.38580403785512907,85.13708513708514,,
95,0.4137578198490033,79.22077922077922,,
96,0.4024518147691504,80.95238095238095,,
97,0.40117806234917086,81.24098124098124,,
98,0.38801878088652486,81.52958152958153,,
99,0.4038077984193359,80.95238095238095,,
100,0.4012039949711611,82.53968253968254,0.44057824240102395,79.22077922077922
101,0.39250600540104713,82.25108225108225,,
102,0.3957579718179689,82.97258297258297,,
103,0.4028606443178086,81.67388167388168,,
104,0.3819439971085751,82.53968253968254,,
105,0.369872983141895,82.3953823953824,,
106,0.39930065309502516,82.25108225108225,,
107,0.3821307412129632,82.53968253968254,,
108,0.3754184623645326,83.98268398268398,,
109,0.40936338772505393,79.94227994227994,,
110,0.38556531501710845,82.68398268398268,,
111,0.3818979055592508,82.25108225108225,,
112,0.38203703922798793,83.83838383838383,,
113,0.36162918694263585,84.55988455988457,,
114,0.3832505824417951,80.23088023088023,,
115,0.3730112837377565,82.97258297258297,,
116,0.3578431069807917,84.41558441558442,,
117,0.3829942058777224,82.25108225108225,,
118,0.3784524341682335,81.67388167388168,,
119,0.38104857958068405,82.82828282828282,,
120,0.39440979824695754,82.68398268398268,,
121,0.378459027835301,84.12698412698413,,
122,0.373756486487079,83.98268398268398,,
123,0.3745338726912398,82.97258297258297,,
124,0.37533956370484434,83.11688311688312,,
125,0.40221591145445257,81.81818181818181,0.44686183217283965,77.92207792207792
126,0.3586150917397949,83.83838383838383,,
127,0.3622102235990857,84.12698412698413,,
128,0.3736867871549394,84.27128427128427,,
129,0.36136022051003414,84.27128427128427,,
130,0.36555980358804974,83.98268398268398,,
131,0.3899054854979247,81.0966810966811,,
132,0.3559680942978178,85.42568542568543,,
133,0.3733074047950783,81.52958152958153,,
134,0.3726053861484555,82.97258297258297,,
135,0.3627756078650941,84.99278499278499,,
136,0.3659110792185493,83.69408369408369,,
137,0.3729827625711931,82.25108225108225,,
138,0.3699414687497275,82.25108225108225,,
139,0.3561142252551185,84.55988455988457,,
140,0.38104193615706966,82.1067821067821,,
141,0.3652370363946945,83.98268398268398,,
142,0.3511385495786543,84.7041847041847,,
143,0.35613907798372135,85.56998556998558,,
144,0.3603613397689781,84.12698412698413,,
145,0.37120308263649326,83.98268398268398,,
146,0.36433354996327544,83.11688311688312,,
147,0.3633928495267081,84.55988455988457,,
148,0.37262581299565745,83.54978354978356,,
149,0.3559342467079603,83.69408369408369,,
150,0.3710611609884499,84.41558441558442,0.4891385676024796,77.92207792207792
151,0.34955258656717825,85.42568542568543,,
152,0.3478535123889753,85.28138528138528,,
153,0.3515665966366965,84.27128427128427,,
154,0.3428590562393483,85.42568542568543,,
155,0.36422133062997075,84.55988455988457,,
156,0.33936636700344636,86.2914862914863,,
157,0.35652528569897873,83.40548340548341,,
158,0.35558396324106795,83.98268398268398,,
159,0.3561557445777271,84.41558441558442,,
160,0.35532591357547655,82.97258297258297,,
161,0.3511340759619318,85.71428571428571,,
162,0.3696959187716117,82.1067821067821,,
163,0.3520465926260487,84.12698412698413,,
164,0.3477365035687346,85.13708513708514,,
165,0.33377886996812806,87.01298701298701,,
166,0.3263679084839759,85.85858585858585,,
167,0.36579548845989535,83.83838383838383,,
168,0.3619094202872823,84.27128427128427,,
169,0.3427877975748731,84.55988455988457,,
170,0.3498672248653175,83.83838383838383,,
171,0.33585723525001887,84.41558441558442,,
172,0.3463909072535379,84.84848484848484,,
173,0.3503568382425742,84.84848484848484,,
174,0.3526425271323233,83.69408369408369,,
175,0.32413610631081274,86.86868686868686,0.45184275469222623,77.92207792207792
176,0.3336708160684394,85.42568542568543,,
177,0.3376968086711944,84.12698412698413,,
178,0.3523961687500859,83.69408369408369,,
179,0.3567781261723451,85.42568542568543,,
180,0.34850758787185426,84.41558441558442,,
181,0.33738079178986957,85.71428571428571,,
182,0.3323290834007153,85.28138528138528,,
183,0.33664922501144645,85.28138528138528,,
184,0.324125209605539,85.13708513708514,,
185,0.3537300949402874,83.69408369408369,,
186,0.3480252308332903,86.002886002886,,
187,0.33741138834629913,85.71428571428571,,
188,0.34796429695333064,86.002886002886,,
189,0.33142198774893733,85.85858585858585,,
190,0.3374453495870765,84.84848484848484,,
191,0.3282608741633648,85.13708513708514,,
192,0.32231502796148326,86.002886002886,,
193,0.3390715621938609,85.13708513708514,,
194,0.34805073486950144,85.28138528138528,,
195,0.33854639900023115,84.12698412698413,,
196,0.32833109252036563,86.14718614718615,,
197,0.32059455292049427,86.72438672438672,,
198,0.3409987430895906,84.84848484848484,,
199,0.3557610373304348,84.27128427128427,,
200,0.3526564888107828,85.13708513708514,0.4834136823555092,76.62337662337663
201,0.34255846448962995,84.7041847041847,,
202,0.3365880815153686,85.42568542568543,,
203,0.3293531913777967,85.13708513708514,,
204,0.3348069471585286,86.002886002886,,
205,0.3485209985728904,86.58008658008659,,
206,0.34289164288563473,84.55988455988457,,
207,0.32751649857900533,86.58008658008659,,
208,0.3256746858014345,85.13708513708514,,
209,0.33111632169153093,85.56998556998558,,
210,0.3184916161613547,87.01298701298701,,
211,0.3252347234910701,86.43578643578644,,
212,0.3076695737470624,87.44588744588745,,
213,0.32751825039004867,86.43578643578644,,
214,0.33300488264787764,85.56998556998558,,
215,0.3306156780898657,86.002886002886,,
216,0.3440317637347556,85.85858585858585,,
217,0.3166375391583078,86.2914862914863,,
218,0.34391367478460116,84.27128427128427,,
219,0.32754654922182597,85.13708513708514,,
220,0.31394069651504614,85.56998556998558,,
221,0.3143093470715169,86.72438672438672,,
222,0.3436677174650746,86.14718614718615,,
223,0.3066355172453333,87.73448773448773,,
224,0.30684269369078576,87.44588744588745,,
225,0.3284994616437956,85.85858585858585,0.48534988118456557,80.51948051948052
226,0.32198926148476537,87.15728715728716,,
227,0.3343458537759547,85.71428571428571,,
228,0.3136979694146271,86.2914862914863,,
229,0.3160696971898127,86.43578643578644,,
230,0.32950558630591004,85.56998556998558,,
231,0.3145871492046298,86.14718614718615,,
232,0.3212215609708734,85.28138528138528,,
233,0.3333051424005847,85.13708513708514,,
234,0.331222193560215,86.14718614718615,,
235,0.31800840926204754,86.002886002886,,
236,0.2992402904305451,87.73448773448773,,
237,0.3220461721802171,86.72438672438672,,
238,0.31938330848495683,86.2914862914863,,
239,0.29892371210012947,85.42568542568543,,
240,0.2984856888866872,87.15728715728716,,
241,0.3251277657298299,86.72438672438672,,
242,0.314166662668941,86.14718614718615,,
243,0.3056316993711315,87.5901875901876,,
244,0.3177268894827383,85.85858585858585,,
245,0.2973929884350317,87.5901875901876,,
246,0.3251564578404502,86.002886002886,,
247,0.3018168972598182,86.58008658008659,,
248,0.3213630330683005,86.86868686868686,,
249,0.3152345344101712,85.71428571428571,,
250,0.32537195778856376,86.86868686868686,0.4652942686111896,79.22077922077922
251,0.3204128657068525,86.43578643578644,,
252,0.30207671136911124,87.5901875901876,,
253,0.3088040055994692,86.43578643578644,,
254,0.32188078490170563,86.58008658008659,,
255,0.3168013805434817,86.43578643578644,,
256,0.30568198218382625,87.15728715728716,,
257,0.31933113283237163,84.55988455988457,,
258,0.3275051134575325,86.2914862914863,,
259,0.31007548164667675,87.44588744588745,,
260,0.3204566520271879,85.42568542568543,,
261,0.29357899185727,88.88888888888889,,
262,0.30515825739842645,86.43578643578644,,
263,0.2942349748823034,87.15728715728716,,
264,0.31701105261089824,86.58008658008659,,
265,0.3119625902881182,85.28138528138528,,
266,0.30934690005679494,87.5901875901876,,
267,0.3041972139525035,86.58008658008659,,
268,0.30812501146163773,87.73448773448773,,
269,0.31144660264038593,87.01298701298701,,
270,0.3110202457997706,86.2914862914863,,
271,0.3137960731123089,87.44588744588745,,
272,0.3054504760932097,86.86868686868686,,
273,0.3213848870726031,86.002886002886,,
274,0.29494343343235196,88.31168831168831,,
275,0.313471204188651,87.44588744588745,0.4867073100108605,83.11688311688312
276,0.2972733764808415,88.60028860028861,,
277,0.31492869790326294,85.56998556998558,,
278,0.2986541511477502,87.15728715728716,,
279,0.2948375166344092,87.73448773448773,,
280,0.2995462584031093,87.15728715728716,,
281,0.30198897195584845,87.5901875901876,,
282,0.2948321034811964,87.5901875901876,,
283,0.32279472493850137,87.87878787878788,,
284,0.2825788102968775,87.01298701298701,,
285,0.3171599257904042,86.58008658008659,,
286,0.30591601326868134,86.86868686868686,,
287,0.28621536652419133,88.02308802308802,,
288,0.29457803154404544,88.16738816738817,,
289,0.3064179127178495,86.58008658008659,,
290,0.30331044053876555,85.56998556998558,,
291,0.30477676303011686,85.28138528138528,,
292,0.2910089635573768,88.16738816738817,,
293,0.2920944353546759,88.16738816738817,,
294,0.28981237076921723,87.87878787878788,,
295,0.3004463595723865,86.43578643578644,,
296,0.3099179119946809,86.72438672438672,,
297,0.31209460318002524,86.58008658008659,,
298,0.2855395487204603,89.17748917748918,,
299,0.32641155938221433,86.43578643578644,,
300,0.310140246845255,88.16738816738817,0.516862593687974,77.92207792207792
301,0.30690469598185277,86.72438672438672,,
302,0.29126784832231584,88.31168831168831,,
303,0.299799525204503,88.02308802308802,,
304,0.3050697696157348,86.43578643578644,,
305,0.28409692424673366,88.02308802308802,,
306,0.28565081255174474,88.60028860028861,,
307,0.27494695885872944,88.45598845598846,,
308,0.29410240600291443,86.72438672438672,,
309,0.2862257909508151,87.73448773448773,,
310,0.2865738060008224,87.44588744588745,,
311,0.3028462329640189,86.43578643578644,,
312,0.2995359350592543,87.3015873015873,,
313,0.31182224242202133,86.86868686868686,,
314,0.2928824435494851,88.31168831168831,,
315,0.29942163455193865,88.88888888888889,,
316,0.2763864625067938,88.16738816738817,,
317,0.2914330262642402,87.01298701298701,,
318,0.3049834380504201,86.43578643578644,,
319,0.2854811573376903,86.43578643578644,,
320,0.293130420599923,86.86868686868686,,
321,0.30297160300212506,87.01298701298701,,
322,0.293990016929687,87.5901875901876,,
323,0.2955657606259053,88.02308802308802,,
324,0.2743712289508803,86.86868686868686,,
325,0.30388765625150344,86.2914862914863,0.5318024963527531,77.92207792207792
326,0.3100574229229752,87.01298701298701,,
327,0.27119947516212906,87.87878787878788,,
328,0.2922455543735499,87.87878787878788,,
329,0.27590214956718434,88.31168831168831,,
330,0.2684613334668147,86.58008658008659,,
331,0.2944154579832096,86.86868686868686,,
332,0.28291546120100036,87.15728715728716,,
333,0.26600451653481905,89.46608946608947,,
334,0.29386491662840136,87.73448773448773,,
335,0.2818087998019668,88.02308802308802,,
336,0.2744271607282014,89.32178932178932,,
337,0.28357148544612903,87.15728715728716,,
338,0.29308627044827734,86.14718614718615,,
339,0.28923144906458226,88.02308802308802,,
340,0.291376361642221,88.02308802308802,,
341,0.2579525802257601,89.8989898989899,,
342,0.2868159924234663,87.5901875901876,,
343,0.28703504506684036,87.44588744588745,,
344,0.28267637215565466,87.73448773448773,,
345,0.2833324583921942,89.03318903318903,,
346,0.2918614665581206,87.5901875901876,,
347,0.2765364185255155,88.45598845598846,,
348,0.2894215813016823,86.43578643578644,,
349,0.28395138855104324,87.5901875901876,,
350,0.2711801895116487,89.46608946608947,0.5592809667834988,79.22077922077922
351,0.2685000000126434,88.88888888888889,,
352,0.287022428896176,87.15728715728716,,
353,0.2852268601306761,88.16738816738817,,
354,0.27388151923213344,87.87878787878788,,
355,0.2816860621625727,87.5901875901876,,
356,0.3043594684930247,86.58008658008659,,
357,0.29422589831193974,87.01298701298701,,
358,0.27980603210219485,88.74458874458874,,
359,0.29136699137061534,88.60028860028861,,
360,0.2866617214972151,87.01298701298701,,
361,0.2790743489931156,88.88888888888889,,
362,0.2875251633264286,87.87878787878788,,
363,0.2741743834933849,88.60028860028861,,
364,0.2697958259065172,88.60028860028861,,
365,0.2847749651940526,88.60028860028861,,
366,0.2714398461588877,88.02308802308802,,
367,0.28304655108100923,87.44588744588745,,
368,0.2789577492559799,88.45598845598846,,
369,0.2952845958189187,88.16738816738817,,
370,0.25683508677916095,88.88888888888889,,
371,0.30180085651458255,87.3015873015873,,
372,0.29777126179801094,86.58008658008659,,
373,0.272922930607376,88.31168831168831,,
374,0.2966496227107523,87.44588744588745,,
375,0.26330320676855884,88.16738816738817,0.5912941113694922,77.92207792207792
376,0.2627966342034278,89.46608946608947,,
377,0.28401163322541967,87.73448773448773,,
378,0.27973069596772243,87.15728715728716,,
379,0.2869282966912395,88.31168831168831,,
380,0.27199415400258736,89.03318903318903,,
381,0.2801410893427173,88.60028860028861,,
382,0.29363993286527423,87.3015873015873,,
383,0.28164921668700843,86.43578643578644,,
384,0.2843888309094813,87.15728715728716,,
385,0.284163340689644,87.87878787878788,,
386,0.2943650178643532,88.45598845598846,,
387,0.26268967577561325,88.02308802308802,,
388,0.27846078394037305,88.02308802308802,,
389,0.28322190777391926,88.02308802308802,,
390,0.29352555190673985,87.01298701298701,,
391,0.24713222736232038,89.46608946608947,,
392,0.26302737322290565,89.17748917748918,,
393,0.28600333628888425,87.5901875901876,,
394,0.2826450636548569,88.88888888888889,,
395,0.26398084156785007,87.15728715728716,,
396,0.27322712325602555,88.02308802308802,,
397,0.2852692599979486,89.03318903318903,,
398,0.2678677646112648,89.8989898989899,,
399,0.2744803848376694,88.45598845598846,,
400,0.2681720219176225,88.16738816738817,0.6411455482631535,80.51948051948052
401,0.25672988569925703,89.46608946608947,,
402,0.2708937593871488,88.16738816738817,,
403,0.2908913501757392,88.16738816738817,,
404,0.25680168830987177,89.17748917748918,,
405,0.26563404588644296,88.74458874458874,,
406,0.28450595450951766,88.45598845598846,,
407,0.3047057359249561,89.32178932178932,,
408,0.2622615738649561,89.03318903318903,,
409,0.2776276232704284,88.60028860028861,,
410,0.2662729946049777,89.46608946608947,,
411,0.25321834533331544,90.33189033189034,,
412,0.28520576791329816,87.73448773448773,,
413,0.28171150311612636,87.3015873015873,,
414,0.2861478899378453,88.02308802308802,,
415,0.28672706994831476,87.73448773448773,,
416,0.2648503553084653,89.8989898989899,,
417,0.2875670152481156,88.74458874458874,,
418,0.26769585182828476,88.31168831168831,,
419,0.286230265768984,87.73448773448773,,
420,0.2600075410730051,89.03318903318903,,
421,0.2794193855955831,87.73448773448773,,
422,0.2792018661423335,87.87878787878788,,
423,0.25830867576371197,89.03318903318903,,
424,0.24971893262037467,89.75468975468975,,
425,0.2520982397432623,88.60028860028861,0.7330395200035789,76.62337662337663
426,0.27905939315132594,88.45598845598846,,
427,0.26444295586273614,88.31168831168831,,
428,0.25291682262656323,89.32178932178932,,
429,0.272512725335351,88.60028860028861,,
430,0.25139693300875404,89.17748917748918,,
431,0.2585626377859845,88.88888888888889,,
432,0.23973440749820693,90.04329004329004,,
433,0.2875134992221045,87.73448773448773,,
434,0.2735446426173481,88.60028860028861,,
435,0.26098839859081724,89.46608946608947,,
436,0.2520713975591233,89.17748917748918,,
437,0.25119712325229615,88.74458874458874,,
438,0.2743762277206473,88.31168831168831,,
439,0.27478262257438374,88.88888888888889,,
440,0.2840177260264002,88.16738816738817,,
441,0.264963512974126,88.31168831168831,,
442,0.2750559838201103,88.60028860028861,,
443,0.24956667818892397,89.03318903318903,,
444,0.25692711542609104,90.47619047619048,,
445,0.24000470755248188,90.18759018759019,,
446,0.26267594941938766,89.46608946608947,,
447,0.27166433832346104,88.60028860028861,,
448,0.2608968693263087,88.02308802308802,,
449,0.2561964066685708,90.47619047619048,,
450,0.2787333493151878,87.5901875901876,0.6646565276306945,79.22077922077922
451,0.2604517913483954,89.32178932178932,,
452,0.28655255098879595,87.5901875901876,,
453,0.2584758975138568,88.45598845598846,,
454,0.2641421631086096,88.74458874458874,,
455,0.26614460220068564,88.88888888888889,,
456,0.2481822625641183,89.75468975468975,,
457,0.2607945215607446,89.8989898989899,,
458,0.277094701194832,88.31168831168831,,
459,0.26026151194351405,89.75468975468975,,
460,0.2755456469619773,87.5901875901876,,
461,0.24032711582782465,90.9090909090909,,
462,0.2516938014893993,88.02308802308802,,
463,0.2668159088875136,87.44588744588745,,
464,0.2719184529643726,90.04329004329004,,
465,0.2577786237474472,88.88888888888889,,
466,0.25645424310564136,89.03318903318903,,
467,0.2804465623301001,87.73448773448773,,
468,0.261338736501779,89.17748917748918,,
469,0.25506676455037763,90.62049062049061,,
470,0.244040873573628,90.18759018759019,,
471,0.25296094024508203,90.18759018759019,,
472,0.26467922987876,89.32178932178932,,
473,0.27655903587029096,89.17748917748918,,
474,0.2708039574679874,86.72438672438672,,
475,0.26155852011443903,89.17748917748918,0.61780750828904,79.22077922077922
476,0.25419416559206975,89.03318903318903,,
477,0.24859671676356726,88.88888888888889,,
478,0.2597157326869634,90.76479076479076,,
479,0.25995961721841393,88.31168831168831,,
480,0.273507089057096,87.73448773448773,,
481,0.24089325097904232,89.75468975468975,,
482,0.25392061059093063,88.60028860028861,,
483,0.2474642134289033,90.04329004329004,,
484,0.2790560210594023,88.02308802308802,,
485,0.25523133850071855,89.03318903318903,,
486,0.26535857274246766,89.75468975468975,,
487,0.25794468046008767,88.45598845598846,,
488,0.2785309939759462,87.5901875901876,,
489,0.2439063023265134,89.8989898989899,,
490,0.2590372634226454,89.32178932178932,,
491,0.2591294503487206,90.04329004329004,,
492,0.2540404116694545,88.88888888888889,,
493,0.24417914713572975,90.04329004329004,,
494,0.253692671463087,88.31168831168831,,
495,0.25714654263651904,89.17748917748918,,
496,0.2442617690752423,90.33189033189034,,
497,0.25371180451105513,90.04329004329004,,
498,0.257805632478403,88.74458874458874,,
499,0.25195966750211357,90.04329004329004,,
500,0.26122664020519065,89.03318903318903,0.7480574025736226,80.51948051948052
501,0.26297467078309383,90.47619047619048,,
502,0.25241200209909065,89.8989898989899,,
503,0.25093866048265157,89.17748917748918,,
504,0.2563793585672007,90.33189033189034,,
505,0.24225153496642132,89.17748917748918,,
506,0.24950523270243002,89.8989898989899,,
507,0.24923477472379954,89.17748917748918,,
508,0.2534538344903426,89.6103896103896,,
509,0.26076124223623787,89.03318903318903,,
510,0.25371574826570814,90.04329004329004,,
511,0.24053531291680935,89.6103896103896,,
512,0.2551058492963276,89.8989898989899,,
513,0.2528165893637257,90.18759018759019,,
514,0.2628173269116431,89.03318903318903,,
515,0.24992011081626234,91.1976911976912,,
516,0.23471842080483704,91.48629148629149,,
517,0.24910726792798585,90.18759018759019,,
518,0.24745347766907183,88.60028860028861,,
519,0.24345842410217633,90.18759018759019,,
520,0.24503007892406348,89.17748917748918,,
521,0.23330931866495813,90.62049062049061,,
522,0.2685829292644154,88.02308802308802,,
523,0.25786627405477636,88.88888888888889,,
524,0.24713809317324584,90.62049062049061,,
525,0.25802700794577427,89.32178932178932,0.665460469660821,79.22077922077922
526,0.2352298086785952,91.05339105339105,,
527,0.2574634130985018,89.32178932178932,,
528,0.2534212364262833,88.60028860028861,,
529,0.24318622110726,89.75468975468975,,
530,0.26111236907014945,88.60028860028861,,
531,0.2574463130161704,88.74458874458874,,
532,0.252393088643513,89.03318903318903,,
533,0.26332897347805306,88.60028860028861,,
534,0.24747703894220216,91.34199134199135,,
535,0.2586633625398639,90.04329004329004,,
536,0.2635353644516905,88.16738816738817,,
537,0.2333736065533254,90.76479076479076,,
538,0.24578352829422614,91.1976911976912,,
539,0.23021087689327902,89.6103896103896,,
540,0.22301239370869697,91.48629148629149,,
541,0.2386523832232405,89.46608946608947,,
542,0.26642341329077796,90.18759018759019,,
543,0.24644600097923225,90.33189033189034,,
544,0.2508375979261137,90.47619047619048,,
545,0.2406044379414246,89.8989898989899,,
546,0.2420992399706985,89.03318903318903,,
547,0.23557743516147223,89.6103896103896,,
548,0.2522188956173295,89.46608946608947,,
549,0.24129114832734477,89.75468975468975,,
550,0.23362734632144586,90.62049062049061,0.6634523767929572,79.22077922077922
551,0.2365543811352222,90.04329004329004,,
552,0.2538929471549878,89.17748917748918,,
553,0.2434991016489431,89.75468975468975,,
554,0.23779875947455478,91.1976911976912,,
555,0.2605764643970506,88.74458874458874,,
556,0.25861149999443417,89.8989898989899,,
557,0.24860526731003932,90.62049062049061,,
558,0.2314002113510864,91.77489177489177,,
559,0.2616868829959399,90.04329004329004,,
560,0.22340848194744337,90.62049062049061,,
561,0.23769946273787196,89.75468975468975,,
562,0.22721523829180784,91.05339105339105,,
563,0.23348641990647687,89.6103896103896,,
564,0.24644354015889794,89.17748917748918,,
565,0.24784812167781428,89.8989898989899,,
566,0.254233339046159,89.03318903318903,,
567,0.23121929905158273,90.47619047619048,,
568,0.245510794931934,88.45598845598846,,
569,0.24266042401893184,90.47619047619048,,
570,0.2645967605740133,89.6103896103896,,
571,0.2422927969375902,88.60028860028861,,
572,0.240906006953589,89.6103896103896,,
573,0.21526434996083357,90.62049062049061,,
574,0.24462594012333372,90.04329004329004,,
575,0.2523890511814134,87.5901875901876,0.5989944129795223,83.11688311688312
576,0.23888531662685014,90.04329004329004,,
577,0.22535196454149992,90.62049062049061,,
578,0.2381226819487017,90.04329004329004,,
579,0.22794016941973314,90.9090909090909,,
580,0.2310198432783372,91.48629148629149,,
581,0.22216764233286074,90.9090909090909,,
582,0.22457401714627706,91.05339105339105,,
583,0.251438276097716,89.03318903318903,,
584,0.24457086537780529,89.46608946608947,,
585,0.2511522494697296,88.88888888888889,,
586,0.23332295965666722,90.76479076479076,,
587,0.22633679415412453,90.04329004329004,,
588,0.2368701213452035,90.18759018759019,,
589,0.2307241837699692,89.6103896103896,,
590,0.25709002274713477,89.46608946608947,,
591,0.23187476509448254,90.04329004329004,,
592,0.24371724641340292,89.75468975468975,,
593,0.24043823385135435,89.6103896103896,,
594,0.24770779492707135,91.1976911976912,,
595,0.24073276578476935,88.74458874458874,,
596,0.2217748731073707,91.63059163059162,,
597,0.22872790558771652,90.9090909090909,,
598,0.23589117212212962,90.18759018759019,,
599,0.22794346480723068,90.9090909090909,,
600,0.20976832096194808,91.91919191919192,0.7228194838994509,80.51948051948052
601,0.22372663249013056,91.34199134199135,,
602,0.23476053612551304,89.03318903318903,,
603,0.24085152480068575,90.47619047619048,,
604,0.2541105942894714,89.32178932178932,,
605,0.25709205943268615,90.62049062049061,,
606,0.2261559267838796,90.9090909090909,,
607,0.23782410612397037,90.62049062049061,,
608,0.21747899571538487,91.91919191919192,,
609,0.22060618245326424,90.33189033189034,,
610,0.22400226438630366,91.48629148629149,,
611,0.23844723054039874,89.17748917748918,,
612,0.2338718923741433,91.05339105339105,,
613,0.25891058402832107,89.46608946608947,,
614,0.2374971585528331,90.18759018759019,,
615,0.22918517152210335,90.47619047619048,,
616,0.23539679311484657,90.18759018759019,,
617,0.24364758665642525,90.33189033189034,,
618,0.24553302666884652,89.8989898989899,,
619,0.22036333643921355,91.34199134199135,,
620,0.2106697666868675,92.4963924963925,,
621,0.22851391902131607,90.62049062049061,,
622,0.2420108908730926,88.88888888888889,,
623,0.2461718497166214,88.31168831168831,,
624,0.24489442408514916,89.8989898989899,,
625,0.2312342098350993,89.75468975468975,0.6393996562276568,81.81818181818181
626,0.23592702315483258,89.46608946608947,,
627,0.24481526546147994,90.33189033189034,,
628,0.23894434397795586,90.04329004329004,,
629,0.20054702557526627,92.92929292929293,,
630,0.2310510798106118,90.9090909090909,,
631,0.2318021243795602,92.4963924963925,,
632,0.22758831498770832,90.47619047619048,,
633,0.2236989564484074,89.75468975468975,,
634,0.22495001268776035,89.6103896103896,,
635,0.24465645769070754,89.6103896103896,,
636,0.2143845059955963,90.76479076479076,,
637,0.2394944727420807,89.32178932178932,,
638,0.22668944831405366,90.04329004329004,,
639,0.2327321736198483,90.33189033189034,,
640,0.2501800439305722,89.46608946608947,,
641,0.23496095782406573,90.33189033189034,,
642,0.23112804738302078,90.33189033189034,,
643,0.22937980539354927,90.62049062049061,,
644,0.2060462690535046,92.64069264069263,,
645,0.21678735466316493,91.1976911976912,,
646,0.2507542663967455,89.17748917748918,,
647,0.2209469945227773,92.35209235209236,,
648,0.2408723911273187,89.6103896103896,,
649,0.24383627774105185,89.8989898989899,,
650,0.23430434763861596,90.62049062049061,0.7420670444315131,80.51948051948052
651,0.24198542531004544,88.02308802308802,,
652,0.22693596087922954,91.77489177489177,,
653,0.2279783660037951,90.33189033189034,,
654,0.2167985098702567,91.1976911976912,,
655,0.23892035310574597,90.33189033189034,,
656,0.22319674382220098,90.76479076479076,,
657,0.22234331928247325,90.76479076479076,,
658,0.2460304834969976,90.9090909090909,,
659,0.2076466665058941,91.48629148629149,,
660,0.22631887870089487,90.18759018759019,,
661,0.24164208141928284,90.33189033189034,,
662,0.221005149970495,90.76479076479076,,
663,0.21392471505621982,91.34199134199135,,
664,0.24858385161059932,90.76479076479076,,
665,0.21806850601498354,90.47619047619048,,
666,0.2058649200725693,91.77489177489177,,
667,0.21109430880042554,91.77489177489177,,
668,0.22398303545914688,89.75468975468975,,
669,0.2010751421446408,92.4963924963925,,
670,0.21261251396345027,91.1976911976912,,
671,0.24690021271313423,89.32178932178932,,
672,0.2018128250648965,92.20779220779221,,
673,0.2329448698919057,90.18759018759019,,
674,0.2103434586782421,91.05339105339105,,
675,0.23440337867017777,90.18759018759019,0.7560645279946265,79.22077922077922
676,0.2255489994781186,91.77489177489177,,
677,0.19961795351679018,91.63059163059162,,
678,0.242893287457773,89.75468975468975,,
679,0.2451008338088769,90.47619047619048,,
680,0.2195197574331991,90.47619047619048,,
681,0.24397922499699337,90.18759018759019,,
682,0.21173617120128002,92.35209235209236,,
683,0.234592889466499,91.05339105339105,,
684,0.23817724406633198,90.04329004329004,,
685,0.21477018688062224,92.06349206349206,,
686,0.212632851511197,91.63059163059162,,
687,0.21374796309426405,91.05339105339105,,
688,0.23742551338276993,90.62049062049061,,
689,0.213592939304583,90.47619047619048,,
690,0.23206045434502467,91.05339105339105,,
691,0.2321769699217781,91.1976911976912,,
692,0.21479985375941058,90.04329004329004,,
693,0.2237456330618301,91.63059163059162,,
694,0.21195324070343122,90.47619047619048,,
695,0.2070768702812869,91.48629148629149,,
696,0.2220735934389618,91.05339105339105,,
697,0.21250576094803528,92.06349206349206,,
698,0.21618566566387468,91.77489177489177,,
699,0.2147291817448356,91.1976911976912,,
700,0.21895966672944644,90.47619047619048,0.6737278815987823,79.22077922077922
701,0.24558421715416692,89.75468975468975,,
702,0.21777877035251084,91.05339105339105,,
703,0.22317857898416973,91.63059163059162,,
704,0.22446515954074062,91.34199134199135,,
705,0.2405952425058098,89.17748917748918,,
706,0.2152397134173312,92.35209235209236,,
707,0.2173400553101929,90.9090909090909,,
708,0.22208119546094154,90.9090909090909,,
709,0.23133761370164835,91.05339105339105,,
710,0.189154207899973,91.77489177489177,,
711,0.21932789033969588,90.9090909090909,,
712,0.2135311629607048,92.20779220779221,,
713,0.2146801392495374,90.9090909090909,,
714,0.20442619433822742,91.91919191919192,,
715,0.2103202762713852,91.48629148629149,,
716,0.21909131193573858,90.18759018759019,,
717,0.22469810747997068,91.34199134199135,,
718,0.23311480307819868,89.75468975468975,,
719,0.2095767403448815,91.91919191919192,,
720,0.21438975544030875,91.1976911976912,,
721,0.22710414349086702,90.18759018759019,,
722,0.2091211975480915,90.76479076479076,,
723,0.2146114483368173,90.47619047619048,,
724,0.21152874347881492,91.63059163059162,,
725,0.2103545024324461,91.34199134199135,0.6784768452892056,80.51948051948052
726,0.21568067875001337,91.34199134199135,,
727,0.2084363918928873,91.77489177489177,,
728,0.19887560610706456,91.48629148629149,,
729,0.22488592975755448,90.62049062049061,,
730,0.22738524927377357,90.47619047619048,,
731,0.20585079536293494,91.48629148629149,,
732,0.21160910612921005,91.05339105339105,,
733,0.206286071591391,91.1976911976912,,
734,0.20231347028461713,91.05339105339105,,
735,0.22758217767810968,91.34199134199135,,
736,0.2097978088870365,92.4963924963925,,
737,0.21723724933929775,91.05339105339105,,
738,0.19911658325236598,92.78499278499278,,
739,0.20472090434374404,91.77489177489177,,
740,0.20549538092953817,91.48629148629149,,
741,0.1979156769973375,92.64069264069263,,
742,0.2112986875031396,91.05339105339105,,
743,0.2229779190659351,91.63059163059162,,
744,0.22193130531481334,90.62049062049061,,
745,0.21519543654130824,89.32178932178932,,
746,0.22790624178182683,90.47619047619048,,
747,0.22346659299271104,90.18759018759019,,
748,0.21727165437880017,91.05339105339105,,
749,0.2256762073798613,91.05339105339105,,
750,0.22188441754247548,91.34199134199135,0.7615751368658883,81.81818181818181
751,0.2051458169489798,90.9090909090909,,
752,0.20165975759018206,92.06349206349206,,
753,0.20825208274144974,91.91919191919192,,
754,0.2070160484933234,93.65079365079364,,
755,0.2071542694928154,91.05339105339105,,
756,0.18928316459167227,92.35209235209236,,
757,0.23659097563480747,90.62049062049061,,
758,0.21041447814408834,92.06349206349206,,
759,0.1819018864356422,92.35209235209236,,
760,0.18815111851623392,92.64069264069263,,
761,0.21872520539237653,91.91919191919192,,
762,0.20935026479919924,92.35209235209236,,
763,0.21002374002427765,92.06349206349206,,
764,0.21181466706731447,91.34199134199135,,
765,0.22510244847311603,91.1976911976912,,
766,0.23511097037258946,90.18759018759019,,
767,0.19972102378439938,92.78499278499278,,
768,0.2061069393624561,91.91919191919192,,
769,0.20952753496892523,91.34199134199135,,
770,0.2071454899995702,91.34199134199135,,
771,0.20578940971761212,91.77489177489177,,
772,0.2124483651585049,91.91919191919192,,
773,0.20314967314058224,92.4963924963925,,
774,0.19467770575759408,92.92929292929293,,
775,0.20742063366231464,91.91919191919192,0.7672097295909733,80.51948051948052
776,0.2170551009768483,90.76479076479076,,
777,0.19599259073858138,92.20779220779221,,
778,0.237845594281113,90.62049062049061,,
779,0.19021007530444972,92.78499278499278,,
780,0.21026592728551505,91.63059163059162,,
781,0.20852210317855274,91.77489177489177,,
782,0.21042441405775228,92.06349206349206,,
783,0.2257890309842806,91.1976911976912,,
784,0.22584628947025426,90.33189033189034,,
785,0.20808335749531892,91.1976911976912,,
786,0.2341000127456921,90.04329004329004,,
787,0.22125643510022033,90.47619047619048,,
788,0.21604576367148418,90.04329004329004,,
789,0.200549988154037,92.20779220779221,,
790,0.19072212728243026,92.78499278499278,,
791,0.21706967495521598,90.18759018759019,,
792,0.23851127550543472,89.75468975468975,,
793,0.19014084343442325,91.91919191919192,,
794,0.2061238798754986,91.63059163059162,,
795,0.2105819254449715,91.63059163059162,,
796,0.20825172454914317,91.77489177489177,,
797,0.18700281774133315,92.64069264069263,,
798,0.2059133289352296,91.63059163059162,,
799,0.2070618693274681,90.33189033189034,,
800,0.17878013429961678,92.78499278499278,0.7483224435286089,81.81818181818181
801,0.21006244352197578,90.62049062049061,,
802,0.20436551096119407,91.34199134199135,,
803,0.22211541781607816,90.62049062049061,,
804,0.20577797725861208,91.05339105339105,,
805,0.191680021261498,91.48629148629149,,
806,0.19982652614514032,91.05339105339105,,
807,0.17495874495045274,93.36219336219337,,
808,0.19450009376627714,91.63059163059162,,
809,0.190869444811886,92.20779220779221,,
810,0.20601009039952814,92.4963924963925,,
811,0.18475740871689192,92.64069264069263,,
812,0.19913273576706175,91.63059163059162,,
813,0.2241312630291797,89.75468975468975,,
814,0.23567506821468623,89.6103896103896,,
815,0.22289569665171194,91.63059163059162,,
816,0.2239624827369123,90.47619047619048,,
817,0.19033147192534602,91.91919191919192,,
818,0.21262454238288847,91.1976911976912,,
819,0.1936152038120088,90.9090909090909,,
820,0.21911939273320924,90.9090909090909,,
821,0.2162161929610832,91.91919191919192,,
822,0.19054689095993924,92.92929292929293,,
823,0.20014985440054325,92.06349206349206,,
824,0.21321853472277372,90.76479076479076,,
825,0.19256807969074058,92.06349206349206,0.7639436272831707,83.11688311688312
826,0.2233683774926435,90.76479076479076,,
827,0.20285751366340066,92.06349206349206,,
828,0.1992031526771975,91.34199134199135,,
829,0.21568679646152095,90.9090909090909,,
830,0.21098667925323156,90.47619047619048,,
831,0.20251998537546628,91.34199134199135,,
832,0.2062937343576426,91.63059163059162,,
833,0.21780467300015954,92.78499278499278,,
834,0.2017142449708556,91.77489177489177,,
835,0.2028705243768458,92.64069264069263,,
836,0.19217061428796678,91.91919191919192,,
837,0.18565660091264855,92.92929292929293,,
838,0.23717988850172572,90.33189033189034,,
839,0.20401355113516983,91.91919191919192,,
840,0.19842889517932744,91.48629148629149,,
841,0.17747112680737245,93.79509379509379,,
842,0.1924495127638009,92.4963924963925,,
843,0.21581146317906408,91.05339105339105,,
844,0.19788293215791555,91.48629148629149,,
845,0.21268876028095318,91.91919191919192,,
846,0.21127788733266306,91.05339105339105,,
847,0.20399705009887056,91.34199134199135,,
848,0.2039896688850067,90.76479076479076,,
849,0.18236734915906389,91.91919191919192,,
850,0.20330537862075873,91.77489177489177,0.7015179411157385,81.81818181818181
851,0.2011775341298845,91.77489177489177,,
852,0.20181235701146752,92.4963924963925,,
853,0.1955977426720904,91.91919191919192,,
854,0.20166447672665033,92.06349206349206,,
855,0.1889858717665958,92.06349206349206,,
856,0.19249437504258507,92.4963924963925,,
857,0.2109780153111806,91.77489177489177,,
858,0.2257719693589864,91.77489177489177,,
859,0.21189242369168765,92.06349206349206,,
860,0.18455825408471782,93.65079365079364,,
861,0.2004742498091633,91.91919191919192,,
862,0.23428517676793137,91.1976911976912,,
863,0.21740432278203414,90.33189033189034,,
864,0.19984063355609624,90.62049062049061,,
865,0.204466283531029,91.63059163059162,,
866,0.18644574447971746,93.21789321789322,,
867,0.22727918753892312,89.75468975468975,,
868,0.17283086199179012,93.50649350649351,,
869,0.21164881495535803,90.9090909090909,,
870,0.1747290300471442,93.07359307359307,,
871,0.18807957540192302,92.78499278499278,,
872,0.22037564062151901,91.05339105339105,,
873,0.1883714347002654,92.35209235209236,,
874,0.22363461655111713,90.76479076479076,,
875,0.20881589589180885,91.1976911976912,0.6622997576540167,81.81818181818181
876,0.21483087810603055,92.35209235209236,,
877,0.2102049703119809,90.76479076479076,,
878,0.20577751237678665,92.64069264069263,,
879,0.20108079359816955,92.06349206349206,,
880,0.1867190036078724,92.35209235209236,,
881,0.20467022168859947,90.76479076479076,,
882,0.2034078917720101,91.1976911976912,,
883,0.19141237320537002,92.35209235209236,,
884,0.1875198238984847,90.47619047619048,,
885,0.20004727146326207,91.91919191919192,,
886,0.20255805440193303,91.1976911976912,,
887,0.19532410519850718,92.4963924963925,,
888,0.2211213538458122,91.48629148629149,,
889,0.20973695701721942,92.06349206349206,,
890,0.1849990878442321,91.34199134199135,,
891,0.18628683762589918,93.21789321789322,,
892,0.19313503816874342,92.78499278499278,,
893,0.20940886136321796,90.62049062049061,,
894,0.2030797205962144,91.63059163059162,,
895,0.2046782106892199,92.78499278499278,,
896,0.20061197593098595,92.35209235209236,,
897,0.213352511057692,91.34199134199135,,
898,0.18420952055361364,92.4963924963925,,
899,0.192128986012712,92.4963924963925,,
900,0.19917275508244833,92.20779220779221,0.7950492663816973,83.11688311688312
901,0.20532240121911616,91.34199134199135,,
902,0.20352356228305493,92.20779220779221,,
903,0.19004141194221777,92.92929292929293,,
904,0.18938148938237676,92.35209235209236,,
905,0.2079373908163321,90.76479076479076,,
906,0.22456202899545302,92.92929292929293,,
907,0.18463876620902644,91.77489177489177,,
908,0.18759107624125515,93.21789321789322,,
909,0.2141593989054706,91.77489177489177,,
910,0.21931749855371094,92.06349206349206,,
911,0.1811641647848657,91.63059163059162,,
912,0.19697488852861253,92.78499278499278,,
913,0.21152575503266047,91.77489177489177,,
914,0.17274911141004226,93.36219336219337,,
915,0.20005806794317513,91.63059163059162,,
916,0.190798625973568,92.4963924963925,,
917,0.20254991477702086,92.20779220779221,,
918,0.20078933443255928,91.77489177489177,,
919,0.19349389209870307,92.20779220779221,,
920,0.1879314045854515,93.21789321789322,,
921,0.1844082474493533,92.4963924963925,,
922,0.2126112466215722,90.9090909090909,,
923,0.19378108259231325,92.78499278499278,,
924,0.18965395850708647,92.06349206349206,,
925,0.22544608804871683,91.63059163059162,0.6821221895032115,81.81818181818181
926,0.18213417962688044,92.92929292929293,,
927,0.1945938735361739,92.06349206349206,,
928,0.23452099033162363,90.62049062049061,,
929,0.1938844136947505,92.20779220779221,,
930,0.18497745784652697,92.78499278499278,,
931,0.18640940205273346,92.06349206349206,,
932,0.1789230577698754,93.50649350649351,,
933,0.20935233348569313,91.34199134199135,,
934,0.18737952893231638,92.20779220779221,,
935,0.1948690302616246,92.20779220779221,,
936,0.1888713419308394,92.64069264069263,,
937,0.19802759123312963,91.91919191919192,,
938,0.20245850830195097,91.91919191919192,,
939,0.20158232874297477,91.77489177489177,,
940,0.18605625285386695,93.07359307359307,,
941,0.19955847800466062,92.06349206349206,,
942,0.18365304986979883,92.64069264069263,,
943,0.18743365822416364,92.20779220779221,,
944,0.2050087046184581,92.35209235209236,,
945,0.1872136892608406,91.91919191919192,,
946,0.19512337050568662,91.77489177489177,,
947,0.1934450969938592,92.4963924963925,,
948,0.18383897170101926,92.64069264069263,,
949,0.19093385489300044,92.35209235209236,,
950,0.19412186600988218,92.4963924963925,0.808773330279759,81.81818181818181
951,0.21511056910646598,91.05339105339105,,
952,0.1862899987470536,93.36219336219337,,
953,0.1883404151701824,92.35209235209236,,
954,0.19454234062249182,91.34199134199135,,
955,0.21739244555670117,91.63059163059162,,
956,0.18608156130427406,93.07359307359307,,
957,0.17278095060612733,93.21789321789322,,
958,0.19497361251329104,92.35209235209236,,
959,0.19823088805482844,90.62049062049061,,
960,0.20722758782890452,91.05339105339105,,
961,0.21330740989802718,91.1976911976912,,
962,0.1713329880548074,92.92929292929293,,
963,0.18671642972793415,93.07359307359307,,
964,0.18022722474596373,92.92929292929293,,
965,0.16675670880388904,93.36219336219337,,
966,0.1936147888103691,92.78499278499278,,
967,0.2118351956423571,92.4963924963925,,
968,0.20104776437879468,92.4963924963925,,
969,0.20834000362419292,91.63059163059162,,
970,0.18466072909071676,92.64069264069263,,
971,0.19805360890785165,92.78499278499278,,
972,0.19899796616033386,91.1976911976912,,
973,0.2000622296918178,91.63059163059162,,
974,0.21725469307293968,91.1976911976912,,
975,0.21135193737382324,91.63059163059162,0.7079304116112846,80.51948051948052
976,0.17746074886893126,93.07359307359307,,
977,0.18725045588711467,91.48629148629149,,
978,0.1836995631456375,93.21789321789322,,
979,0.1947487292093632,92.06349206349206,,
980,0.1721129650451662,92.4963924963925,,
981,0.17369111263949805,92.78499278499278,,
982,0.18857807895063838,92.64069264069263,,
983,0.18610080945457386,92.06349206349206,,
984,0.20476462447970117,92.06349206349206,,
985,0.22447366479241315,90.47619047619048,,
986,0.16741373572729712,93.65079365079364,,
987,0.17147744495373268,93.50649350649351,,
988,0.2093071151648421,92.06349206349206,,
989,0.18047645571944002,92.4963924963925,,
990,0.1858519289191022,92.06349206349206,,
991,0.1909514434022821,92.06349206349206,,
992,0.18836153891007448,92.35209235209236,,
993,0.17646871236775172,93.65079365079364,,
994,0.17425862651366691,92.78499278499278,,
995,0.1851735853443586,92.35209235209236,,
996,0.19178553706930054,93.07359307359307,,
997,0.18351736968224613,92.4963924963925,,
998,0.1977446038829644,91.34199134199135,,
999,0.17184866515282557,93.65079365079364,,
1000,0.16852490544792206,93.65079365079364,0.8079606728120283,84.41558441558442
