epoch,train_loss,train_acc,test_loss,test_acc
1,0.6937898723422019,50.21645021645022,0.6830176339521037,55.84415584415584
2,0.6886694043401688,55.41125541125541,,
3,0.6837920564593691,55.122655122655125,,
4,0.6830826088635609,55.98845598845599,,
5,0.6773151954015096,55.98845598845599,,
6,0.6771586633691884,55.699855699855696,,
7,0.6726779971287881,57.287157287157285,,
8,0.6708748799897891,56.998556998557,,
9,0.6652150377738699,58.44155844155844,,
10,0.6641997771517711,58.44155844155844,,
11,0.652748766657594,60.02886002886003,,
12,0.6551732384797299,59.884559884559884,,
13,0.6536828024906858,63.492063492063494,,
14,0.6470821476601935,61.76046176046176,,
15,0.6423556761652188,62.19336219336219,,
16,0.6399227521808288,63.924963924963926,,
17,0.6310152107847029,66.08946608946609,,
18,0.6324564671791649,66.08946608946609,,
19,0.6300651880913827,65.36796536796537,,
20,0.6198203545628171,67.82106782106783,,
21,0.6097299624315072,68.3982683982684,,
22,0.6071281207760347,68.54256854256855,,
23,0.5992311260744951,68.54256854256855,,
24,0.6084840009566853,68.1096681096681,,
25,0.5988623219479042,67.82106782106783,0.6266056980405535,58.44155844155844
26,0.5940713809338138,69.55266955266956,,
27,0.5912648017960366,70.41847041847042,,
28,0.5866036045258868,69.55266955266956,,
29,0.5879718597661193,69.6969696969697,,
30,0.5822755276382744,71.28427128427128,,
31,0.5748664639556906,70.12987012987013,,
32,0.5676743187773623,71.42857142857143,,
33,0.5705807547892671,72.43867243867244,,
34,0.5580418835814726,73.88167388167388,,
35,0.5537073891314249,73.01587301587301,,
36,0.5403128449534957,74.74747474747475,,
37,0.5469798348510764,72.87157287157287,,
38,0.5484486227427726,72.87157287157287,,
39,0.550225650765335,72.58297258297259,,
40,0.533491096541307,73.3044733044733,,
41,0.5391878805635295,73.88167388167388,,
42,0.5283079030365827,74.02597402597402,,
43,0.5346893143086207,74.17027417027417,,
44,0.5279950276339725,75.32467532467533,,
45,0.5121461462664914,76.62337662337663,,
46,0.5145457235163596,75.9018759018759,,
47,0.5081052469656753,75.9018759018759,,
48,0.5060824636171046,75.46897546897547,,
49,0.5203042197193074,74.74747474747475,,
50,0.49805775856730916,77.2005772005772,0.5420066931030967,74.02597402597402
51,0.484094074450186,75.61327561327562,,
52,0.5052232592652887,75.18037518037518,,
53,0.4975754668100228,77.2005772005772,,
54,0.4879972201921207,76.04617604617604,,
55,0.48852304686371556,77.2005772005772,,
56,0.489661919692206,77.92207792207792,,
57,0.48464305808533836,78.64357864357865,,
58,0.481998307063294,76.62337662337663,,
59,0.48000364863511286,78.35497835497836,,
60,0.48729283821703206,77.05627705627705,,
61,0.46222921778027287,78.93217893217893,,
62,0.4628596763848226,79.36507936507937,,
63,0.47609721909009706,78.21067821067821,,
64,0.47105437835401615,77.77777777777777,,
65,0.45892604518934416,78.21067821067821,,
66,0.4536479834526304,79.50937950937951,,
67,0.46293246281611455,78.21067821067821,,
68,0.4572148034281889,79.36507936507937,,
69,0.47439403872813324,80.08658008658008,,
70,0.4704492501108161,78.21067821067821,,
71,0.4502815155239848,80.66378066378067,,
72,0.4492513551598504,78.35497835497836,,
73,0.4524224183776162,80.08658008658008,,
74,0.44442152030884274,79.07647907647907,,
75,0.4612737398642998,79.36507936507937,0.47813293957090996,75.32467532467533
76,0.44348372886707255,78.78787878787878,,
77,0.4620181517339544,79.94227994227994,,
78,0.43638111855216527,82.3953823953824,,
79,0.43054870656902483,81.96248196248196,,
80,0.46271668639017904,77.4891774891775,,
81,0.44916391282370594,79.36507936507937,,
82,0.41855782618770354,82.53968253968254,,
83,0.4544271626341739,80.23088023088023,,
84,0.446069262588523,80.08658008658008,,
85,0.4354613044045188,80.51948051948052,,
86,0.4228098223477731,81.81818181818181,,
87,0.42850889250485585,81.67388167388168,,
88,0.4359288473665972,80.66378066378067,,
89,0.4304889738344699,81.0966810966811,,
90,0.42543361087640125,81.81818181818181,,
91,0.4204480860914503,80.66378066378067,,
92,0.41770887323272177,80.08658008658008,,
93,0.4110813025616292,81.67388167388168,,
94,0.40475405522583197,83.11688311688312,,
95,0.4021451257352017,82.53968253968254,,
96,0.4227079322499802,79.94227994227994,,
97,0.41970412319184724,80.23088023088023,,
98,0.40995278773885785,80.8080808080808,,
99,0.41580003465580906,81.96248196248196,,
100,0.40621131735962707,82.3953823953824,0.4399841485859512,81.81818181818181
101,0.38783105386456024,83.83838383838383,,
102,0.4170180296829081,83.26118326118326,,
103,0.42289532185632944,79.22077922077922,,
104,0.409349133355965,82.68398268398268,,
105,0.39446133448276,82.97258297258297,,
106,0.40977469976846276,81.0966810966811,,
107,0.39145740303298265,82.1067821067821,,
108,0.3903785849804486,84.7041847041847,,
109,0.3978923607354212,81.67388167388168,,
110,0.4089415077695255,81.0966810966811,,
111,0.3979793308359204,83.83838383838383,,
112,0.39098989877521906,81.96248196248196,,
113,0.40584716166424717,82.68398268398268,,
114,0.4040831646533928,82.1067821067821,,
115,0.3859659632907113,83.26118326118326,,
116,0.38422305135843904,83.69408369408369,,
117,0.3822985115161362,82.97258297258297,,
118,0.38565814985341323,84.84848484848484,,
119,0.39743305867454537,82.53968253968254,,
120,0.3972063281534382,83.11688311688312,,
121,0.3925132906282103,83.69408369408369,,
122,0.38066261413293484,84.99278499278499,,
123,0.3766853709370543,83.98268398268398,,
124,0.37643693348804075,84.84848484848484,,
125,0.3881366596937524,82.82828282828282,0.42229409883548685,81.81818181818181
126,0.36448944247130194,85.28138528138528,,
127,0.3998780275492097,81.81818181818181,,
128,0.36981257512455895,84.7041847041847,,
129,0.37229298678741485,84.55988455988457,,
130,0.3673059920985977,83.83838383838383,,
131,0.36276793626135734,83.40548340548341,,
132,0.37365819498746083,84.41558441558442,,
133,0.38415974292576227,83.40548340548341,,
134,0.3852239753432776,83.54978354978356,,
135,0.39260128561896507,82.1067821067821,,
136,0.3576569654380776,85.56998556998558,,
137,0.34753133083490756,85.28138528138528,,
138,0.3628381302346399,84.99278499278499,,
139,0.3471506367804426,84.84848484848484,,
140,0.36264405865087823,84.84848484848484,,
141,0.37723488385371146,84.27128427128427,,
142,0.3625317019172561,84.55988455988457,,
143,0.3750971710957146,81.81818181818181,,
144,0.3789665680513065,85.13708513708514,,
145,0.34848098044013565,87.01298701298701,,
146,0.3590576813850568,85.28138528138528,,
147,0.3462907822230162,86.72438672438672,,
148,0.3565075492962098,85.42568542568543,,
149,0.3503662475517818,86.002886002886,,
150,0.355996730953756,85.85858585858585,0.414555031370807,84.41558441558442
151,0.3500037407462215,84.7041847041847,,
152,0.3524325935527532,84.84848484848484,,
153,0.3418617641813999,86.14718614718615,,
154,0.34549000890439036,85.71428571428571,,
155,0.3447098946803576,86.002886002886,,
156,0.3618209900450053,84.41558441558442,,
157,0.3648175359804393,84.12698412698413,,
158,0.34872811133899384,84.84848484848484,,
159,0.3618629345130095,84.41558441558442,,
160,0.3717854903287874,84.12698412698413,,
161,0.3528984287084439,85.56998556998558,,
162,0.3571581928244917,83.98268398268398,,
163,0.3383371831706764,87.01298701298701,,
164,0.34521754630028256,86.72438672438672,,
165,0.35739820492474034,84.27128427128427,,
166,0.35735431408125257,84.27128427128427,,
167,0.34255889969814735,85.85858585858585,,
168,0.35056429469224176,85.28138528138528,,
169,0.32493420211869745,86.43578643578644,,
170,0.32144982577402353,87.44588744588745,,
171,0.34879262855042625,84.41558441558442,,
172,0.36000940435892576,83.40548340548341,,
173,0.3480957676837971,84.55988455988457,,
174,0.3199012883297809,87.3015873015873,,
175,0.32695412549793634,86.43578643578644,0.4190930995074185,81.81818181818181
176,0.3308016434204355,86.72438672438672,,
177,0.3321666669793975,87.5901875901876,,
178,0.34973976433191123,86.2914862914863,,
179,0.3295998288611485,86.58008658008659,,
180,0.34086885910701614,85.71428571428571,,
181,0.34364242162582337,85.85858585858585,,
182,0.35508425100498214,85.28138528138528,,
183,0.330182239284247,86.43578643578644,,
184,0.3110712407557307,87.73448773448773,,
185,0.33143650754361614,86.43578643578644,,
186,0.34415166985248935,84.99278499278499,,
187,0.338081305161183,85.42568542568543,,
188,0.3141473906724828,85.71428571428571,,
189,0.32620038238352683,86.14718614718615,,
190,0.31969692111875414,86.43578643578644,,
191,0.3320795196776438,85.71428571428571,,
192,0.33634964641167486,84.84848484848484,,
193,0.32324635483657815,86.002886002886,,
194,0.3044411348230051,86.14718614718615,,
195,0.31198481673006545,86.72438672438672,,
196,0.3171472513744497,86.86868686868686,,
197,0.32186879502531424,86.002886002886,,
198,0.32572304647722283,85.71428571428571,,
199,0.33570856208581085,86.58008658008659,,
200,0.3149045320042284,87.01298701298701,0.4197807699054867,80.51948051948052
201,0.3106376112453521,85.71428571428571,,
202,0.29718294668765294,88.88888888888889,,
203,0.30467713433942756,87.01298701298701,,
204,0.3238569138542054,87.44588744588745,,
205,0.34320268804720816,85.42568542568543,,
206,0.3217127251332628,88.02308802308802,,
207,0.3065684757707439,87.15728715728716,,
208,0.30355946203588924,87.87878787878788,,
209,0.30148346135110565,87.01298701298701,,
210,0.3195242966064299,86.43578643578644,,
211,0.291914120295003,87.3015873015873,,
212,0.31511003243458735,86.14718614718615,,
213,0.30501745327296537,87.87878787878788,,
214,0.3220400693268659,84.41558441558442,,
215,0.30921094603352733,88.02308802308802,,
216,0.30562277265097326,87.01298701298701,,
217,0.29632785869023154,88.02308802308802,,
218,0.3052363230982556,86.2914862914863,,
219,0.30183228157987496,87.87878787878788,,
220,0.289179304267937,88.88888888888889,,
221,0.3000526290607315,86.14718614718615,,
222,0.2943542514528547,87.3015873015873,,
223,0.2801404490013315,88.60028860028861,,
224,0.31041361647422866,87.5901875901876,,
225,0.3176644710235265,86.002886002886,0.4106107992785318,80.51948051948052
226,0.2844925902966641,89.75468975468975,,
227,0.3252431071681894,87.01298701298701,,
228,0.2990831554710091,87.44588744588745,,
229,0.28655194786268395,88.31168831168831,,
230,0.2849032060064451,88.16738816738817,,
231,0.30932640050998844,87.5901875901876,,
232,0.2916946642498605,87.3015873015873,,
233,0.30667604396353554,86.72438672438672,,
234,0.2897758704931361,88.60028860028861,,
235,0.28846595415907333,88.74458874458874,,
236,0.2927348143696613,87.87878787878788,,
237,0.2863994538999051,86.72438672438672,,
238,0.30921453252585246,86.72438672438672,,
239,0.2904278024450525,88.45598845598846,,
240,0.3050034745001002,86.43578643578644,,
241,0.2903662338573351,88.16738816738817,,
242,0.3227759370470116,86.14718614718615,,
243,0.2841904973355895,87.87878787878788,,
244,0.29026550721124483,88.02308802308802,,
245,0.2928521434035996,87.3015873015873,,
246,0.28449569117885304,88.45598845598846,,
247,0.3065056995654003,86.43578643578644,,
248,0.29080184096467787,87.87878787878788,,
249,0.27665391979365467,89.32178932178932,,
250,0.29554844453049256,87.5901875901876,0.4269091904937447,80.51948051948052
251,0.26770695764437036,89.46608946608947,,
252,0.27398596706156436,89.46608946608947,,
253,0.2784213302885471,88.60028860028861,,
254,0.30925642798989367,88.16738816738817,,
255,0.3023230546136611,87.5901875901876,,
256,0.2916174617422608,88.45598845598846,,
257,0.28557037812634806,88.88888888888889,,
258,0.2753110080312341,88.45598845598846,,
259,0.28827936792528475,88.74458874458874,,
260,0.2843992309308843,87.87878787878788,,
261,0.29584427936940655,86.58008658008659,,
262,0.27344078984525466,86.86868686868686,,
263,0.2764535401806687,89.17748917748918,,
264,0.2587692780799164,89.17748917748918,,
265,0.30237542583054794,87.73448773448773,,
266,0.25705417663848074,89.75468975468975,,
267,0.2968959300032942,86.72438672438672,,
268,0.27672092517647046,88.16738816738817,,
269,0.25467068425542305,90.76479076479076,,
270,0.3046799527876305,86.2914862914863,,
271,0.2760758339541643,88.31168831168831,,
272,0.2854898040213798,87.87878787878788,,
273,0.3017107332595671,88.88888888888889,,
274,0.3009751448555598,87.3015873015873,,
275,0.27395157717050067,88.74458874458874,0.47038620710372925,83.11688311688312
276,0.2678055501130408,88.45598845598846,,
277,0.27464053905629493,88.45598845598846,,
278,0.2585831204104045,89.17748917748918,,
279,0.2700041953963463,88.31168831168831,,
280,0.279616163557054,87.15728715728716,,
281,0.25352745775192503,89.46608946608947,,
282,0.27614123532266327,86.72438672438672,,
283,0.2713050384337854,89.8989898989899,,
284,0.2825982360784798,87.87878787878788,,
285,0.2600580887791054,88.45598845598846,,
286,0.27639438303303066,88.88888888888889,,
287,0.2821045278062208,87.87878787878788,,
288,0.27384406328201294,87.73448773448773,,
289,0.27676146581747485,89.75468975468975,,
290,0.2721275755165287,88.16738816738817,,
291,0.27189298532096856,88.60028860028861,,
292,0.2753008624691984,88.16738816738817,,
293,0.2594115166437058,88.74458874458874,,
294,0.25522165634759403,90.33189033189034,,
295,0.250286156394953,89.6103896103896,,
296,0.26241525245392305,89.32178932178932,,
297,0.2664819404074296,88.45598845598846,,
298,0.2705721427265872,89.75468975468975,,
299,0.28403772729815857,87.73448773448773,,
300,0.26651976415605255,89.32178932178932,0.48303610783118706,81.81818181818181
301,0.2790797605659022,89.03318903318903,,
302,0.24957728691259332,90.76479076479076,,
303,0.26383864277541036,88.45598845598846,,
304,0.2511643580716066,90.18759018759019,,
305,0.2654762568884942,89.75468975468975,,
306,0.2713558648485814,89.46608946608947,,
307,0.2580535679700829,90.04329004329004,,
308,0.28819524360253523,87.3015873015873,,
309,0.2821890279586181,88.16738816738817,,
310,0.2753410718657754,88.45598845598846,,
311,0.2595000161452039,89.17748917748918,,
312,0.25466182909658636,89.6103896103896,,
313,0.267576312777972,88.60028860028861,,
314,0.25831053712409296,89.17748917748918,,
315,0.2584782634978687,89.03318903318903,,
316,0.2548751647424216,89.6103896103896,,
317,0.25791401003754844,88.88888888888889,,
318,0.25701950078703795,88.45598845598846,,
319,0.25626201263237824,90.9090909090909,,
320,0.23489715206244635,90.9090909090909,,
321,0.23108577668064773,90.18759018759019,,
322,0.25686957714017505,88.31168831168831,,
323,0.2589175482193199,88.60028860028861,,
324,0.24365685506042464,90.04329004329004,,
325,0.26384862362908423,88.31168831168831,0.44450562263464,81.81818181818181
326,0.2849369281540056,89.17748917748918,,
327,0.25287432284840256,88.16738816738817,,
328,0.25527523092463245,90.18759018759019,,
329,0.2710494663980272,89.75468975468975,,
330,0.2762742368947892,88.16738816738817,,
331,0.24632021671894824,89.6103896103896,,
332,0.23028471885305463,90.9090909090909,,
333,0.2562268825750502,89.32178932178932,,
334,0.24716485142815336,89.8989898989899,,
335,0.25485215195243666,89.32178932178932,,
336,0.24701763919593625,88.45598845598846,,
337,0.2474996005043839,90.04329004329004,,
338,0.2504946803257493,89.32178932178932,,
339,0.2313842638509958,90.33189033189034,,
340,0.26940822812041854,88.74458874458874,,
341,0.24285646784959244,90.18759018759019,,
342,0.2615334510287165,89.6103896103896,,
343,0.2635778329761169,88.74458874458874,,
344,0.2630648632113208,88.74458874458874,,
345,0.2522239380369627,88.74458874458874,,
346,0.2671055063970849,89.17748917748918,,
347,0.2508057677986646,89.03318903318903,,
348,0.2429952770041525,89.8989898989899,,
349,0.24286240992952046,89.03318903318903,,
350,0.2428322486891203,90.62049062049061,0.46830218178885324,85.71428571428571
351,0.2647671675011193,89.03318903318903,,
352,0.25104672331658623,89.8989898989899,,
353,0.26053674882452554,89.8989898989899,,
354,0.2764295834139484,88.16738816738817,,
355,0.2462149816760081,89.8989898989899,,
356,0.23831951163418882,90.9090909090909,,
357,0.26089895012402775,89.32178932178932,,
358,0.24449343448249464,90.18759018759019,,
359,0.23571035909113,90.04329004329004,,
360,0.2339098480184701,90.9090909090909,,
361,0.2830968234811682,88.45598845598846,,
362,0.2631784621821004,89.03318903318903,,
363,0.24609802364442943,90.18759018759019,,
364,0.24869834568249372,89.8989898989899,,
365,0.23961130401702843,90.33189033189034,,
366,0.24181164727743829,90.18759018759019,,
367,0.25893725370947934,88.31168831168831,,
368,0.2575322211992861,90.04329004329004,,
369,0.22443614214185684,91.91919191919192,,
370,0.2402214270735544,89.8989898989899,,
371,0.2586694432027412,89.32178932178932,,
372,0.2280345419139573,91.34199134199135,,
373,0.22437389321829507,90.76479076479076,,
374,0.21953440469408791,90.9090909090909,,
375,0.2607038710454498,89.46608946608947,0.44380005303915443,84.41558441558442
376,0.21953283271296717,91.34199134199135,,
377,0.22873915422272373,91.1976911976912,,
378,0.24975412327145774,89.32178932178932,,
379,0.2394069369565185,90.33189033189034,,
380,0.23517870903015137,91.77489177489177,,
381,0.23391390306953055,89.75468975468975,,
382,0.21185785286870354,91.1976911976912,,
383,0.2209274789471647,90.76479076479076,,
384,0.23799764034896015,90.04329004329004,,
385,0.23485727031939646,91.34199134199135,,
386,0.26860614987506837,90.76479076479076,,
387,0.21697864818022536,92.06349206349206,,
388,0.23508065636303346,90.62049062049061,,
389,0.256880560650626,89.8989898989899,,
390,0.22070080852525747,91.1976911976912,,
391,0.25072871965408583,89.17748917748918,,
392,0.22643799200374498,91.34199134199135,,
393,0.22681683860987983,89.75468975468975,,
394,0.22636491692427432,90.76479076479076,,
395,0.2279749685497941,90.18759018759019,,
396,0.23717113945520285,91.1976911976912,,
397,0.2244073896095006,91.48629148629149,,
398,0.20729389810372914,91.34199134199135,,
399,0.24036420415683743,90.04329004329004,,
400,0.23644006991971278,89.46608946608947,0.4585376021923957,83.11688311688312
401,0.23826759222566996,90.18759018759019,,
402,0.27491741715614587,88.60028860028861,,
403,0.23612739672564498,91.1976911976912,,
404,0.2280968457331389,91.1976911976912,,
405,0.2314956739308342,90.76479076479076,,
406,0.2407590611844524,90.04329004329004,,
407,0.21585570742385557,91.63059163059162,,
408,0.21710453523271872,90.47619047619048,,
409,0.23497541810279715,90.47619047619048,,
410,0.2434353277001202,90.76479076479076,,
411,0.22985744224740312,90.76479076479076,,
412,0.25016851549024705,89.75468975468975,,
413,0.21057255830599633,91.1976911976912,,
414,0.22518517777947292,91.48629148629149,,
415,0.20331511597053656,92.20779220779221,,
416,0.23491986923747593,90.62049062049061,,
417,0.19867912992770537,91.91919191919192,,
418,0.23758681615193686,89.6103896103896,,
419,0.22942241258693463,90.04329004329004,,
420,0.22918789968174086,90.9090909090909,,
421,0.24013332250658395,90.18759018759019,,
422,0.22822522749374438,90.47619047619048,,
423,0.23607761252666104,91.05339105339105,,
424,0.2210147450496624,91.63059163059162,,
425,0.1951897581891408,92.78499278499278,0.4842526904948346,81.81818181818181
426,0.22860713222455153,91.05339105339105,,
427,0.22471823897024598,91.05339105339105,,
428,0.2546433450339676,91.63059163059162,,
429,0.2311783502735789,90.76479076479076,,
430,0.2332917977081448,89.75468975468975,,
431,0.23237504809019713,90.33189033189034,,
432,0.21733840068460886,91.05339105339105,,
433,0.22878517548071187,91.77489177489177,,
434,0.2344946903949348,90.04329004329004,,
435,0.2156142249681905,90.76479076479076,,
436,0.2122145972898684,90.76479076479076,,
437,0.2344866218569475,88.88888888888889,,
438,0.2033832577012834,91.77489177489177,,
439,0.20246010986499455,92.64069264069263,,
440,0.22537853713933523,91.1976911976912,,
441,0.22169486512288902,90.47619047619048,,
442,0.21879993701652015,90.47619047619048,,
443,0.2065512237997798,91.91919191919192,,
444,0.23535099589033387,90.9090909090909,,
445,0.2333242692816653,91.48629148629149,,
446,0.22581000821759004,91.63059163059162,,
447,0.22611815098560217,90.76479076479076,,
448,0.22312566942251777,90.76479076479076,,
449,0.2092986705499294,92.78499278499278,,
450,0.24409052856470773,90.33189033189034,0.4929708250157245,83.11688311688312
451,0.22877958993203024,90.76479076479076,,
452,0.22227390125544386,89.8989898989899,,
453,0.21252528000703622,91.34199134199135,,
454,0.23110850626256044,90.04329004329004,,
455,0.2312885687228233,91.63059163059162,,
456,0.25242377092999985,89.46608946608947,,
457,0.22737017351311523,90.9090909090909,,
458,0.23845029900772402,90.04329004329004,,
459,0.23971814803058794,89.46608946608947,,
460,0.2161154006896769,90.76479076479076,,
461,0.20161350254200583,92.06349206349206,,
462,0.21080422513240687,90.9090909090909,,
463,0.224588119794452,91.05339105339105,,
464,0.23050347146877823,90.04329004329004,,
465,0.19670732179589429,91.1976911976912,,
466,0.2099358095084606,91.1976911976912,,
467,0.2094313231327747,91.1976911976912,,
468,0.213140869768495,91.91919191919192,,
469,0.21311982453385472,91.48629148629149,,
470,0.1857679242330024,92.4963924963925,,
471,0.23191976431128267,91.05339105339105,,
472,0.20724383860955506,91.63059163059162,,
473,0.22656088024592846,91.34199134199135,,
474,0.22835142933058017,91.63059163059162,,
475,0.22828071513905326,91.1976911976912,0.5283180335899452,81.81818181818181
476,0.20062512507686367,92.78499278499278,,
477,0.20804827107710583,91.34199134199135,,
478,0.21652616209970063,90.76479076479076,,
479,0.2274697179789151,90.04329004329004,,
480,0.19913241998285786,91.77489177489177,,
481,0.19883760547837911,92.06349206349206,,
482,0.19840454156436618,91.05339105339105,,
483,0.2258157216625296,91.48629148629149,,
484,0.22093925364906825,91.48629148629149,,
485,0.21195402874747052,91.91919191919192,,
486,0.21673067808581292,91.05339105339105,,
487,0.21829976014588645,91.48629148629149,,
488,0.23021517153211143,90.9090909090909,,
489,0.19647929945377388,91.77489177489177,,
490,0.19195564338483165,92.64069264069263,,
491,0.19357967087501743,92.35209235209236,,
492,0.20162684107024603,92.20779220779221,,
493,0.248821045155133,89.46608946608947,,
494,0.22526278924116325,90.47619047619048,,
495,0.19697758507031898,92.64069264069263,,
496,0.2155009171405396,91.63059163059162,,
497,0.2061968713697761,90.76479076479076,,
498,0.2304027329856183,90.18759018759019,,
499,0.20052678343365546,92.78499278499278,,
500,0.20489071045355794,92.64069264069263,0.5759508191765129,85.71428571428571
501,0.1932527283381289,92.20779220779221,,
502,0.2299881973135867,91.48629148629149,,
503,0.20818361120962392,91.63059163059162,,
504,0.20619841184450952,91.1976911976912,,
505,0.22231244378619724,91.48629148629149,,
506,0.2247025655182065,91.1976911976912,,
507,0.2232929129545909,91.05339105339105,,
508,0.21883372519525443,91.1976911976912,,
509,0.17704237812611276,93.79509379509379,,
510,0.20746411056718742,92.06349206349206,,
511,0.21189602095671375,92.06349206349206,,
512,0.20322461883452805,92.4963924963925,,
513,0.20681027403641572,92.06349206349206,,
514,0.2266062449927282,90.76479076479076,,
515,0.19214585062229272,93.36219336219337,,
516,0.22819593282144995,91.34199134199135,,
517,0.1969747476570018,92.20779220779221,,
518,0.19718648411580839,92.35209235209236,,
519,0.19161142673327294,92.35209235209236,,
520,0.2111131116038277,92.06349206349206,,
521,0.21224051086073487,90.9090909090909,,
522,0.2100373896814528,91.48629148629149,,
523,0.22268478464856636,90.9090909090909,,
524,0.19868500272690992,91.05339105339105,,
525,0.19859232923384182,93.50649350649351,0.6018549939254662,84.41558441558442
526,0.20454427107502027,92.64069264069263,,
527,0.20385274398550499,92.20779220779221,,
528,0.20624440003181088,92.4963924963925,,
529,0.1999335882897673,92.06349206349206,,
530,0.19698319196012973,92.20779220779221,,
531,0.20257324752267478,91.05339105339105,,
532,0.21495070963194876,91.34199134199135,,
533,0.20785068665748035,90.47619047619048,,
534,0.21203050178624852,91.63059163059162,,
535,0.2228493487400582,91.48629148629149,,
536,0.21143928145476407,90.9090909090909,,
537,0.20394329685841459,91.63059163059162,,
538,0.20152608768592492,91.77489177489177,,
539,0.21244546072221593,91.05339105339105,,
540,0.18004616256400105,92.78499278499278,,
541,0.21128610834683606,91.77489177489177,,
542,0.20008583422777113,91.63059163059162,,
543,0.18881480372141277,92.92929292929293,,
544,0.21518086694741373,90.04329004329004,,
545,0.2185177192156449,90.62049062049061,,
546,0.18537640741463177,92.92929292929293,,
547,0.1904049486964726,91.63059163059162,,
548,0.20275510832516833,91.63059163059162,,
549,0.17019697028235095,93.36219336219337,,
550,0.21073808309233721,92.78499278499278,0.5615264301176195,81.81818181818181
551,0.20904190522251706,91.77489177489177,,
552,0.19367553857605352,93.07359307359307,,
553,0.1745085155465042,93.07359307359307,,
554,0.20323317284019823,91.34199134199135,,
555,0.17769193494474733,92.92929292929293,,
556,0.20914053138544378,92.35209235209236,,
557,0.2143000720920845,90.04329004329004,,
558,0.20974292811463233,91.63059163059162,,
559,0.20578010421122653,92.35209235209236,,
560,0.20448367482049237,90.9090909090909,,
561,0.20581959146054793,92.06349206349206,,
562,0.1920966137238223,91.91919191919192,,
563,0.1963043212783113,91.91919191919192,,
564,0.20364051751932197,91.63059163059162,,
565,0.19690210715172782,92.06349206349206,,
566,0.20195320209899506,91.05339105339105,,
567,0.1878949875955458,92.4963924963925,,
568,0.20194674123073209,92.4963924963925,,
569,0.1752043404491433,93.93939393939394,,
570,0.20350354884093974,92.35209235209236,,
571,0.1929509990766623,92.4963924963925,,
572,0.20460408753990955,93.21789321789322,,
573,0.1960588844673114,92.78499278499278,,
574,0.18065691957032526,93.21789321789322,,
575,0.19924974708158044,93.21789321789322,0.5419938455928456,81.81818181818181
576,0.21029794590835277,92.92929292929293,,
577,0.18711650706988908,92.92929292929293,,
578,0.18670279148853186,92.4963924963925,,
579,0.17942686316598888,92.78499278499278,,
580,0.18333653007965928,91.63059163059162,,
581,0.2227459643761833,91.63059163059162,,
582,0.17894297855412977,92.4963924963925,,
583,0.1876473602600944,92.4963924963925,,
584,0.17736213861777841,93.50649350649351,,
585,0.17534917942416273,94.22799422799423,,
586,0.18094486092764234,92.4963924963925,,
587,0.1928219533166586,92.64069264069263,,
588,0.20849342303401636,91.05339105339105,,
589,0.19950462264932078,91.1976911976912,,
590,0.1967807136056743,91.77489177489177,,
591,0.2062832781155345,91.77489177489177,,
592,0.1975475853741771,90.76479076479076,,
593,0.19643948793755292,91.05339105339105,,
594,0.19155856128378865,92.06349206349206,,
595,0.19660446267107348,92.06349206349206,,
596,0.191901944201402,92.78499278499278,,
597,0.19698618680207142,91.77489177489177,,
598,0.2024756527974836,91.48629148629149,,
599,0.19167225529449156,92.35209235209236,,
600,0.20236755574248397,92.78499278499278,0.6129256541078741,83.11688311688312
601,0.19542574203165966,92.35209235209236,,
602,0.1762257878269468,91.63059163059162,,
603,0.2016207001522764,91.34199134199135,,
604,0.17818097520517495,92.92929292929293,,
605,0.2246266592503626,90.04329004329004,,
606,0.193851968856773,92.35209235209236,,
607,0.17723142954522225,94.08369408369408,,
608,0.18703283827542228,92.4963924963925,,
609,0.18627517542453728,92.20779220779221,,
610,0.17620485303130587,93.07359307359307,,
611,0.18693703640935053,92.35209235209236,,
612,0.19299696574006417,92.64069264069263,,
613,0.17573809024876502,92.20779220779221,,
614,0.20249904393289683,90.18759018759019,,
615,0.18909042022186956,92.78499278499278,,
616,0.1921922579074405,92.20779220779221,,
617,0.18336785233392774,92.06349206349206,,
618,0.2261388110961835,93.07359307359307,,
619,0.19711598859290885,92.64069264069263,,
620,0.21296129434827774,91.1976911976912,,
621,0.18520269722477525,92.92929292929293,,
622,0.17072963215743997,93.07359307359307,,
623,0.18742736392421983,91.91919191919192,,
624,0.17847134532006445,92.92929292929293,,
625,0.1748021448643886,93.65079365079364,0.5552712663427576,84.41558441558442
626,0.1841876549810214,92.92929292929293,,
627,0.20948690360930747,91.1976911976912,,
628,0.2071825743882687,92.20779220779221,,
629,0.197918299730722,92.64069264069263,,
630,0.18879481681325563,92.64069264069263,,
631,0.17496512613083204,91.48629148629149,,
632,0.19625366987690093,92.64069264069263,,
633,0.16901870873927383,92.35209235209236,,
634,0.17343525420793723,93.79509379509379,,
635,0.20601866754446538,91.34199134199135,,
636,0.17602246912655892,92.92929292929293,,
637,0.1695663830504617,93.65079365079364,,
638,0.2001909427398555,91.34199134199135,,
639,0.15613757646918125,94.8051948051948,,
640,0.205553510230341,92.06349206349206,,
641,0.18027656174346826,93.50649350649351,,
642,0.2079022665646513,91.91919191919192,,
643,0.1942725374241068,92.06349206349206,,
644,0.19171181766243725,92.92929292929293,,
645,0.19796401855749485,92.64069264069263,,
646,0.18455628941069432,93.36219336219337,,
647,0.16993179151850174,93.07359307359307,,
648,0.1899205646860651,93.07359307359307,,
649,0.203029817455377,92.20779220779221,,
650,0.1752944810229957,93.36219336219337,0.6503177881240845,85.71428571428571
651,0.16153425227684032,93.79509379509379,,
652,0.18787410334935264,92.4963924963925,,
653,0.20104766085550382,92.35209235209236,,
654,0.1878678377228554,93.36219336219337,,
655,0.1715936775159354,93.07359307359307,,
656,0.1845135416561391,92.4963924963925,,
657,0.17098221257006452,93.79509379509379,,
658,0.23659906208429157,90.9090909090909,,
659,0.18828478167411397,91.48629148629149,,
660,0.183254824710733,93.07359307359307,,
661,0.18852548204459152,92.64069264069263,,
662,0.1963820770533398,92.78499278499278,,
663,0.1769514305336995,92.64069264069263,,
664,0.18105061968834196,93.21789321789322,,
665,0.16929624222681292,93.65079365079364,,
666,0.19511601148229657,91.48629148629149,,
667,0.1610037325995653,93.65079365079364,,
668,0.1637278689020468,93.65079365079364,,
669,0.16464784781449887,93.07359307359307,,
670,0.19437897792368225,91.48629148629149,,
671,0.16512572537424933,93.21789321789322,,
672,0.18012185882733972,92.78499278499278,,
673,0.18058799327623964,92.64069264069263,,
674,0.16615451084285932,93.21789321789322,,
675,0.22754369978221808,90.18759018759019,0.6145497088308458,83.11688311688312
676,0.1960023529343791,91.63059163059162,,
677,0.16175027172286788,93.93939393939394,,
678,0.18286824834897233,92.4963924963925,,
679,0.17873158109136475,91.91919191919192,,
680,0.16306980688415176,93.79509379509379,,
681,0.17656779059438737,92.92929292929293,,
682,0.167512189602267,93.50649350649351,,
683,0.1615042333500554,93.65079365079364,,
684,0.20465575244605627,91.48629148629149,,
685,0.1892943832523379,92.64069264069263,,
686,0.19347843151501934,91.48629148629149,,
687,0.16057938363128926,93.93939393939394,,
688,0.1666722097696164,92.92929292929293,,
689,0.16556837561326626,93.50649350649351,,
690,0.19532335647428878,92.78499278499278,,
691,0.17024524090610024,93.21789321789322,,
692,0.1804253521763745,92.92929292929293,,
693,0.18747687795633533,93.50649350649351,,
694,0.17718333416600937,93.36219336219337,,
695,0.2042465911369131,92.06349206349206,,
696,0.15322238874512834,92.92929292929293,,
697,0.16465373365221947,93.07359307359307,,
698,0.171818615997702,93.21789321789322,,
699,0.16493140227694877,93.50649350649351,,
700,0.16679175350745176,92.64069264069263,0.6586510492609693,81.81818181818181
701,0.18185906331518512,92.92929292929293,,
702,0.18788611328479274,92.4963924963925,,
703,0.16737682564778072,93.93939393939394,,
704,0.20167069672506094,91.63059163059162,,
705,0.1826338041439373,92.78499278499278,,
706,0.1699164795325088,93.65079365079364,,
707,0.19533960940517905,92.4963924963925,,
708,0.20052065813180173,91.05339105339105,,
709,0.18732537831815463,93.07359307359307,,
710,0.19259445724033175,91.91919191919192,,
711,0.17235467362541484,91.91919191919192,,
712,0.17066237055206024,92.92929292929293,,
713,0.153566314458503,94.08369408369408,,
714,0.16834606490437948,93.21789321789322,,
715,0.2032347974349969,91.34199134199135,,
716,0.16887615536693026,92.78499278499278,,
717,0.1840038387935399,92.06349206349206,,
718,0.17959965942871003,92.64069264069263,,
719,0.17056404012235213,93.36219336219337,,
720,0.17907415226123377,93.07359307359307,,
721,0.14879796655061098,93.93939393939394,,
722,0.1983216678210323,92.35209235209236,,
723,0.19547953373856014,92.78499278499278,,
724,0.18787058482610475,93.65079365079364,,
725,0.14537695104264337,95.0937950937951,0.6515004472299055,79.22077922077922
726,0.16064057595931092,94.66089466089466,,
727,0.18815266167876696,91.1976911976912,,
728,0.1691448012901763,93.07359307359307,,
729,0.1844392568948121,92.92929292929293,,
730,0.16068219821389448,92.78499278499278,,
731,0.16123370351982108,93.93939393939394,,
732,0.2001640641199046,92.64069264069263,,
733,0.17499691188203717,93.79509379509379,,
734,0.1851489767539725,91.77489177489177,,
735,0.14434262443586518,96.24819624819625,,
736,0.1749935027152773,92.92929292929293,,
737,0.18747965344409276,92.35209235209236,,
738,0.16823410883701767,93.36219336219337,,
739,0.1744305918915103,92.64069264069263,,
740,0.15891760703805205,93.36219336219337,,
741,0.17776477631466386,92.64069264069263,,
742,0.145314920290466,94.8051948051948,,
743,0.1775263510913216,92.20779220779221,,
744,0.15248700282919458,93.79509379509379,,
745,0.16292462359259138,93.21789321789322,,
746,0.15996960417769343,93.65079365079364,,
747,0.170139718386862,92.78499278499278,,
748,0.1743674123872066,93.79509379509379,,
749,0.18439320528619046,92.4963924963925,,
750,0.16818848452268742,94.08369408369408,0.6952966738056827,85.71428571428571
751,0.19532047257547686,91.91919191919192,,
752,0.18580925539888518,92.20779220779221,,
753,0.17491468205553456,93.50649350649351,,
754,0.1548876425017526,94.37229437229438,,
755,0.14146639356687987,95.95959595959596,,
756,0.17452571392704397,92.78499278499278,,
757,0.1499279493890692,94.51659451659452,,
758,0.1518738457306811,94.22799422799423,,
759,0.2004639163376793,92.78499278499278,,
760,0.17378313069649762,93.07359307359307,,
761,0.15329542847465816,93.65079365079364,,
762,0.167581149226412,93.36219336219337,,
763,0.16289848293490913,93.50649350649351,,
764,0.18931473036865135,92.06349206349206,,
765,0.14556240831188652,94.22799422799423,,
766,0.16370615700708668,93.07359307359307,,
767,0.18723594084446565,93.07359307359307,,
768,0.16809634171953106,93.65079365079364,,
769,0.13862960432719273,94.08369408369408,,
770,0.1702030116603488,93.36219336219337,,
771,0.18618026170691457,92.92929292929293,,
772,0.17496688214559403,92.78499278499278,,
773,0.17926882880418676,93.07359307359307,,
774,0.14134327219033138,94.22799422799423,,
775,0.18540209416746234,92.20779220779221,0.7412120088354334,83.11688311688312
776,0.15092662362782297,95.0937950937951,,
777,0.16944389623921757,92.64069264069263,,
778,0.1501195164972548,94.08369408369408,,
779,0.15023303889867032,93.79509379509379,,
780,0.16121300713066414,93.79509379509379,,
781,0.17039408092890984,92.78499278499278,,
782,0.19024792554402592,91.63059163059162,,
783,0.1494583910946636,94.66089466089466,,
784,0.17320939842047114,93.65079365079364,,
785,0.15318834577373955,94.08369408369408,,
786,0.15322190817730424,93.50649350649351,,
787,0.15714883854583142,93.50649350649351,,
788,0.17043281159488669,93.50649350649351,,
789,0.17376142815508025,92.92929292929293,,
790,0.16083222756654153,94.22799422799423,,
791,0.14741074800233303,93.65079365079364,,
792,0.1808224134630971,93.07359307359307,,
793,0.1888459613721436,91.91919191919192,,
794,0.1818409872175467,92.78499278499278,,
795,0.1651831100040356,94.22799422799423,,
796,0.17494583841612157,93.36219336219337,,
797,0.1689957263880318,93.50649350649351,,
798,0.16519310189919037,93.50649350649351,,
799,0.14826615164419274,93.21789321789322,,
800,0.14217925412260524,95.38239538239539,0.6745327664660169,83.11688311688312
801,0.1354967216500128,94.94949494949495,,
802,0.17536636550533136,92.20779220779221,,
803,0.14934162453655556,94.51659451659452,,
804,0.1729815277347575,92.20779220779221,,
805,0.2133781886074966,92.78499278499278,,
806,0.1680168586676943,92.78499278499278,,
807,0.15779309535955455,93.36219336219337,,
808,0.16352050053694892,92.06349206349206,,
809,0.140911019564449,95.0937950937951,,
810,0.15643862151630858,93.93939393939394,,
811,0.1686892221543352,92.4963924963925,,
812,0.15374615143387865,94.37229437229438,,
813,0.14987974222561326,94.08369408369408,,
814,0.1590312435190915,93.36219336219337,,
815,0.15092350488789325,94.37229437229438,,
816,0.16552451774370447,92.92929292929293,,
817,0.15023365617873521,93.65079365079364,,
818,0.16726392903197207,92.64069264069263,,
819,0.16227711299582134,93.21789321789322,,
820,0.1629002485182378,93.50649350649351,,
821,0.1587544111010832,93.65079365079364,,
822,0.15555736134406636,93.36219336219337,,
823,0.15758649472679412,94.08369408369408,,
824,0.1812562554547883,93.65079365079364,,
825,0.17791975903476642,92.92929292929293,0.6916512761797223,85.71428571428571
826,0.16323499824491586,93.65079365079364,,
827,0.15178248299148692,93.65079365079364,,
828,0.16502064415945808,94.51659451659452,,
829,0.17208708893685115,92.35209235209236,,
830,0.14888149104249082,93.50649350649351,,
831,0.15108748333740973,94.22799422799423,,
832,0.1539640524686673,94.08369408369408,,
833,0.14840668502490845,94.22799422799423,,
834,0.15063154278121468,93.93939393939394,,
835,0.1577225463601934,94.08369408369408,,
836,0.15404757091837357,94.8051948051948,,
837,0.17210077153569864,93.21789321789322,,
838,0.144190131510577,94.37229437229438,,
839,0.1484161779166214,94.22799422799423,,
840,0.16692089818923334,93.36219336219337,,
841,0.1616432172223431,92.92929292929293,,
842,0.18237986117816418,92.78499278499278,,
843,0.16635858584706056,93.21789321789322,,
844,0.17653727146540196,93.07359307359307,,
845,0.17592737416254323,93.21789321789322,,
846,0.1654911818477558,93.21789321789322,,
847,0.16644267619602263,93.65079365079364,,
848,0.17754880290526848,93.21789321789322,,
849,0.17515016155260982,94.37229437229438,,
850,0.159481614355057,93.93939393939394,0.7244896795842555,85.71428571428571
851,0.1598339073069684,94.51659451659452,,
852,0.15568978307180073,93.79509379509379,,
853,0.1698406996624746,93.21789321789322,,
854,0.1554257841444807,94.08369408369408,,
855,0.1469840742056332,94.22799422799423,,
856,0.15292705184259972,93.65079365079364,,
857,0.15137225299170523,94.08369408369408,,
858,0.1409188990641117,94.8051948051948,,
859,0.13593100400542113,93.79509379509379,,
860,0.15909752370399916,93.65079365079364,,
861,0.1675087522236902,94.08369408369408,,
862,0.14677532118292255,94.08369408369408,,
863,0.13206736743450165,95.52669552669553,,
864,0.15077029772823164,94.8051948051948,,
865,0.1593349775968692,92.78499278499278,,
866,0.15040494701563023,93.79509379509379,,
867,0.14519288905857272,93.93939393939394,,
868,0.1757245081951264,94.08369408369408,,
869,0.16209775028806744,93.50649350649351,,
870,0.16036927854859984,94.94949494949495,,
871,0.1597725348533662,93.50649350649351,,
872,0.16589828443674512,94.51659451659452,,
873,0.1428821011625155,95.38239538239539,,
874,0.1711857882025954,93.79509379509379,,
875,0.14837320740260776,93.21789321789322,0.6673060400145394,85.71428571428571
876,0.15663838737024718,93.93939393939394,,
877,0.14152942819407943,94.94949494949495,,
878,0.15301889720847253,93.79509379509379,,
879,0.1726637991336087,93.21789321789322,,
880,0.17132734458874724,92.92929292929293,,
881,0.17745250641955615,92.78499278499278,,
882,0.14383415933725294,94.22799422799423,,
883,0.1352706089465305,94.37229437229438,,
884,0.16510159843755834,93.50649350649351,,
885,0.16277900387090866,93.50649350649351,,
886,0.15764675239936957,93.50649350649351,,
887,0.15924434940106252,92.92929292929293,,
888,0.1370295744824719,94.8051948051948,,
889,0.1602053375643225,93.65079365079364,,
890,0.1262647533872599,95.67099567099567,,
891,0.17258864432616322,93.07359307359307,,
892,0.16310263976648257,94.51659451659452,,
893,0.1520277840256003,94.22799422799423,,
894,0.1367723068926607,94.8051948051948,,
895,0.15643790314809927,93.36219336219337,,
896,0.15182101937255474,93.79509379509379,,
897,0.15070472766267617,93.79509379509379,,
898,0.17791538921011474,92.64069264069263,,
899,0.16170371407145717,93.65079365079364,,
900,0.13681709883307225,95.81529581529581,0.684031681580977,83.11688311688312
901,0.1339563376399249,94.51659451659452,,
902,0.1724718531746885,93.21789321789322,,
903,0.13467350141461104,95.52669552669553,,
904,0.1339771148962376,94.8051948051948,,
905,0.15597656687444766,92.92929292929293,,
906,0.20975359934577006,91.05339105339105,,
907,0.13341470517508394,95.38239538239539,,
908,0.15240689113659384,93.79509379509379,,
909,0.1357888151148353,93.65079365079364,,
910,0.1609097248720056,93.21789321789322,,
911,0.16216441396016407,94.22799422799423,,
912,0.1543877339971616,93.93939393939394,,
913,0.1355597748976163,95.23809523809524,,
914,0.1479341114990811,93.36219336219337,,
915,0.16095705110509848,93.36219336219337,,
916,0.1734096844819029,93.07359307359307,,
917,0.12326118648912311,95.67099567099567,,
918,0.1540422263309295,93.50649350649351,,
919,0.14236790281525594,94.8051948051948,,
920,0.138145970672498,94.66089466089466,,
921,0.1335184903651433,95.38239538239539,,
922,0.1589254844842363,93.65079365079364,,
923,0.15572318413212874,92.92929292929293,,
924,0.15644014338609288,93.65079365079364,,
925,0.17343205960755054,93.50649350649351,0.6962464629829704,84.41558441558442
926,0.14766985093059307,94.8051948051948,,
927,0.13525857188312868,95.23809523809524,,
928,0.1388686944207803,93.79509379509379,,
929,0.15195436587538383,94.66089466089466,,
930,0.16598840937297926,93.79509379509379,,
931,0.17759648928201044,92.64069264069263,,
932,0.14885161817073822,94.22799422799423,,
933,0.1379522962272597,94.94949494949495,,
934,0.17333896039927332,93.36219336219337,,
935,0.14684023591992143,94.8051948051948,,
936,0.15690800809929037,93.07359307359307,,
937,0.14791786382552694,94.8051948051948,,
938,0.16933595969692453,93.79509379509379,,
939,0.13050506447816823,94.94949494949495,,
940,0.15677542152544444,93.50649350649351,,
941,0.12034192992559758,95.81529581529581,,
942,0.1476190479776001,94.37229437229438,,
943,0.16195898149350677,93.07359307359307,,
944,0.1849349890156914,93.65079365079364,,
945,0.12525221473748377,95.23809523809524,,
946,0.1284925959585033,94.51659451659452,,
947,0.16004387255956945,92.64069264069263,,
948,0.1551726944905855,93.21789321789322,,
949,0.15015055372515454,94.51659451659452,,
950,0.1460314623549215,94.37229437229438,0.7392422642026629,83.11688311688312
951,0.14331662001203838,94.22799422799423,,
952,0.15817647350986971,93.93939393939394,,
953,0.15030743626805096,93.79509379509379,,
954,0.12858478073370885,94.8051948051948,,
955,0.14816759089424583,93.07359307359307,,
956,0.1617767531129103,93.21789321789322,,
957,0.15217607247967052,94.08369408369408,,
958,0.14110344803447245,93.65079365079364,,
959,0.14852784093453256,93.21789321789322,,
960,0.1452640083875147,94.66089466089466,,
961,0.13504830174803906,94.94949494949495,,
962,0.15722030420313235,93.79509379509379,,
963,0.13713563301346518,94.94949494949495,,
964,0.1409137091595373,95.38239538239539,,
965,0.14748297229645743,95.0937950937951,,
966,0.1503826721664115,94.51659451659452,,
967,0.1437786722725088,93.79509379509379,,
968,0.16261841566940236,93.93939393939394,,
969,0.1602576708960015,93.21789321789322,,
970,0.14379638710837345,94.37229437229438,,
971,0.13805223117659102,94.37229437229438,,
972,0.15331158208597617,93.79509379509379,,
973,0.1510654715176075,93.93939393939394,,
974,0.15188139383540009,93.65079365079364,,
975,0.13317274963442896,94.94949494949495,0.728239257614334,83.11688311688312
976,0.13506173033117413,94.37229437229438,,
977,0.13061079905942233,95.81529581529581,,
978,0.14093019311218208,93.79509379509379,,
979,0.13651055304540527,94.37229437229438,,
980,0.162253263547565,93.93939393939394,,
981,0.156001696973222,94.08369408369408,,
982,0.15194686077545905,93.50649350649351,,
983,0.13210387632162088,94.22799422799423,,
984,0.1471581867590955,94.22799422799423,,
985,0.13689151218142173,94.08369408369408,,
986,0.14059857467208245,94.51659451659452,,
987,0.13958231118624603,94.8051948051948,,
988,0.1453576855479725,93.93939393939394,,
989,0.15839021671213974,93.50649350649351,,
990,0.14733447792468132,94.51659451659452,,
991,0.1527044576999945,94.51659451659452,,
992,0.14261846300846162,93.93939393939394,,
993,0.11753329421792712,94.94949494949495,,
994,0.159936178104702,93.50649350649351,,
995,0.14796959100261567,93.50649350649351,,
996,0.1669376872985222,93.93939393939394,,
997,0.16696535981922783,93.50649350649351,,
998,0.14015292725156223,94.37229437229438,,
999,0.13349225356486796,95.23809523809524,,
1000,0.13116455201226224,95.0937950937951,0.7208047400821339,83.11688311688312
