epoch,train_loss,train_acc,test_loss,test_acc
1,2.283894020631091,13.409961685823754,2.273344984491363,18.702290076335878
2,2.0673620848515633,28.607918263090678,,
3,1.8579355403685782,41.89016602809706,,
4,1.6600119449474193,49.68071519795658,,
5,1.5384990940605543,53.00127713920817,,
6,1.402668712696353,59.00383141762452,,
7,1.2680417756011202,61.68582375478927,,
8,1.2194605968312133,64.24010217113666,,
9,1.1114503064527061,66.66666666666667,,
10,1.020732830158443,70.88122605363985,,
11,0.9393376558067545,72.54150702426564,,
12,0.9266416081828024,73.9463601532567,,
13,0.9080984375485972,73.1800766283525,,
14,0.8038784314998417,78.16091954022988,,
15,0.8043687463111195,75.47892720306514,,
16,0.7457390244131953,80.33205619412516,,
17,0.7379848798725036,79.18263090676884,,
18,0.7215919534213089,78.41634738186463,,
19,0.6811884241999338,80.97062579821201,,
20,0.6493434941403253,82.24776500638569,,
21,0.6380918855715834,81.48148148148148,,
22,0.6341729974838052,82.50319284802043,,
23,0.6095784598078916,82.12005108556832,,
24,0.6108095551511489,82.37547892720306,,
25,0.5289687080782187,85.69604086845466,0.610286143558626,84.35114503816794
26,0.5479810917666741,85.05747126436782,,
27,0.5403993333741014,85.9514687100894,,
28,0.5330725605308172,84.80204342273308,,
29,0.5184973073530927,84.92975734355045,,
30,0.4964422955823584,86.33461047254151,,
31,0.480285061844464,87.2286079182631,,
32,0.437152785664165,89.01660280970626,,
33,0.44202875527690044,89.65517241379311,,
34,0.4230655334880373,88.50574712643679,,
35,0.41370337729557566,88.37803320561942,,
36,0.392689629666041,89.39974457215837,,
37,0.3892333143667852,89.78288633461047,,
38,0.38856759142144887,89.39974457215837,,
39,0.3714061463549067,90.80459770114942,,
40,0.36262792112879066,90.54916985951469,,
41,0.38929654762510446,89.39974457215837,,
42,0.35796863263137496,90.03831417624521,,
43,0.3352554823399199,91.18773946360153,,
44,0.35859703557092415,89.78288633461047,,
45,0.31166083507458675,92.08173690932311,,
46,0.3307712507050004,90.54916985951469,,
47,0.3140190895718176,91.95402298850574,,
48,0.31034042826100783,91.82630906768838,,
49,0.3082045787138957,91.18773946360153,,
50,0.315200142819306,91.57088122605364,0.4650404851400215,86.6412213740458
