epoch,train_loss,train_acc,test_loss,test_acc
1,0.6940556063624516,50.36075036075036,0.6838529024805341,55.84415584415584
2,0.688883890837302,55.84415584415584,,
3,0.6841611594692797,55.122655122655125,,
4,0.6833018625281417,55.699855699855696,,
5,0.6770982385369778,55.84415584415584,,
6,0.6769869938213244,55.266955266955264,,
7,0.6727504396507407,57.142857142857146,,
8,0.6693214784452926,56.70995670995671,,
9,0.6638591511425002,57.57575757575758,,
10,0.6615962405053396,58.874458874458874,,
11,0.6500133754199029,60.17316017316017,,
12,0.650230902528006,60.17316017316017,,
13,0.6474608124420584,64.06926406926407,,
14,0.6432034715601548,63.63636363636363,,
15,0.6327931043217536,62.914862914862915,,
16,0.6281754417508884,65.80086580086581,,
17,0.6149847628750327,67.24386724386724,,
18,0.6164580375429184,65.65656565656566,,
19,0.61907155581711,66.95526695526695,,
20,0.6006637975939081,68.97546897546897,,
21,0.5972772809162112,70.27417027417027,,
22,0.586722047814043,68.97546897546897,,
23,0.5819963148834041,69.55266955266956,,
24,0.5891585881575877,71.71717171717172,,
25,0.5760615148069539,70.41847041847042,0.5851022245047929,71.42857142857143
26,0.5640123214298512,72.58297258297259,,
27,0.5549714314989197,74.17027417027417,,
28,0.5572517945136859,72.87157287157287,,
29,0.5502646306118408,74.17027417027417,,
30,0.5456645269414563,74.02597402597402,,
31,0.5440971345612498,72.87157287157287,,
32,0.5249774056079584,73.5930735930736,,
33,0.5304125341846141,74.89177489177489,,
34,0.5210719851704387,74.74747474747475,,
35,0.5140705105632243,76.76767676767676,,
36,0.5176312734210302,75.9018759018759,,
37,0.5165335579007907,74.89177489177489,,
38,0.5175936576005873,73.3044733044733,,
39,0.5194674705358122,75.46897546897547,,
40,0.4928300132139077,76.33477633477634,,
41,0.49851195073402976,75.75757575757575,,
42,0.5068812091199179,75.75757575757575,,
43,0.5007612380974564,77.34487734487735,,
44,0.5093240127246961,76.76767676767676,,
45,0.48101061892199826,77.4891774891775,,
46,0.486462391902186,76.47907647907648,,
47,0.4832764321677441,78.93217893217893,,
48,0.48016867835026283,78.93217893217893,,
49,0.49813908944914354,76.47907647907648,,
50,0.48161894517371495,77.05627705627705,0.5183381914318382,74.02597402597402
51,0.4669096868963641,75.9018759018759,,
52,0.48121047467208355,77.2005772005772,,
53,0.46761121326710753,78.4992784992785,,
54,0.4649484445264329,76.47907647907648,,
55,0.46890277100503874,79.07647907647907,,
56,0.4701088892691063,76.76767676767676,,
57,0.4692118081007513,79.07647907647907,,
58,0.45528947128705993,78.64357864357865,,
59,0.4545733632807436,78.64357864357865,,
60,0.46927704022388267,78.35497835497836,,
61,0.45579104734555126,80.66378066378067,,
62,0.4466653102404111,79.50937950937951,,
63,0.4566841136669528,78.35497835497836,,
64,0.4407209155363438,80.08658008658008,,
65,0.4405314779556847,78.93217893217893,,
66,0.4447412723930711,80.08658008658008,,
67,0.4562143698055163,77.92207792207792,,
68,0.4455636123042086,79.50937950937951,,
69,0.4445757308133581,80.08658008658008,,
70,0.44343357246159476,79.79797979797979,,
71,0.4406212224244727,80.23088023088023,,
72,0.4352914592920444,78.64357864357865,,
73,0.4273951991123899,80.66378066378067,,
74,0.4267921962951341,80.66378066378067,,
75,0.4339814239422136,81.67388167388168,0.5226208614064501,74.02597402597402
76,0.43711227114066414,80.66378066378067,,
77,0.4395192282282429,80.23088023088023,,
78,0.42774430119458046,81.38528138528139,,
79,0.41974531382881375,81.24098124098124,,
80,0.44042844655365826,79.94227994227994,,
81,0.4226812196070326,80.8080808080808,,
82,0.4106246331897477,81.96248196248196,,
83,0.43723765690777383,79.22077922077922,,
84,0.4144620963333317,81.38528138528139,,
85,0.42990649593684926,82.3953823953824,,
86,0.4081753545251244,81.24098124098124,,
87,0.42727138052599084,81.38528138528139,,
88,0.41008729422075235,81.52958152958153,,
89,0.4171965247581875,80.37518037518038,,
90,0.3968563705983788,82.25108225108225,,
91,0.4043453000324629,81.96248196248196,,
92,0.4138262981460208,81.81818181818181,,
93,0.4024849031308685,82.68398268398268,,
94,0.40842385888959765,80.66378066378067,,
95,0.3921285956280916,82.25108225108225,,
96,0.4036729611445643,80.51948051948052,,
97,0.39153176005311513,82.3953823953824,,
98,0.4030786814627709,81.38528138528139,,
99,0.40865297174728965,80.95238095238095,,
100,0.3900313560580794,83.40548340548341,0.480718208597852,80.51948051948052
101,0.3812513644303078,83.83838383838383,,
102,0.39829342314519234,82.3953823953824,,
103,0.39990036006785745,82.82828282828282,,
104,0.4021014104157815,82.25108225108225,,
105,0.39436736965248254,81.38528138528139,,
106,0.3949756198287182,81.96248196248196,,
107,0.3774304349529107,83.40548340548341,,
108,0.40117704670494597,81.96248196248196,,
109,0.3999571337500348,81.24098124098124,,
110,0.38793217077915804,82.3953823953824,,
111,0.3852382614499047,82.1067821067821,,
112,0.37809085039607376,83.83838383838383,,
113,0.38472685415679414,82.68398268398268,,
114,0.38431879056652557,82.53968253968254,,
115,0.3776833984844956,83.26118326118326,,
116,0.3765414399545086,84.27128427128427,,
117,0.3669517570931846,83.98268398268398,,
118,0.3848329936443125,82.53968253968254,,
119,0.40441993536887233,81.24098124098124,,
120,0.40687213831649716,80.66378066378067,,
121,0.3924470819952168,82.3953823953824,,
122,0.37715565736847695,81.67388167388168,,
123,0.3801777710302224,83.11688311688312,,
124,0.3729184970883236,84.99278499278499,,
125,0.36012094066858635,84.12698412698413,0.4861474075874725,81.81818181818181
126,0.34741008449426464,85.13708513708514,,
127,0.3892232780418699,82.97258297258297,,
128,0.3586420443924991,85.56998556998558,,
129,0.3613620258082903,84.41558441558442,,
130,0.3715680327594366,83.26118326118326,,
131,0.35149363951937634,85.13708513708514,,
132,0.3642436723946493,82.97258297258297,,
133,0.3879906582453894,82.1067821067821,,
134,0.3608682102713234,85.42568542568543,,
135,0.3806292507985626,82.68398268398268,,
136,0.3722262630644987,84.27128427128427,,
137,0.35972866592297137,84.12698412698413,,
138,0.3828467531250669,83.11688311688312,,
139,0.33464626960918675,85.42568542568543,,
140,0.36537782652209505,84.7041847041847,,
141,0.35928762049386,85.71428571428571,,
142,0.3598025327637082,83.83838383838383,,
143,0.3501562485619197,84.99278499278499,,
144,0.3685445585765192,84.84848484848484,,
145,0.33961322761717294,85.13708513708514,,
146,0.3517353809929169,84.41558441558442,,
147,0.3431680082930803,86.43578643578644,,
148,0.35679712369070427,84.99278499278499,,
149,0.3440631746514707,85.42568542568543,,
150,0.3470730577282403,86.14718614718615,0.4811160494754841,80.51948051948052
151,0.35322577255800863,84.84848484848484,,
152,0.3438285921215151,83.83838383838383,,
153,0.3412854617292231,86.002886002886,,
154,0.34408121252859825,85.28138528138528,,
155,0.335827183241796,85.42568542568543,,
156,0.3487384995340785,84.84848484848484,,
157,0.3667962984605269,84.27128427128427,,
158,0.3435213979102488,84.99278499278499,,
159,0.3545068644341968,84.41558441558442,,
160,0.3560292250107205,83.40548340548341,,
161,0.3369080745984638,84.7041847041847,,
162,0.3448660524634572,84.99278499278499,,
163,0.32324970097510847,86.72438672438672,,
164,0.3532333685378148,85.85858585858585,,
165,0.34364289028131945,85.56998556998558,,
166,0.3355416174746867,85.71428571428571,,
167,0.3493714169377372,85.13708513708514,,
168,0.3509859982851092,85.42568542568543,,
169,0.3418849449051063,84.27128427128427,,
170,0.32075279847884075,86.43578643578644,,
171,0.3418344948198888,86.2914862914863,,
172,0.3389922138115372,86.43578643578644,,
173,0.3323674967880717,84.99278499278499,,
174,0.3187963350166662,86.58008658008659,,
175,0.3214913024358763,87.01298701298701,0.5024914726034387,81.81818181818181
176,0.32883239914844564,87.15728715728716,,
177,0.3430980628122499,86.14718614718615,,
178,0.34336011354713386,85.28138528138528,,
179,0.33234969233021594,85.13708513708514,,
180,0.3336152257169308,85.28138528138528,,
181,0.3321042154817526,87.3015873015873,,
182,0.3477855996910112,83.98268398268398,,
183,0.34041186496292875,85.56998556998558,,
184,0.3190681276168314,87.15728715728716,,
185,0.32876717889463747,86.43578643578644,,
186,0.3452499250828962,86.14718614718615,,
187,0.34961744429057123,83.54978354978356,,
188,0.3219228103047326,86.002886002886,,
189,0.3283709359246415,85.56998556998558,,
190,0.3235183520320518,86.002886002886,,
191,0.329312554771594,85.85858585858585,,
192,0.34727276865968115,86.002886002886,,
193,0.33774313601580536,84.84848484848484,,
194,0.31209491935127226,85.71428571428571,,
195,0.30632092269382094,86.43578643578644,,
196,0.3106090192068879,87.5901875901876,,
197,0.32872007217414106,87.44588744588745,,
198,0.3306470507108116,85.28138528138528,,
199,0.33771473858478607,84.12698412698413,,
200,0.31641905278526516,86.2914862914863,0.5197765680102558,81.81818181818181
201,0.31056348603181166,87.01298701298701,,
202,0.2907204299219071,88.02308802308802,,
203,0.294399804883189,87.87878787878788,,
204,0.33019101662725253,86.14718614718615,,
205,0.3403745549065726,85.28138528138528,,
206,0.32426821598500916,86.14718614718615,,
207,0.30162262228488235,86.86868686868686,,
208,0.3053803878257113,87.73448773448773,,
209,0.31497452716634733,86.2914862914863,,
210,0.2967452954979342,87.87878787878788,,
211,0.30684579476649626,86.14718614718615,,
212,0.3210450003157446,86.14718614718615,,
213,0.30674275007598845,86.86868686868686,,
214,0.3207150414736584,86.58008658008659,,
215,0.32333160564840957,86.58008658008659,,
216,0.3073676668462299,86.43578643578644,,
217,0.32546626829137704,85.85858585858585,,
218,0.30560715615878375,87.73448773448773,,
219,0.3304113763321358,85.71428571428571,,
220,0.2850914536982044,89.17748917748918,,
221,0.3015978078412975,86.86868686868686,,
222,0.29948063519437934,86.58008658008659,,
223,0.29588155545197525,87.87878787878788,,
224,0.30314852265052467,86.002886002886,,
225,0.318340682020091,85.56998556998558,0.5311741070313887,79.22077922077922
226,0.28159983989394244,88.88888888888889,,
227,0.3199408274536353,86.72438672438672,,
228,0.30691982098300047,87.87878787878788,,
229,0.31630212900700505,87.44588744588745,,
230,0.29417518339244836,87.87878787878788,,
231,0.310694018483678,86.58008658008659,,
232,0.30841792401727314,87.73448773448773,,
233,0.31417275748039564,86.86868686868686,,
234,0.30502877796195116,87.5901875901876,,
235,0.3002989940872096,88.02308802308802,,
236,0.2803286394644609,89.46608946608947,,
237,0.3026125783700104,87.44588744588745,,
238,0.29470339567974363,87.15728715728716,,
239,0.2972162843266607,88.31168831168831,,
240,0.3100704195308479,87.5901875901876,,
241,0.29536198546188047,87.5901875901876,,
242,0.3166222462664435,85.28138528138528,,
243,0.2968776771344492,86.43578643578644,,
244,0.3050854200064534,86.86868686868686,,
245,0.2996817965270121,87.01298701298701,,
246,0.3007221113551747,87.73448773448773,,
247,0.3031420461715214,88.31168831168831,,
248,0.2935495742127665,86.72438672438672,,
249,0.27944252733544356,88.45598845598846,,
250,0.28133816593481176,89.17748917748918,0.5747447222858281,80.51948051948052
251,0.29740584649220864,87.87878787878788,,
252,0.29459442067111896,87.44588744588745,,
253,0.2834140071793208,88.45598845598846,,
254,0.29354285772400673,88.31168831168831,,
255,0.3046171272127831,87.44588744588745,,
256,0.29965508891562537,87.15728715728716,,
257,0.31681408166541336,87.3015873015873,,
258,0.2923023349579967,88.60028860028861,,
259,0.30002962704344743,86.14718614718615,,
260,0.3037114981535021,87.5901875901876,,
261,0.29197852969341637,87.87878787878788,,
262,0.30394381443831486,87.44588744588745,,
263,0.3042303417066131,88.45598845598846,,
264,0.2648756528571571,89.17748917748918,,
265,0.298194591488157,86.72438672438672,,
266,0.29439052165328683,86.43578643578644,,
267,0.28890063980269054,86.2914862914863,,
268,0.2931658204693299,87.3015873015873,,
269,0.2981662233702806,85.85858585858585,,
270,0.2886934799893422,88.16738816738817,,
271,0.28956374010503894,88.74458874458874,,
272,0.2895875710021022,87.01298701298701,,
273,0.28157144139855456,88.45598845598846,,
274,0.30087819880393335,87.15728715728716,,
275,0.28616541009100654,88.60028860028861,0.588194343176755,80.51948051948052
276,0.28483268562677444,88.31168831168831,,
277,0.27112823857524004,88.60028860028861,,
278,0.29252141056122716,87.15728715728716,,
279,0.2876540826684641,88.60028860028861,,
280,0.2865841853046658,86.86868686868686,,
281,0.26770390929253757,89.17748917748918,,
282,0.28587768809576913,87.87878787878788,,
283,0.2793298178334945,89.17748917748918,,
284,0.26306476075239854,89.03318903318903,,
285,0.27634004169126264,88.88888888888889,,
286,0.2580573126931727,90.76479076479076,,
287,0.28306419501271946,87.3015873015873,,
288,0.289914150344689,86.72438672438672,,
289,0.2876929079127346,88.74458874458874,,
290,0.2946615137407102,87.01298701298701,,
291,0.2684583537721359,89.03318903318903,,
292,0.28335122758734965,89.46608946608947,,
293,0.2804521955280937,88.16738816738817,,
294,0.2667792362052125,89.8989898989899,,
295,0.2817482117450599,87.15728715728716,,
296,0.27842164772306,88.16738816738817,,
297,0.27153003146982124,88.60028860028861,,
298,0.27510131807382315,88.88888888888889,,
299,0.2748707528582211,88.74458874458874,,
300,0.2945542147579303,88.31168831168831,0.5977168207044725,81.81818181818181
301,0.2649115969092299,89.46608946608947,,
302,0.26698853555007757,91.05339105339105,,
303,0.2818637078286593,87.87878787878788,,
304,0.27683284715312556,87.5901875901876,,
305,0.2761096160477202,88.88888888888889,,
306,0.26428154087255873,90.33189033189034,,
307,0.2838737605110047,88.88888888888889,,
308,0.28296352828305865,87.5901875901876,,
309,0.2706874330322464,88.16738816738817,,
310,0.27127173216139944,88.88888888888889,,
311,0.2732606121536457,89.03318903318903,,
312,0.2633288184457699,87.87878787878788,,
313,0.28294217031755486,87.73448773448773,,
314,0.27758012890471695,87.5901875901876,,
315,0.2761983848237372,88.74458874458874,,
316,0.2622845059241911,87.73448773448773,,
317,0.2744379901094698,89.17748917748918,,
318,0.25076786453417715,89.6103896103896,,
319,0.2622620527018372,89.75468975468975,,
320,0.26284358262327673,87.5901875901876,,
321,0.2444003325864178,89.17748917748918,,
322,0.280219212195918,87.5901875901876,,
323,0.2686332998337684,88.88888888888889,,
324,0.25591733901187624,90.76479076479076,,
325,0.28928173295777254,87.44588744588745,0.5831200468849826,77.92207792207792
326,0.275195673602656,87.73448773448773,,
327,0.2730534550495994,89.32178932178932,,
328,0.2698223027057978,89.46608946608947,,
329,0.2707896279050158,88.74458874458874,,
330,0.258975154006636,89.32178932178932,,
331,0.2462132124157695,89.03318903318903,,
332,0.24921578788138055,89.75468975468975,,
333,0.25403938518802155,90.18759018759019,,
334,0.2689146557809384,89.03318903318903,,
335,0.2737642870664941,89.46608946608947,,
336,0.25485328558031445,89.32178932178932,,
337,0.2633175464161547,89.17748917748918,,
338,0.2720490074454448,89.46608946608947,,
339,0.2533500456018709,89.46608946608947,,
340,0.2637376143861815,88.45598845598846,,
341,0.24861296487254497,90.33189033189034,,
342,0.28261176585979103,88.16738816738817,,
343,0.2716785677927741,88.74458874458874,,
344,0.28589040709694397,88.02308802308802,,
345,0.25584117524207584,88.88888888888889,,
346,0.2768842837683222,89.32178932178932,,
347,0.2541207233376661,88.60028860028861,,
348,0.24420759389324795,89.6103896103896,,
349,0.23855515323246024,89.32178932178932,,
350,0.2509474272679801,90.33189033189034,0.6419029104245173,79.22077922077922
351,0.2463595253908617,89.32178932178932,,
352,0.2642424077139616,88.74458874458874,,
353,0.25492752282134384,90.47619047619048,,
354,0.26563444798126884,89.32178932178932,,
355,0.2506958735195589,88.16738816738817,,
356,0.25893859769530797,90.04329004329004,,
357,0.2714030808012551,88.31168831168831,,
358,0.25694971235971603,90.18759018759019,,
359,0.24522253177511744,90.62049062049061,,
360,0.24830092282221258,91.1976911976912,,
361,0.2411215483341339,89.6103896103896,,
362,0.2646566688750526,88.88888888888889,,
363,0.27055767075323955,88.16738816738817,,
364,0.26227754244814705,89.6103896103896,,
365,0.25185494049630985,89.6103896103896,,
366,0.2388642570863963,90.47619047619048,,
367,0.27470577455530265,87.87878787878788,,
368,0.25918766095008683,88.60028860028861,,
369,0.24695110518866975,90.04329004329004,,
370,0.27313985775559496,88.31168831168831,,
371,0.2613862369526688,89.6103896103896,,
372,0.24168071864659307,90.33189033189034,,
373,0.2427750373928449,90.47619047619048,,
374,0.22328434149166207,91.77489177489177,,
375,0.2557971032408925,90.62049062049061,0.6359616618651849,77.92207792207792
376,0.24335446680155495,90.18759018759019,,
377,0.246880832527365,90.04329004329004,,
378,0.2643030997134562,89.03318903318903,,
379,0.26943945093416377,89.17748917748918,,
380,0.2436993856622715,89.46608946608947,,
381,0.2708338459504803,88.88888888888889,,
382,0.23207074107029738,90.76479076479076,,
383,0.24996754342171365,90.04329004329004,,
384,0.24722845531989313,89.6103896103896,,
385,0.2609540598109515,88.88888888888889,,
386,0.26036888588902585,88.31168831168831,,
387,0.23338039002205213,90.9090909090909,,
388,0.2507859216116014,89.75468975468975,,
389,0.25802903943849675,89.6103896103896,,
390,0.2311762749374687,89.46608946608947,,
391,0.26284121360473905,89.17748917748918,,
392,0.24698393857496298,89.32178932178932,,
393,0.2382643134218962,90.18759018759019,,
394,0.23665617347774223,89.75468975468975,,
395,0.24455995340582956,89.75468975468975,,
396,0.24385470603451584,90.04329004329004,,
397,0.23097220411548366,90.04329004329004,,
398,0.24014238200404428,88.74458874458874,,
399,0.25103959299269174,88.45598845598846,,
400,0.24048991783012733,90.62049062049061,0.6632364221981594,76.62337662337663
401,0.23548525186661431,90.62049062049061,,
402,0.2436565061867194,89.17748917748918,,
403,0.26227020161578496,89.75468975468975,,
404,0.22679654576561667,92.06349206349206,,
405,0.2315265459652243,91.77489177489177,,
406,0.25316367266648604,89.46608946608947,,
407,0.25047288484559604,88.02308802308802,,
408,0.2333231916460296,90.18759018759019,,
409,0.24436801853677068,90.33189033189034,,
410,0.24440023793286575,89.75468975468975,,
411,0.24734511304899384,90.47619047619048,,
412,0.2449282936289541,90.18759018759019,,
413,0.24280654835752594,90.62049062049061,,
414,0.23311593753391874,89.8989898989899,,
415,0.23846351425734605,90.18759018759019,,
416,0.2242030514374612,90.18759018759019,,
417,0.22803935253774965,90.47619047619048,,
418,0.24047313667134979,89.75468975468975,,
419,0.23280503550305168,89.6103896103896,,
420,0.23040708482351482,92.06349206349206,,
421,0.24407436114885075,90.04329004329004,,
422,0.2480362793067833,91.48629148629149,,
423,0.24490828001481973,90.04329004329004,,
424,0.24005396541041385,90.33189033189034,,
425,0.21946441611170253,91.1976911976912,0.6733318977541738,83.11688311688312
426,0.22589827187542103,90.18759018759019,,
427,0.24238316329870732,89.17748917748918,,
428,0.2322447212442519,90.04329004329004,,
429,0.24100751107260263,90.18759018759019,,
430,0.22774356871058501,90.9090909090909,,
431,0.22819325966494425,90.18759018759019,,
432,0.21912539490158595,91.77489177489177,,
433,0.22021773221000793,90.62049062049061,,
434,0.23699495292700085,91.34199134199135,,
435,0.22886269867506207,90.04329004329004,,
436,0.22959116184049183,90.33189033189034,,
437,0.22135836109626517,91.05339105339105,,
438,0.20090035683492904,92.06349206349206,,
439,0.22416033863505244,90.9090909090909,,
440,0.22406077359145854,90.9090909090909,,
441,0.23538173814700625,90.04329004329004,,
442,0.24001852980939856,89.03318903318903,,
443,0.2188080810601749,91.1976911976912,,
444,0.22273240716856452,91.05339105339105,,
445,0.2227937930074089,90.62049062049061,,
446,0.23962366344436767,90.18759018759019,,
447,0.22096831405274625,90.62049062049061,,
448,0.2120698577016162,90.47619047619048,,
449,0.22379028797149658,91.05339105339105,,
450,0.23570936168900128,90.33189033189034,0.6986627160728752,80.51948051948052
451,0.22510328411539912,91.05339105339105,,
452,0.23525041578307984,90.9090909090909,,
453,0.22708888132592817,90.47619047619048,,
454,0.24114776227467333,89.8989898989899,,
455,0.22505133052882006,90.33189033189034,,
456,0.24171941709122788,90.62049062049061,,
457,0.23335516521596977,89.75468975468975,,
458,0.24835219669651676,88.60028860028861,,
459,0.2232078476385637,91.34199134199135,,
460,0.23574847464609627,90.04329004329004,,
461,0.2201354866592055,90.9090909090909,,
462,0.22649718062014118,91.1976911976912,,
463,0.22880119622871817,90.33189033189034,,
464,0.22807930777599286,91.05339105339105,,
465,0.21401685347288718,91.05339105339105,,
466,0.21197031999563243,91.63059163059162,,
467,0.22676637657201737,91.05339105339105,,
468,0.21556254806370617,92.06349206349206,,
469,0.2263990422605952,90.76479076479076,,
470,0.21735088963701268,91.05339105339105,,
471,0.21806258437308398,91.48629148629149,,
472,0.19992393121918903,92.06349206349206,,
473,0.24370105270011427,90.18759018759019,,
474,0.24365447530412743,89.6103896103896,,
475,0.2168496424200559,92.06349206349206,0.6827744446791612,79.22077922077922
476,0.21657103906462202,91.91919191919192,,
477,0.23998638279037215,90.18759018759019,,
478,0.20947326924033668,91.1976911976912,,
479,0.24556281287518758,89.75468975468975,,
480,0.23135979420909977,90.33189033189034,,
481,0.2197413838926762,90.62049062049061,,
482,0.2130549227412989,91.48629148629149,,
483,0.26005283853342864,90.04329004329004,,
484,0.21545556984293512,91.91919191919192,,
485,0.2238736715151634,91.48629148629149,,
486,0.24580192354388136,90.76479076479076,,
487,0.20798260088563825,92.06349206349206,,
488,0.21538036991808493,92.20779220779221,,
489,0.21725071856985875,92.06349206349206,,
490,0.2159746674683703,91.91919191919192,,
491,0.2038416914093546,91.91919191919192,,
492,0.23665125240151155,89.32178932178932,,
493,0.2505731760251402,89.46608946608947,,
494,0.22312746032491906,91.05339105339105,,
495,0.2262451032883505,90.47619047619048,,
496,0.22718769858065793,91.05339105339105,,
497,0.21138827467248553,91.63059163059162,,
498,0.2423744828240008,89.46608946608947,,
499,0.2171536014666633,91.34199134199135,,
500,0.22412828122726594,90.47619047619048,0.7752295167415173,76.62337662337663
501,0.19784715207774745,92.20779220779221,,
502,0.25147819166403657,89.8989898989899,,
503,0.24672557749015428,90.76479076479076,,
504,0.19799376355449186,91.34199134199135,,
505,0.2267579347497285,90.04329004329004,,
506,0.22903655893014796,91.34199134199135,,
507,0.22625255241350392,90.47619047619048,,
508,0.21578450782646522,91.48629148629149,,
509,0.19963360982066797,91.91919191919192,,
510,0.21969340611007307,90.9090909090909,,
511,0.21736267819721117,89.6103896103896,,
512,0.19172494014534255,92.64069264069263,,
513,0.2045496752832359,90.33189033189034,,
514,0.24020414336075172,91.1976911976912,,
515,0.2061881378056511,91.63059163059162,,
516,0.2140133556779501,90.76479076479076,,
517,0.19246920884128602,92.92929292929293,,
518,0.21577553934865185,90.9090909090909,,
519,0.20194342634593598,90.47619047619048,,
520,0.23180141562292242,89.6103896103896,,
521,0.23160926737482584,89.8989898989899,,
522,0.2147459662257335,90.76479076479076,,
523,0.2157100729999088,91.77489177489177,,
524,0.19874789641060012,91.34199134199135,,
525,0.2125658391401021,91.48629148629149,0.7489920645565181,79.22077922077922
526,0.2168996799602825,92.06349206349206,,
527,0.20668277587381448,91.48629148629149,,
528,0.22174731345274748,91.91919191919192,,
529,0.1957037305677092,92.92929292929293,,
530,0.22753047278691163,90.04329004329004,,
531,0.19674023318213302,92.06349206349206,,
532,0.2144348993359878,91.1976911976912,,
533,0.20516193562427812,91.63059163059162,,
534,0.22444753703079354,90.47619047619048,,
535,0.22041641328413938,91.1976911976912,,
536,0.21636015355242968,90.33189033189034,,
537,0.21669599043492976,93.07359307359307,,
538,0.21959185041218438,90.62049062049061,,
539,0.18284603820584208,92.64069264069263,,
540,0.1917005450092525,91.77489177489177,,
541,0.23485401859520405,90.9090909090909,,
542,0.2129474678338864,91.63059163059162,,
543,0.19490264851497796,91.77489177489177,,
544,0.2159558426545769,91.48629148629149,,
545,0.22285996915565598,90.76479076479076,,
546,0.2024588660695852,91.91919191919192,,
547,0.18471606228430723,92.4963924963925,,
548,0.2126170475342315,90.76479076479076,,
549,0.22481351682290027,90.9090909090909,,
550,0.2066236449698521,91.48629148629149,0.7178675338819429,79.22077922077922
551,0.21241601592018491,91.1976911976912,,
552,0.19846362102921908,92.64069264069263,,
553,0.1994577321139249,92.06349206349206,,
554,0.20680462007785771,91.48629148629149,,
555,0.21293312379980156,91.63059163059162,,
556,0.19822774997349255,91.91919191919192,,
557,0.1989193239382335,92.78499278499278,,
558,0.20569094534409682,91.1976911976912,,
559,0.20188913269648476,92.64069264069263,,
560,0.22582037662425378,90.47619047619048,,
561,0.21493982012997803,90.9090909090909,,
562,0.21204773249564232,91.77489177489177,,
563,0.20833855539743087,91.05339105339105,,
564,0.21720012536468616,91.63059163059162,,
565,0.18417127525049543,92.78499278499278,,
566,0.2073549742220456,92.20779220779221,,
567,0.18919899694159262,92.35209235209236,,
568,0.1922683770436401,92.06349206349206,,
569,0.18515647761792503,92.20779220779221,,
570,0.21200882442413815,92.20779220779221,,
571,0.22078084863432043,90.33189033189034,,
572,0.20152718908170944,91.91919191919192,,
573,0.20647724560887953,91.34199134199135,,
574,0.22348007207674553,90.04329004329004,,
575,0.2157769575177505,90.47619047619048,0.6997595119785953,80.51948051948052
576,0.19536925024456447,92.20779220779221,,
577,0.19037004643016392,93.21789321789322,,
578,0.21707916608104458,90.33189033189034,,
579,0.20749463818290018,92.64069264069263,,
580,0.20268194601047262,91.63059163059162,,
581,0.21240361054222306,91.1976911976912,,
582,0.22463331938133954,90.62049062049061,,
583,0.21717005348287274,90.62049062049061,,
584,0.1944216380559693,93.07359307359307,,
585,0.18342506667279235,92.64069264069263,,
586,0.20588287329475946,91.48629148629149,,
587,0.20236940378481777,91.63059163059162,,
588,0.19890417341374045,93.50649350649351,,
589,0.20759872604070115,91.34199134199135,,
590,0.18883139307880814,92.64069264069263,,
591,0.20548306780055564,91.77489177489177,,
592,0.21387778878383995,91.34199134199135,,
593,0.21191507590797556,91.91919191919192,,
594,0.18451909217741583,92.20779220779221,,
595,0.19859430920682083,91.91919191919192,,
596,0.1828966997940131,92.92929292929293,,
597,0.20939408903632414,92.35209235209236,,
598,0.21770801357548647,90.33189033189034,,
599,0.21224245484945234,91.34199134199135,,
600,0.2163416123149371,91.48629148629149,0.7579924053960032,80.51948051948052
601,0.18355800834461553,94.37229437229438,,
602,0.18972398124602965,92.06349206349206,,
603,0.20587425977582968,92.06349206349206,,
604,0.18940320523780962,91.91919191919192,,
605,0.18832351660294105,92.78499278499278,,
606,0.1924281802356329,92.20779220779221,,
607,0.18807050344919918,92.06349206349206,,
608,0.19214219399183602,91.1976911976912,,
609,0.18559019450329428,94.66089466089466,,
610,0.1972189544341265,92.35209235209236,,
611,0.2046379903264204,92.06349206349206,,
612,0.20761248814466196,91.77489177489177,,
613,0.19622063770094647,92.06349206349206,,
614,0.1945428041496662,91.05339105339105,,
615,0.1691857971315518,94.51659451659452,,
616,0.21285921253511228,90.62049062049061,,
617,0.18866171609895227,92.35209235209236,,
618,0.18724361222242725,93.07359307359307,,
619,0.19504946526166853,91.91919191919192,,
620,0.18817175488816884,92.4963924963925,,
621,0.18781746207893668,92.4963924963925,,
622,0.18351245068368457,92.78499278499278,,
623,0.17946155792878993,92.35209235209236,,
624,0.18798645836278302,92.20779220779221,,
625,0.17361651290971436,94.08369408369408,0.7292504039677706,80.51948051948052
626,0.22498236693345108,90.18759018759019,,
627,0.19439093362201343,92.06349206349206,,
628,0.21397221001862277,91.63059163059162,,
629,0.1983357917565804,91.91919191919192,,
630,0.18857321714038972,92.4963924963925,,
631,0.18816173028249245,92.4963924963925,,
632,0.2160368635282888,91.63059163059162,,
633,0.2038798039351707,91.34199134199135,,
634,0.17491126081988237,92.78499278499278,,
635,0.20893013146188524,91.91919191919192,,
636,0.194162076750359,91.63059163059162,,
637,0.17615619638308475,92.92929292929293,,
638,0.19081929850715923,91.91919191919192,,
639,0.18715844652783475,92.78499278499278,,
640,0.20003847104280886,91.91919191919192,,
641,0.1777723886577942,92.35209235209236,,
642,0.20063645562525265,91.1976911976912,,
643,0.20355883829865448,90.76479076479076,,
644,0.1947986086639663,92.06349206349206,,
645,0.19094108554707978,92.06349206349206,,
646,0.1764924383438683,94.08369408369408,,
647,0.19486656776410333,92.20779220779221,,
648,0.19353966048850127,91.91919191919192,,
649,0.19932514812910196,91.48629148629149,,
650,0.18984190468954576,92.20779220779221,0.7824672305738771,80.51948051948052
651,0.15728046600995813,94.37229437229438,,
652,0.1998656823005511,91.63059163059162,,
653,0.21128346797879813,92.20779220779221,,
654,0.18911621196015402,93.07359307359307,,
655,0.18648604283171127,92.06349206349206,,
656,0.1813295434106781,91.91919191919192,,
657,0.18752168927443835,91.91919191919192,,
658,0.1852550944058066,92.4963924963925,,
659,0.18866249981294636,92.20779220779221,,
660,0.16839888781137108,93.79509379509379,,
661,0.17596619082735732,93.79509379509379,,
662,0.1971724189893164,92.35209235209236,,
663,0.1801401066229629,93.36219336219337,,
664,0.1942742738609362,92.4963924963925,,
665,0.18939530591159243,93.36219336219337,,
666,0.1927808475872827,91.05339105339105,,
667,0.1705564958450598,92.20779220779221,,
668,0.1885800753406976,93.21789321789322,,
669,0.1521473660054489,93.79509379509379,,
670,0.19109541601615637,93.36219336219337,,
671,0.1928239595924449,92.06349206349206,,
672,0.15825024532882595,93.07359307359307,,
673,0.2000573937812065,92.20779220779221,,
674,0.17830979370365582,93.21789321789322,,
675,0.2125468768104158,91.05339105339105,0.8283899736094784,79.22077922077922
676,0.19219825587747416,92.06349206349206,,
677,0.1843956099530147,91.63059163059162,,
678,0.1777582179814104,92.78499278499278,,
679,0.1824793005348714,92.4963924963925,,
680,0.17270315081031637,93.21789321789322,,
681,0.17633298906789283,92.4963924963925,,
682,0.21049505771066548,91.91919191919192,,
683,0.18355652899582148,91.77489177489177,,
684,0.1911355769060133,91.34199134199135,,
685,0.17834466448507955,93.50649350649351,,
686,0.18080489219718682,92.06349206349206,,
687,0.17793034595500512,93.07359307359307,,
688,0.18240277621825193,92.64069264069263,,
689,0.1757521949504189,93.07359307359307,,
690,0.19077638786119472,92.20779220779221,,
691,0.1784054088214087,92.92929292929293,,
692,0.2118155165732681,91.05339105339105,,
693,0.18240577214724057,92.78499278499278,,
694,0.17339681263093826,92.4963924963925,,
695,0.17083892348782842,93.36219336219337,,
696,0.17710790398441964,92.92929292929293,,
697,0.19127427951082007,91.77489177489177,,
698,0.17577103374883382,93.36219336219337,,
699,0.15792827645765584,94.37229437229438,,
700,0.18892227025087088,92.20779220779221,0.8144315984342005,77.92207792207792
701,0.22233448163599506,89.8989898989899,,
702,0.17668585366371906,92.64069264069263,,
703,0.18556757101420887,92.78499278499278,,
704,0.1969386020092049,91.91919191919192,,
705,0.1601003882452351,93.50649350649351,,
706,0.17867851956152125,92.20779220779221,,
707,0.199608977738913,91.48629148629149,,
708,0.17563911745644578,93.36219336219337,,
709,0.219932517233005,91.48629148629149,,
710,0.16827771226737062,93.07359307359307,,
711,0.16766181040936906,93.36219336219337,,
712,0.19716345909095945,91.63059163059162,,
713,0.20274339461481417,92.06349206349206,,
714,0.1570847648992855,93.50649350649351,,
715,0.17409076378243998,93.36219336219337,,
716,0.16952835498606145,92.4963924963925,,
717,0.16161613854408952,93.21789321789322,,
718,0.17045749975758112,92.92929292929293,,
719,0.1905887428332459,91.77489177489177,,
720,0.17970883798977685,94.08369408369408,,
721,0.15389956097410182,94.08369408369408,,
722,0.1831223958670491,93.21789321789322,,
723,0.18649310249872883,91.91919191919192,,
724,0.17899692714386345,93.79509379509379,,
725,0.18687476800058525,92.06349206349206,0.7777718979042846,79.22077922077922
726,0.17956380865403584,92.78499278499278,,
727,0.17710239819720022,93.65079365079364,,
728,0.16274203676165958,93.21789321789322,,
729,0.20624942955000575,91.48629148629149,,
730,0.1902743202955348,92.35209235209236,,
731,0.17325453454303363,92.92929292929293,,
732,0.184165358650908,92.78499278499278,,
733,0.19744610821916944,91.91919191919192,,
734,0.18303748533065184,91.63059163059162,,
735,0.14249401654601956,94.37229437229438,,
736,0.16373014222147833,92.78499278499278,,
737,0.1692258826655861,93.36219336219337,,
738,0.17149118199664964,93.50649350649351,,
739,0.17630181675521497,92.64069264069263,,
740,0.1663414491891517,93.07359307359307,,
741,0.17349784154697587,93.36219336219337,,
742,0.16601604231852302,92.92929292929293,,
743,0.18210951809759263,91.48629148629149,,
744,0.17401969768268205,92.4963924963925,,
745,0.153885243527731,94.08369408369408,,
746,0.17224908272855383,92.35209235209236,,
747,0.16613314217991298,93.50649350649351,,
748,0.16083184177053267,93.36219336219337,,
749,0.15744195873264497,94.08369408369408,,
750,0.16467117183824295,93.50649350649351,0.7997320124081203,80.51948051948052
751,0.17019025504073024,93.36219336219337,,
752,0.1627561470216831,92.78499278499278,,
753,0.1738375715406082,92.35209235209236,,
754,0.15770933930298467,94.51659451659452,,
755,0.16533316963205777,94.08369408369408,,
756,0.17125840435640463,93.65079365079364,,
757,0.14524077331112406,94.37229437229438,,
758,0.15654743445061503,93.21789321789322,,
759,0.2125485853801386,92.35209235209236,,
760,0.17007683107863256,92.78499278499278,,
761,0.16111818923041074,92.92929292929293,,
762,0.16509906860124884,93.21789321789322,,
763,0.16730137532751627,93.79509379509379,,
764,0.1704094015561786,93.50649350649351,,
765,0.1707095116548896,94.08369408369408,,
766,0.1425057700035548,94.8051948051948,,
767,0.18108302234399198,92.64069264069263,,
768,0.17294605091364698,92.64069264069263,,
769,0.1557819146292034,94.37229437229438,,
770,0.1940731600593523,91.63059163059162,,
771,0.16626461853325625,92.78499278499278,,
772,0.18164600472773654,92.20779220779221,,
773,0.17959778907495144,93.07359307359307,,
774,0.19240917952416778,92.4963924963925,,
775,0.18102838067286803,92.92929292929293,0.912195175499111,80.51948051948052
776,0.16370921100329872,93.65079365079364,,
777,0.17268402947577907,92.4963924963925,,
778,0.16420340506040088,93.07359307359307,,
779,0.15156302533366464,93.93939393939394,,
780,0.16821589029540576,93.93939393939394,,
781,0.17815993971918395,92.35209235209236,,
782,0.16687943808960193,94.22799422799423,,
783,0.14724428962491465,94.51659451659452,,
784,0.17164534257259892,94.22799422799423,,
785,0.15418663388722903,93.21789321789322,,
786,0.16093559911229996,93.36219336219337,,
787,0.15387371136211558,93.79509379509379,,
788,0.17613152159756912,92.78499278499278,,
789,0.17099181097135227,93.21789321789322,,
790,0.1736511852361079,93.93939393939394,,
791,0.1549157069251479,93.79509379509379,,
792,0.15962545601664513,93.36219336219337,,
793,0.17701622874920847,94.08369408369408,,
794,0.1646207779817939,92.78499278499278,,
795,0.1869255903877135,92.4963924963925,,
796,0.17501746507262084,92.78499278499278,,
797,0.1668810660849711,93.50649350649351,,
798,0.17547730481975093,92.64069264069263,,
799,0.16076802678438493,92.92929292929293,,
800,0.17352440265177993,91.63059163059162,0.8229312432276739,79.22077922077922
801,0.14663829126571337,95.0937950937951,,
802,0.1640950193222811,92.78499278499278,,
803,0.1580034727486009,93.79509379509379,,
804,0.17914796117451284,93.65079365079364,,
805,0.16426125315016654,92.64069264069263,,
806,0.1779043712313213,92.92929292929293,,
807,0.15278098167795123,93.79509379509379,,
808,0.17626069535059158,92.64069264069263,,
809,0.1666147925744497,93.07359307359307,,
810,0.15494629450432665,93.79509379509379,,
811,0.1701777967023643,91.77489177489177,,
812,0.15585503314351623,93.50649350649351,,
813,0.16351277200561581,93.07359307359307,,
814,0.16699533953639165,93.79509379509379,,
815,0.16262002534288134,93.93939393939394,,
816,0.16985092816395955,92.92929292929293,,
817,0.15398041107308813,94.66089466089466,,
818,0.17991419170928036,93.21789321789322,,
819,0.1551583618850247,94.22799422799423,,
820,0.160022068161297,94.22799422799423,,
821,0.18612487314196377,92.20779220779221,,
822,0.15360344546439844,93.65079365079364,,
823,0.16367644422068053,93.21789321789322,,
824,0.1604139171164445,93.50649350649351,,
825,0.1452631934466644,94.37229437229438,0.844211500960511,81.81818181818181
826,0.14581951886028438,94.51659451659452,,
827,0.16647510125179482,93.21789321789322,,
828,0.17281177852834975,93.65079365079364,,
829,0.18254260873639738,92.06349206349206,,
830,0.16545905710384787,93.36219336219337,,
831,0.16840986331217905,92.64069264069263,,
832,0.17404917149144677,93.36219336219337,,
833,0.15556976532437242,93.65079365079364,,
834,0.17686919194429812,92.64069264069263,,
835,0.1396729082815231,95.38239538239539,,
836,0.18147951818217792,93.07359307359307,,
837,0.16829543771466823,92.92929292929293,,
838,0.16815341845649318,92.78499278499278,,
839,0.15236512285591375,94.22799422799423,,
840,0.14787260205101915,93.36219336219337,,
841,0.1816064128477508,93.21789321789322,,
842,0.19951878180041974,93.21789321789322,,
843,0.14729933331023046,94.37229437229438,,
844,0.13784432520856074,95.38239538239539,,
845,0.16394355998496818,94.22799422799423,,
846,0.15576578947362016,92.92929292929293,,
847,0.15678866993512255,93.65079365079364,,
848,0.14925633348298795,94.22799422799423,,
849,0.15348189600446352,94.08369408369408,,
850,0.1508705884992302,93.93939393939394,0.8244607990438287,80.51948051948052
851,0.14390211051913224,94.66089466089466,,
852,0.1556270971120178,92.78499278499278,,
853,0.1430937356999598,93.07359307359307,,
854,0.16355117931854501,93.07359307359307,,
855,0.13106473828807022,94.66089466089466,,
856,0.15549841929565777,93.93939393939394,,
857,0.16307302995505615,92.78499278499278,,
858,0.15901436881273634,93.07359307359307,,
859,0.16181736743725395,93.36219336219337,,
860,0.17028852841382763,93.21789321789322,,
861,0.1727889067403338,93.79509379509379,,
862,0.14323789810205434,94.51659451659452,,
863,0.15666488286048647,92.92929292929293,,
864,0.13590554729598597,93.93939393939394,,
865,0.14856102267041008,93.50649350649351,,
866,0.16520326611455557,93.36219336219337,,
867,0.13787525836485848,95.52669552669553,,
868,0.13647964828167902,95.0937950937951,,
869,0.15340627441827803,93.65079365079364,,
870,0.13324632234387584,95.0937950937951,,
871,0.15083340127531755,94.08369408369408,,
872,0.16910573907873847,93.93939393939394,,
873,0.15785283744765222,92.92929292929293,,
874,0.1877199804671055,93.50649350649351,,
875,0.17380416126650305,92.64069264069263,0.8529101850150468,80.51948051948052
876,0.1400372042585417,94.66089466089466,,
877,0.18380495719880424,93.07359307359307,,
878,0.141623151960311,94.08369408369408,,
879,0.13064738141015322,94.66089466089466,,
880,0.14210106742761164,94.66089466089466,,
881,0.16000784932491927,94.08369408369408,,
882,0.1574281282120883,92.92929292929293,,
883,0.1457965826188331,94.08369408369408,,
884,0.14779940152925158,94.51659451659452,,
885,0.13853199399394905,94.22799422799423,,
886,0.1408898039340629,94.37229437229438,,
887,0.16759377668516287,92.78499278499278,,
888,0.15485947132970693,95.0937950937951,,
889,0.17079303597475026,93.07359307359307,,
890,0.1447651649450327,95.0937950937951,,
891,0.14947894569029455,94.08369408369408,,
892,0.15021119573157588,94.08369408369408,,
893,0.15707557056029295,94.22799422799423,,
894,0.16271452651954488,94.08369408369408,,
895,0.14764794131034037,93.65079365079364,,
896,0.13085093392760722,94.8051948051948,,
897,0.131627519742665,93.36219336219337,,
898,0.15373096336620024,94.37229437229438,,
899,0.1472907762270297,94.8051948051948,,
900,0.15484020142435684,93.36219336219337,0.8531936809614107,81.81818181818181
901,0.1454813672010592,93.65079365079364,,
902,0.16279713639621265,93.93939393939394,,
903,0.14720986789955207,93.65079365079364,,
904,0.12916600624231075,94.66089466089466,,
905,0.151412899187977,94.08369408369408,,
906,0.15384463976643992,94.37229437229438,,
907,0.13633374851277638,94.66089466089466,,
908,0.1350341154780497,94.94949494949495,,
909,0.16245768453205517,93.79509379509379,,
910,0.13180737659700678,94.66089466089466,,
911,0.15390570118786798,93.93939393939394,,
912,0.1455808182974033,94.37229437229438,,
913,0.15268410597276078,94.8051948051948,,
914,0.16475806083170022,93.07359307359307,,
915,0.14650397879255647,93.36219336219337,,
916,0.1486565750656706,94.08369408369408,,
917,0.14191625525295992,94.94949494949495,,
918,0.16430964680156074,93.07359307359307,,
919,0.17532326068196977,93.65079365079364,,
920,0.14025114496234498,94.66089466089466,,
921,0.17221847889356282,93.50649350649351,,
922,0.1581800618621522,94.8051948051948,,
923,0.13084371854560545,95.52669552669553,,
924,0.14612750275783554,94.66089466089466,,
925,0.16800115428445658,92.78499278499278,0.9047325416044756,83.11688311688312
926,0.14236933789598993,93.93939393939394,,
927,0.12961037622020186,94.94949494949495,,
928,0.1657153826911126,93.36219336219337,,
929,0.1412245383295318,94.37229437229438,,
930,0.15394060369607862,94.66089466089466,,
931,0.1629569000775508,93.21789321789322,,
932,0.1457662886441356,94.08369408369408,,
933,0.16078013225766316,94.37229437229438,,
934,0.15852642562213484,93.07359307359307,,
935,0.14629245114016842,94.08369408369408,,
936,0.1501228129880941,95.23809523809524,,
937,0.16449238828680388,93.50649350649351,,
938,0.15178230951283486,94.37229437229438,,
939,0.1716911894676489,92.4963924963925,,
940,0.15451351240744968,94.8051948051948,,
941,0.15902760379758232,93.07359307359307,,
942,0.14707093413860078,94.66089466089466,,
943,0.14345968363088962,93.65079365079364,,
944,0.17171878196407597,93.50649350649351,,
945,0.15046988239493034,93.07359307359307,,
946,0.13953709105784973,93.50649350649351,,
947,0.14697747075497503,93.36219336219337,,
948,0.1549332021462797,94.37229437229438,,
949,0.1293879601174447,95.52669552669553,,
950,0.13777905988572825,95.38239538239539,0.875406982062699,80.51948051948052
951,0.1586430242653361,94.08369408369408,,
952,0.13594023285576104,93.93939393939394,,
953,0.14243921846108348,94.37229437229438,,
954,0.14098155593115186,93.93939393939394,,
955,0.1530623503706672,93.50649350649351,,
956,0.1421734318674729,94.66089466089466,,
957,0.14588770567080675,95.0937950937951,,
958,0.1503718588796873,94.94949494949495,,
959,0.1580910316277376,93.79509379509379,,
960,0.16852840116787782,93.50649350649351,,
961,0.1477777496259794,94.22799422799423,,
962,0.14909519808243257,94.37229437229438,,
963,0.13510418502670346,94.66089466089466,,
964,0.1499440630664041,93.79509379509379,,
965,0.1659067908858324,93.21789321789322,,
966,0.16669392046581788,93.65079365079364,,
967,0.14840538947054147,93.79509379509379,,
968,0.13388184988051438,94.8051948051948,,
969,0.16900020740787844,94.08369408369408,,
970,0.14858831269572478,94.8051948051948,,
971,0.13404675163489915,93.93939393939394,,
972,0.12433331921255864,95.23809523809524,,
973,0.13195675220152345,94.94949494949495,,
974,0.13100876976315248,94.51659451659452,,
975,0.12840104086961582,94.94949494949495,0.9165895248388315,80.51948051948052
976,0.1455524820312965,93.50649350649351,,
977,0.15757665017143987,93.65079365079364,,
978,0.13272771447853954,94.37229437229438,,
979,0.13749063665969202,94.08369408369408,,
980,0.15534694873409355,93.36219336219337,,
981,0.14252755397522196,94.66089466089466,,
982,0.14447164516170302,93.93939393939394,,
983,0.13480862760499743,94.51659451659452,,
984,0.14142905687442933,95.23809523809524,,
985,0.14272495429602708,94.22799422799423,,
986,0.16316977817387807,94.94949494949495,,
987,0.14890393234176552,95.0937950937951,,
988,0.1339391753142014,93.93939393939394,,
989,0.14343944634882058,94.37229437229438,,
990,0.16023172491900678,93.79509379509379,,
991,0.1433168440885186,93.36219336219337,,
992,0.142769980385448,93.93939393939394,,
993,0.1352072370441531,95.0937950937951,,
994,0.15239930170094984,94.66089466089466,,
995,0.14798287609202349,93.07359307359307,,
996,0.15267840089090975,93.21789321789322,,
997,0.13132062810506742,95.38239538239539,,
998,0.16521725106129656,93.50649350649351,,
999,0.1327463591129964,95.52669552669553,,
1000,0.11461420748570952,96.1038961038961,0.8832296434935037,80.51948051948052
