epoch,train_loss,train_acc,test_loss,test_acc
1,2.2622147300690982,14.303959131545339,2.2561122606728823,21.374045801526716
2,2.0105225236023068,38.82503192848021,,
3,1.8153607913817482,43.93358876117497,,
4,1.5975295874655322,54.406130268199234,,
5,1.4887579597275833,58.49297573435504,,
6,1.3403002851919805,66.28352490421456,,
7,1.200739733408542,68.32694763729246,,
8,1.1349760314513897,69.34865900383141,,
9,1.027720625601509,71.9029374201788,,
10,0.9857877081838148,73.9463601532567,,
11,0.8922385580238255,76.88378033205619,,
12,0.8699187978930857,75.98978288633461,,
13,0.8301595930547702,78.41634738186463,,
14,0.7829541771043458,79.18263090676884,,
15,0.7762513086104607,80.20434227330779,,
16,0.7311178785326533,81.22605363984674,,
17,0.7011471861928207,80.84291187739464,,
18,0.67482940340712,81.35376756066411,,
19,0.6488832746885745,82.75862068965517,,
20,0.5921434189167972,84.92975734355045,,
21,0.5966912358047709,84.41890166028097,,
22,0.545942734027731,85.56832694763729,,
23,0.5709066392894296,82.75862068965517,,
24,0.5405508252776597,84.16347381864624,,
25,0.5374155816827849,86.97318007662835,0.5254266415616028,87.02290076335878
26,0.5411438382067747,85.56832694763729,,
27,0.4977661386075148,86.97318007662835,,
28,0.500564770908648,86.59003831417624,,
29,0.49946071354060945,87.86717752234993,,
30,0.48429565053637763,87.10089399744572,,
31,0.44405820116990674,88.25031928480205,,
32,0.4754564496825329,87.10089399744572,,
33,0.4522364309692748,87.73946360153256,,
34,0.43086597745902694,88.88888888888889,,
35,0.4261622304812854,88.50574712643679,,
36,0.421518229052786,87.86717752234993,,
37,0.4305583746344955,88.50574712643679,,
38,0.4103886824990902,89.272030651341,,
39,0.38886535152469404,90.67688378033206,,
40,0.3668187070509483,90.16602809706258,,
41,0.37972316772012116,90.54916985951469,,
42,0.3812924103566361,89.39974457215837,,
43,0.39963172802447056,89.65517241379311,,
44,0.35772186323600713,89.52745849297574,,
45,0.3459239442229728,91.06002554278416,,
46,0.32892297990477404,92.20945083014048,,
47,0.3301710561774243,90.80459770114942,,
48,0.3442567049086779,91.3154533844189,,
49,0.33489415827914976,91.82630906768838,,
50,0.31789058629580386,92.33716475095785,0.45049709951832095,87.40458015267176
