epoch,train_loss,train_acc,test_loss,test_acc
1,0.6983637886301952,54.83405483405483,0.6862438847492267,55.84415584415584
2,0.6875611792223106,55.98845598845599,,
3,0.6889885540132399,55.98845598845599,,
4,0.6869843692490549,55.98845598845599,,
5,0.6873345140254858,55.98845598845599,,
6,0.6866796047656567,55.98845598845599,,
7,0.6885253903153655,55.98845598845599,,
8,0.686677646843386,55.98845598845599,,
9,0.6857110929351521,55.98845598845599,,
10,0.6864253089885519,55.98845598845599,,
11,0.6878875450138405,55.98845598845599,,
12,0.6859312805778537,55.98845598845599,,
13,0.6863276807088701,55.98845598845599,,
14,0.6856454559218832,55.98845598845599,,
15,0.686127603398085,55.98845598845599,,
16,0.68540693112094,55.98845598845599,,
17,0.686451977465576,55.98845598845599,,
18,0.6869636704395343,55.98845598845599,,
19,0.6851061211003886,55.98845598845599,,
20,0.6847770775723423,55.98845598845599,,
21,0.6867603611464452,55.98845598845599,,
22,0.6863143964419289,55.98845598845599,,
23,0.6862890101098394,55.98845598845599,,
24,0.6858163528456145,55.98845598845599,,
25,0.6868255208925079,55.98845598845599,0.6859436716352191,55.84415584415584
26,0.6860470357223335,55.98845598845599,,
27,0.6866143369055414,55.98845598845599,,
28,0.6859938186656517,55.98845598845599,,
29,0.6855011469702011,55.98845598845599,,
30,0.6855325864851045,55.98845598845599,,
31,0.6841510357966842,55.98845598845599,,
32,0.6847075223062633,55.98845598845599,,
33,0.6838618320820136,55.98845598845599,,
34,0.6856977745224043,55.98845598845599,,
35,0.6843211698153663,55.98845598845599,,
36,0.6852345677337262,55.98845598845599,,
37,0.6847714120347435,55.98845598845599,,
38,0.6843482017689109,55.98845598845599,,
39,0.6845718328914945,55.98845598845599,,
40,0.6848746607829999,55.98845598845599,,
41,0.6845386890105871,55.98845598845599,,
42,0.6835362856178229,55.98845598845599,,
43,0.6827306006033871,55.98845598845599,,
44,0.6835977647555683,55.98845598845599,,
45,0.6839734453487534,55.98845598845599,,
46,0.6835842834406601,55.98845598845599,,
47,0.6810639374183886,55.98845598845599,,
48,0.6822861256709518,55.98845598845599,,
49,0.682424112487837,55.98845598845599,,
50,0.6814215363878192,55.98845598845599,0.6842418560734043,55.84415584415584
51,0.6790721848241522,55.98845598845599,,
52,0.6815165016386244,55.98845598845599,,
53,0.6777582991690863,55.98845598845599,,
54,0.6755492066236113,55.98845598845599,,
55,0.6775030176360886,55.98845598845599,,
56,0.6759096220630244,55.98845598845599,,
57,0.6759723882482509,55.98845598845599,,
58,0.6737583548819692,55.98845598845599,,
59,0.6724068274745694,55.98845598845599,,
60,0.6746805483988697,55.98845598845599,,
61,0.6739966681853345,55.98845598845599,,
62,0.6706266490928022,55.98845598845599,,
63,0.6717638224578351,55.98845598845599,,
64,0.6693904529746305,55.98845598845599,,
65,0.6691421712459767,55.98845598845599,,
66,0.666893531921794,55.98845598845599,,
67,0.6684027560173519,55.98845598845599,,
68,0.6691610727131281,55.98845598845599,,
69,0.6668727652507083,55.98845598845599,,
70,0.6652599583456527,55.98845598845599,,
71,0.6627811465256486,55.98845598845599,,
72,0.66673682494597,55.98845598845599,,
73,0.664388446580796,55.98845598845599,,
74,0.655528431846982,55.84415584415584,,
75,0.6593186131115427,57.86435786435786,0.671970077923366,57.142857142857146
76,0.664179415757866,57.142857142857146,,
77,0.6569340634999681,56.132756132756136,,
78,0.6539711024166014,56.56565656565657,,
79,0.6542191801305113,58.874458874458874,,
80,0.6574776428946513,57.142857142857146,,
81,0.6541132410883388,58.58585858585859,,
82,0.6541622834976273,57.72005772005772,,
83,0.653185705601911,59.01875901875902,,
84,0.6527637115976683,59.307359307359306,,
85,0.6464429909274692,61.76046176046176,,
86,0.6432659486671547,59.16305916305916,,
87,0.6442352372502523,59.884559884559884,,
88,0.6414089317273612,60.75036075036075,,
89,0.6423253297461747,58.44155844155844,,
90,0.6403441615778991,61.03896103896104,,
91,0.630652490546349,62.04906204906205,,
92,0.6316998541613161,63.78066378066378,,
93,0.6377864793953614,62.33766233766234,,
94,0.6271285744112464,64.5021645021645,,
95,0.6355786429339157,61.61616161616162,,
96,0.625910222100317,65.22366522366522,,
97,0.6277479196523691,64.06926406926407,,
98,0.6162114454726292,64.64646464646465,,
99,0.6167892662305681,65.36796536796537,,
100,0.6175406096989631,64.21356421356421,0.6361727056565223,59.74025974025974
101,0.6152741876343456,64.21356421356421,,
102,0.6115100082724986,66.52236652236653,,
103,0.6100605669045689,64.21356421356421,,
104,0.6104155227563426,64.06926406926407,,
105,0.6033719886432994,65.36796536796537,,
106,0.5974606765813125,66.95526695526695,,
107,0.5991149307329418,68.3982683982684,,
108,0.6014617016649177,67.96536796536796,,
109,0.6076229654177271,67.0995670995671,,
110,0.588200228726881,69.11976911976912,,
111,0.6011794003057274,69.26406926406926,,
112,0.5882822737463281,68.97546897546897,,
113,0.6080239447852406,66.81096681096682,,
114,0.5860184463759693,70.85137085137085,,
115,0.5787658649261551,71.13997113997114,,
116,0.5914744836255413,69.98556998556998,,
117,0.582493574330301,70.56277056277057,,
118,0.5746808677352696,69.98556998556998,,
119,0.5823447405001818,69.40836940836941,,
120,0.5558836119085507,73.01587301587301,,
121,0.5701431352510768,70.99567099567099,,
122,0.5551844722608811,74.45887445887446,,
123,0.5611497430402307,73.3044733044733,,
124,0.565915508703752,72.2943722943723,,
125,0.562229671949604,73.16017316017316,0.5742143822180761,70.12987012987013
126,0.563710703908279,72.43867243867244,,
127,0.5448316369221841,75.03607503607503,,
128,0.5437274027782429,74.45887445887446,,
129,0.5355930057438937,73.44877344877345,,
130,0.5374389874814737,73.5930735930736,,
131,0.5627705736937805,73.5930735930736,,
132,0.5364800177697323,76.76767676767676,,
133,0.5283898048930697,76.47907647907648,,
134,0.5307542695455565,75.03607503607503,,
135,0.5327628396806263,74.17027417027417,,
136,0.5168875695393027,77.4891774891775,,
137,0.5252815157304078,74.17027417027417,,
138,0.5322303736708724,72.72727272727273,,
139,0.5099775199852292,75.75757575757575,,
140,0.5153737200631036,76.47907647907648,,
141,0.5016881230073574,75.32467532467533,,
142,0.5096449482148516,74.31457431457432,,
143,0.4895916427626754,76.33477633477634,,
144,0.4993859985346058,76.19047619047619,,
145,0.5089305763980871,76.33477633477634,,
146,0.4908211369277079,79.22077922077922,,
147,0.5080781001893301,75.61327561327562,,
148,0.49203487065275336,77.4891774891775,,
149,0.49622213715770713,75.9018759018759,,
150,0.4811834041862433,78.06637806637806,0.48086665048227684,81.81818181818181
151,0.4645721445351968,79.65367965367966,,
152,0.4889429073141079,77.77777777777777,,
153,0.4674326837664903,79.22077922077922,,
154,0.47501849852943145,78.06637806637806,,
155,0.47191385230288707,77.05627705627705,,
156,0.47566125583855107,78.78787878787878,,
157,0.4640320185545031,80.95238095238095,,
158,0.46485309003923536,80.23088023088023,,
159,0.46902110643717115,78.21067821067821,,
160,0.45151782053029554,80.08658008658008,,
161,0.4542035414026929,79.50937950937951,,
162,0.4778719667404417,79.94227994227994,,
163,0.45665699828410733,78.93217893217893,,
164,0.4497205867051734,79.79797979797979,,
165,0.4764889743593004,77.63347763347764,,
166,0.45123153641110375,79.36507936507937,,
167,0.4347602199295382,81.52958152958153,,
168,0.4488538945306087,80.66378066378067,,
169,0.42672037123601675,82.3953823953824,,
170,0.44406265927771643,80.8080808080808,,
171,0.43516000989195586,80.08658008658008,,
172,0.42530721438911573,81.52958152958153,,
173,0.44202987086377277,79.94227994227994,,
174,0.4493305723560493,81.24098124098124,,
175,0.4257360276205715,80.23088023088023,0.4478742108716593,80.51948051948052
176,0.4088518730059675,83.69408369408369,,
177,0.41391939974106406,82.97258297258297,,
178,0.4533544061073837,79.07647907647907,,
179,0.4336705839995182,80.8080808080808,,
180,0.41129263594725085,84.12698412698413,,
181,0.4225208540413459,82.53968253968254,,
182,0.420331331515553,80.51948051948052,,
183,0.42773696449067855,81.0966810966811,,
184,0.419375742002139,79.79797979797979,,
185,0.4467063421466822,81.67388167388168,,
186,0.43754483959375523,81.96248196248196,,
187,0.4238821274962432,81.0966810966811,,
188,0.41727906757962996,81.81818181818181,,
189,0.4362830760503056,80.95238095238095,,
190,0.41608971090715857,79.36507936507937,,
191,0.4069981247745723,83.26118326118326,,
192,0.3956740704320726,83.26118326118326,,
193,0.41796769999494454,83.11688311688312,,
194,0.43429306828958475,81.24098124098124,,
195,0.3942248606234574,82.68398268398268,,
196,0.399073687896756,82.53968253968254,,
197,0.4015393430020386,83.98268398268398,,
198,0.4019765179566663,83.26118326118326,,
199,0.41052236546685683,83.26118326118326,,
200,0.42240788203813295,81.0966810966811,0.4154598670346396,83.11688311688312
201,0.4058864177735509,82.68398268398268,,
202,0.43154467975594435,81.52958152958153,,
203,0.4093750218980412,81.24098124098124,,
204,0.4158268559718717,82.53968253968254,,
205,0.40212521270928103,82.68398268398268,,
206,0.3877732224794693,83.69408369408369,,
207,0.39857370800958225,81.52958152958153,,
208,0.40113100684738434,82.68398268398268,,
209,0.3743293682734172,84.27128427128427,,
210,0.38300029127112717,84.84848484848484,,
211,0.3850156097615092,84.55988455988457,,
212,0.3740304500767679,85.42568542568543,,
213,0.37809275552995963,83.69408369408369,,
214,0.38481664287751544,84.27128427128427,,
215,0.3893307311538322,84.55988455988457,,
216,0.38676472358717373,82.68398268398268,,
217,0.37503519224226045,84.55988455988457,,
218,0.35655302445781867,85.28138528138528,,
219,0.3873098635398292,83.40548340548341,,
220,0.38178448028550693,84.55988455988457,,
221,0.35283235442242755,86.58008658008659,,
222,0.3921880481219051,84.41558441558442,,
223,0.3818497162790698,83.83838383838383,,
224,0.3820251390273437,84.7041847041847,,
225,0.37975863886601996,84.27128427128427,0.4002710290543445,84.41558441558442
226,0.4182636550322584,81.24098124098124,,
227,0.3591690996680597,86.43578643578644,,
228,0.3686024474375176,84.99278499278499,,
229,0.34890476449743496,84.55988455988457,,
230,0.381983346796311,84.27128427128427,,
231,0.37299527410648947,83.54978354978356,,
232,0.3607681098610464,87.01298701298701,,
233,0.3622594860639063,84.84848484848484,,
234,0.35384890628497495,85.28138528138528,,
235,0.3795303689237969,84.41558441558442,,
236,0.3767653163119312,84.27128427128427,,
237,0.37886621047236013,85.13708513708514,,
238,0.34915674850882217,86.43578643578644,,
239,0.35798632135294906,86.72438672438672,,
240,0.36209565844026653,86.58008658008659,,
241,0.368497069908943,84.55988455988457,,
242,0.3532302351655038,84.84848484848484,,
243,0.3616888386776609,85.71428571428571,,
244,0.3358818217789456,86.58008658008659,,
245,0.34533462171344703,85.56998556998558,,
246,0.36192729290773684,84.7041847041847,,
247,0.3419553476559135,86.2914862914863,,
248,0.3353058025993482,86.14718614718615,,
249,0.33733402317306527,87.3015873015873,,
250,0.33800210219957094,86.43578643578644,0.3975111966009264,84.41558441558442
251,0.36684544954293047,83.69408369408369,,
252,0.3681889577603443,84.55988455988457,,
253,0.345383586821618,87.44588744588745,,
254,0.3339748903356417,87.3015873015873,,
255,0.3388864396174921,86.14718614718615,,
256,0.3514479307987301,85.42568542568543,,
257,0.3327629625539243,86.14718614718615,,
258,0.3136992992733808,89.17748917748918,,
259,0.3212005147686252,87.3015873015873,,
260,0.3381773167186313,86.72438672438672,,
261,0.31658583460174083,87.5901875901876,,
262,0.3324414404568734,86.14718614718615,,
263,0.3274319569269816,87.5901875901876,,
264,0.3531866886399009,86.58008658008659,,
265,0.31195712906629663,87.73448773448773,,
266,0.32701742911407616,87.01298701298701,,
267,0.32430294603324383,86.14718614718615,,
268,0.3329436037619565,88.16738816738817,,
269,0.3265381619269714,86.72438672438672,,
270,0.32930809766871244,87.5901875901876,,
271,0.3259423073236044,87.44588744588745,,
272,0.33701857928761847,85.85858585858585,,
273,0.29553268817596107,89.32178932178932,,
274,0.33273819725406806,86.2914862914863,,
275,0.3408931978423186,87.44588744588745,0.39905274378788935,87.01298701298701
276,0.31866469372918593,87.01298701298701,,
277,0.3078483575350278,88.45598845598846,,
278,0.3143227450323827,86.72438672438672,,
279,0.31476478779642786,87.44588744588745,,
280,0.3182960393667909,87.15728715728716,,
281,0.3045880546602508,87.3015873015873,,
282,0.3230411848335555,86.72438672438672,,
283,0.3060662706004937,88.88888888888889,,
284,0.32296100443747827,86.2914862914863,,
285,0.2981684999204473,89.03318903318903,,
286,0.3063563976280961,87.5901875901876,,
287,0.3131809616931761,87.5901875901876,,
288,0.31350376827892285,88.16738816738817,,
289,0.31159594001364055,88.45598845598846,,
290,0.30301682231746196,88.45598845598846,,
291,0.29525591113737654,88.16738816738817,,
292,0.3122083131455068,88.88888888888889,,
293,0.2750670965895336,89.32178932178932,,
294,0.28633876921122553,89.8989898989899,,
295,0.3066608195353036,88.02308802308802,,
296,0.2751364869752316,90.04329004329004,,
297,0.28124340203245307,88.88888888888889,,
298,0.2931559564059259,88.60028860028861,,
299,0.29584419381136845,88.88888888888889,,
300,0.29509338611820213,90.33189033189034,0.3785866433149808,83.11688311688312
301,0.3126584773111825,88.31168831168831,,
302,0.29675975231209184,87.5901875901876,,
303,0.28278799245367836,89.32178932178932,,
304,0.294814706235737,89.17748917748918,,
305,0.30161024563412303,87.01298701298701,,
306,0.30054716836838496,86.72438672438672,,
307,0.2916779974408308,90.33189033189034,,
308,0.30847868443739535,88.31168831168831,,
309,0.30509227043364473,89.32178932178932,,
310,0.28028383795145095,88.60028860028861,,
311,0.3137451983117438,88.31168831168831,,
312,0.28253648291418565,88.31168831168831,,
313,0.3140557272437675,87.3015873015873,,
314,0.31013960695541953,88.74458874458874,,
315,0.29141155762589854,90.18759018759019,,
316,0.2915939653418625,89.32178932178932,,
317,0.27892939873243994,88.60028860028861,,
318,0.2960833166154776,88.16738816738817,,
319,0.27428964705006215,88.45598845598846,,
320,0.307696184425643,89.32178932178932,,
321,0.29700186177765653,89.32178932178932,,
322,0.2715446199001516,89.75468975468975,,
323,0.27888595240800756,89.6103896103896,,
324,0.27431021857614296,88.74458874458874,,
325,0.2768836036259994,89.03318903318903,0.374684503906733,88.31168831168831
326,0.272278993504732,88.16738816738817,,
327,0.27319127953413763,89.75468975468975,,
328,0.26600302641869966,90.04329004329004,,
329,0.26194246339075494,89.8989898989899,,
330,0.2759102104395671,89.32178932178932,,
331,0.27970673773883914,88.31168831168831,,
332,0.27001001136471525,89.8989898989899,,
333,0.2647601840816019,90.18759018759019,,
334,0.2575771397283411,90.76479076479076,,
335,0.2625433118935959,89.8989898989899,,
336,0.2737526372505129,90.18759018759019,,
337,0.2801574897585493,89.32178932178932,,
338,0.2748150892910503,88.74458874458874,,
339,0.2790893388731999,89.03318903318903,,
340,0.26436624434087186,90.18759018759019,,
341,0.26023123274633897,90.18759018759019,,
342,0.2993761172026267,88.02308802308802,,
343,0.2651325285993785,88.88888888888889,,
344,0.27311319400909834,88.74458874458874,,
345,0.2613566436228298,90.33189033189034,,
346,0.25144285974220454,89.8989898989899,,
347,0.24151262526990358,90.47619047619048,,
348,0.2598797874189214,89.8989898989899,,
349,0.2606336645577721,89.17748917748918,,
350,0.2707320749329626,89.46608946608947,0.4048423763219412,88.31168831168831
351,0.22912539092321244,91.05339105339105,,
352,0.2683490988990617,89.46608946608947,,
353,0.2724124042674749,90.62049062049061,,
354,0.25854606167406574,90.47619047619048,,
355,0.2445931401840192,89.6103896103896,,
356,0.26027621267011325,89.17748917748918,,
357,0.2810097924107081,88.74458874458874,,
358,0.25180496217368487,90.33189033189034,,
359,0.26765085823436147,90.47619047619048,,
360,0.24563210931691257,91.34199134199135,,
361,0.24359709314174122,90.62049062049061,,
362,0.2244579555711361,91.34199134199135,,
363,0.2612575064231823,90.04329004329004,,
364,0.2498090739374037,89.6103896103896,,
365,0.2405856167104681,91.1976911976912,,
366,0.24187317791611257,90.18759018759019,,
367,0.23564068416152337,90.62049062049061,,
368,0.2481668239290064,90.04329004329004,,
369,0.27833350471517915,89.03318903318903,,
370,0.26723211165114397,89.46608946608947,,
371,0.2368355631656289,91.34199134199135,,
372,0.24954319851739065,91.05339105339105,,
373,0.23869895990964826,91.05339105339105,,
374,0.23115295960875645,90.9090909090909,,
375,0.24585969366595514,91.48629148629149,0.37302864642886374,84.41558441558442
376,0.23342578403361433,91.05339105339105,,
377,0.25189669908684226,90.9090909090909,,
378,0.2481379806672856,90.76479076479076,,
379,0.23548441187815922,91.05339105339105,,
380,0.24112714773304705,90.04329004329004,,
381,0.23518715378482966,91.1976911976912,,
382,0.26106813984343846,88.88888888888889,,
383,0.23061343799593817,90.9090909090909,,
384,0.23167642465057484,91.1976911976912,,
385,0.21248492649064263,91.91919191919192,,
386,0.22511674732528897,90.62049062049061,,
387,0.23022364800282544,92.20779220779221,,
388,0.25454040781244053,91.1976911976912,,
389,0.22975179759454933,91.91919191919192,,
390,0.24421368008224134,91.77489177489177,,
391,0.2508873257028076,90.47619047619048,,
392,0.23871699878663727,90.33189033189034,,
393,0.22908171872684965,91.05339105339105,,
394,0.24280188954065715,90.18759018759019,,
395,0.22694416243104534,92.20779220779221,,
396,0.23356022566427917,91.48629148629149,,
397,0.22776404212391566,91.48629148629149,,
398,0.2105256873377818,93.21789321789322,,
399,0.23435513939692346,90.47619047619048,,
400,0.22853763997124732,91.34199134199135,0.3858769187679538,85.71428571428571
401,0.2363351011517072,91.1976911976912,,
402,0.24356571876297436,90.33189033189034,,
403,0.22916305252225885,91.77489177489177,,
404,0.21853559473892312,91.05339105339105,,
405,0.22676685383653572,92.35209235209236,,
406,0.21987492998613078,92.06349206349206,,
407,0.21162231549255087,91.91919191919192,,
408,0.2228903854736174,91.91919191919192,,
409,0.22084393364096444,91.1976911976912,,
410,0.2298117627485146,91.77489177489177,,
411,0.22386401870205977,90.9090909090909,,
412,0.22948272206684814,90.33189033189034,,
413,0.21963825770270773,92.06349206349206,,
414,0.2046031496913574,92.78499278499278,,
415,0.22465577695792888,92.64069264069263,,
416,0.208627373044625,92.20779220779221,,
417,0.23920163620279464,90.62049062049061,,
418,0.23472151127986576,91.48629148629149,,
419,0.21300708504681293,92.35209235209236,,
420,0.1975155361776185,92.92929292929293,,
421,0.2298173402015437,92.35209235209236,,
422,0.23979315415433303,90.9090909090909,,
423,0.24014022518460024,91.63059163059162,,
424,0.20143189574732925,93.93939393939394,,
425,0.21736156577069693,90.76479076479076,0.41179592210751076,87.01298701298701
426,0.2259046156040002,91.91919191919192,,
427,0.21160798559629213,92.35209235209236,,
428,0.21655536656943922,92.20779220779221,,
429,0.20719619038344117,91.34199134199135,,
430,0.20390426953461607,92.35209235209236,,
431,0.20546826191278764,92.20779220779221,,
432,0.22471721696668717,91.63059163059162,,
433,0.21973831330198917,92.06349206349206,,
434,0.2573977992863194,91.91919191919192,,
435,0.20398310524066118,91.63059163059162,,
436,0.2194070006689812,91.48629148629149,,
437,0.22621206726346696,92.20779220779221,,
438,0.21909032843759738,91.05339105339105,,
439,0.2159036867116265,92.4963924963925,,
440,0.23294200575110888,90.9090909090909,,
441,0.20172050790955323,92.64069264069263,,
442,0.2074138666106681,92.20779220779221,,
443,0.20959189121341293,92.35209235209236,,
444,0.19877618540503073,91.91919191919192,,
445,0.20817282365723735,91.34199134199135,,
446,0.18946317794046016,93.36219336219337,,
447,0.20080101608283937,92.20779220779221,,
448,0.2058626108065054,92.4963924963925,,
449,0.21497871510652236,91.63059163059162,,
450,0.21863762427976122,91.1976911976912,0.4033593821835208,87.01298701298701
451,0.19093226839776162,93.93939393939394,,
452,0.20527617931688502,92.64069264069263,,
453,0.20356944894678836,91.91919191919192,,
454,0.19907292551636524,93.07359307359307,,
455,0.22340381288468236,91.48629148629149,,
456,0.2219931168903692,91.91919191919192,,
457,0.2135762003120062,91.1976911976912,,
458,0.20868098060634058,93.65079365079364,,
459,0.17958624716875013,93.79509379509379,,
460,0.19567915173664066,92.78499278499278,,
461,0.20106466147849741,92.35209235209236,,
462,0.2012719235679976,91.05339105339105,,
463,0.20367376325708447,92.78499278499278,,
464,0.1959636076252698,92.4963924963925,,
465,0.1906464984277626,92.92929292929293,,
466,0.1907947425546412,92.78499278499278,,
467,0.1782713770801887,94.08369408369408,,
468,0.20703332435775113,92.20779220779221,,
469,0.20239543811583416,92.64069264069263,,
470,0.18793384753662185,93.21789321789322,,
471,0.1783456260292733,94.37229437229438,,
472,0.21753825838603671,91.48629148629149,,
473,0.20697985970096672,92.64069264069263,,
474,0.20562552513412238,92.35209235209236,,
475,0.2020322343530765,92.64069264069263,0.4890458187112561,84.41558441558442
476,0.21265830734978505,92.35209235209236,,
477,0.21010683713451264,92.06349206349206,,
478,0.1766392258768646,93.79509379509379,,
479,0.2082491908195559,91.48629148629149,,
480,0.21280390935886817,91.91919191919192,,
481,0.1807926677309869,92.35209235209236,,
482,0.18574921139562972,93.65079365079364,,
483,0.20065985383495452,92.4963924963925,,
484,0.20606531674770737,91.63059163059162,,
485,0.21408770963399096,93.07359307359307,,
486,0.19301223810789045,92.78499278499278,,
487,0.19517170251877966,92.4963924963925,,
488,0.19488310368804188,92.64069264069263,,
489,0.20037522747532113,92.4963924963925,,
490,0.1869370068543057,91.91919191919192,,
491,0.20248034170695714,92.4963924963925,,
492,0.19006092199171432,92.64069264069263,,
493,0.1810784899397158,92.4963924963925,,
494,0.18125983886958286,93.79509379509379,,
495,0.20254836747527638,92.4963924963925,,
496,0.18808189201105552,93.07359307359307,,
497,0.18011038421423403,93.07359307359307,,
498,0.18275844034823505,92.92929292929293,,
499,0.1976809733873838,92.64069264069263,,
500,0.19491052937197995,93.93939393939394,0.42379722076577026,85.71428571428571
501,0.17484705358969443,93.07359307359307,,
502,0.17613666490644947,93.50649350649351,,
503,0.20509246219632257,92.06349206349206,,
504,0.18790287465330155,91.91919191919192,,
505,0.19313051873041265,92.06349206349206,,
506,0.18935311107236413,93.07359307359307,,
507,0.16499686509929867,94.51659451659452,,
508,0.18326011437702316,93.79509379509379,,
509,0.17360983223454088,94.08369408369408,,
510,0.19475310256813544,92.64069264069263,,
511,0.18128980859619542,93.79509379509379,,
512,0.20968902338978876,91.63059163059162,,
513,0.18205786844739666,93.93939393939394,,
514,0.20357385376390355,91.48629148629149,,
515,0.19232373062150304,93.50649350649351,,
516,0.20306186028588213,92.06349206349206,,
517,0.1856884832076008,93.65079365079364,,
518,0.17945203892510347,92.4963924963925,,
519,0.19298408945423012,92.64069264069263,,
520,0.16005608238398084,95.52669552669553,,
521,0.19831701536887308,92.92929292929293,,
522,0.18730925887952118,93.36219336219337,,
523,0.20192850331142867,93.79509379509379,,
524,0.19320649557987504,92.78499278499278,,
525,0.16840682607708554,94.51659451659452,0.453570720050242,83.11688311688312
526,0.19772753669930054,93.07359307359307,,
527,0.1960570899095026,91.91919191919192,,
528,0.17371241453750136,94.51659451659452,,
529,0.15667490246685553,93.79509379509379,,
530,0.16279205013319184,94.51659451659452,,
531,0.17810145485474263,92.20779220779221,,
532,0.17167376326921183,93.36219336219337,,
533,0.17957834267255032,93.79509379509379,,
534,0.16636393644980021,93.36219336219337,,
535,0.19463295449770202,92.35209235209236,,
536,0.16537401275400174,93.79509379509379,,
537,0.18368104865712692,93.93939393939394,,
538,0.17436395775833172,94.08369408369408,,
539,0.18126489348913857,93.50649350649351,,
540,0.1700512616966366,93.07359307359307,,
541,0.1821303420510643,93.65079365079364,,
542,0.16613132350716583,94.51659451659452,,
543,0.17531070366910353,93.93939393939394,,
544,0.17639970416028433,93.21789321789322,,
545,0.19843346777158383,93.65079365079364,,
546,0.20658505457476276,93.21789321789322,,
547,0.19852644798559543,92.20779220779221,,
548,0.17073199809844702,93.36219336219337,,
549,0.18899260818807764,92.35209235209236,,
550,0.15262102376546008,94.94949494949495,0.44368686691507114,83.11688311688312
551,0.16105589132976394,94.94949494949495,,
552,0.16500146500900667,94.66089466089466,,
553,0.16627122456420207,94.37229437229438,,
554,0.15957245692976282,94.22799422799423,,
555,0.1743230407501196,93.93939393939394,,
556,0.17217554364885604,94.37229437229438,,
557,0.1697263371301506,94.51659451659452,,
558,0.18268624649075374,93.21789321789322,,
559,0.16924912152438282,93.79509379509379,,
560,0.17371484865185846,93.93939393939394,,
561,0.1681735089416972,93.36219336219337,,
562,0.16801981749429676,94.08369408369408,,
563,0.1770150526379696,94.22799422799423,,
564,0.16632042522038215,93.93939393939394,,
565,0.18669809962247874,92.78499278499278,,
566,0.1638864679033579,94.37229437229438,,
567,0.17459815737359968,93.36219336219337,,
568,0.1721688410936496,94.66089466089466,,
569,0.137512169939615,94.66089466089466,,
570,0.17252188881732858,93.79509379509379,,
571,0.16060392043592267,94.22799422799423,,
572,0.1773975072442023,93.93939393939394,,
573,0.17057752486689265,93.21789321789322,,
574,0.19895939894482859,92.92929292929293,,
575,0.15584692279008602,95.23809523809524,0.5230404070832513,83.11688311688312
576,0.1650146079957915,94.08369408369408,,
577,0.18024914099970593,93.36219336219337,,
578,0.1583658338754208,94.94949494949495,,
579,0.15662333726194858,94.22799422799423,,
580,0.16603899218510262,93.79509379509379,,
581,0.15009176696705784,94.22799422799423,,
582,0.16933823485481103,93.65079365079364,,
583,0.1600389988047392,93.79509379509379,,
584,0.2036122925697811,92.92929292929293,,
585,0.15002334087786048,94.94949494949495,,
586,0.173141561878622,93.50649350649351,,
587,0.16729697516298225,94.08369408369408,,
588,0.16338579956049698,93.79509379509379,,
589,0.1570231110384368,94.51659451659452,,
590,0.1543440915547408,95.0937950937951,,
591,0.15596135453056292,93.50649350649351,,
592,0.1811029039656617,93.21789321789322,,
593,0.167499831486574,92.92929292929293,,
594,0.1518927269855791,95.0937950937951,,
595,0.1680560050502656,94.22799422799423,,
596,0.14926413334852345,95.67099567099567,,
597,0.15589475081252502,94.94949494949495,,
598,0.18465540664536612,94.37229437229438,,
599,0.14899179426493583,94.8051948051948,,
600,0.14110899285492615,94.08369408369408,0.48706318786391967,83.11688311688312
601,0.14920594154562786,94.8051948051948,,
602,0.14681261820345043,95.38239538239539,,
603,0.17479494410536076,93.07359307359307,,
604,0.16237202536148082,93.79509379509379,,
605,0.18570005548593801,93.07359307359307,,
606,0.1678572403748142,93.50649350649351,,
607,0.1397516153441019,94.94949494949495,,
608,0.14015598219925535,94.8051948051948,,
609,0.16333577118566714,94.08369408369408,,
610,0.1585230128933685,94.37229437229438,,
611,0.13787394293286928,95.67099567099567,,
612,0.1479247055872522,94.8051948051948,,
613,0.14725205726910806,95.81529581529581,,
614,0.15239671811267927,94.22799422799423,,
615,0.17341330595862814,92.92929292929293,,
616,0.15328293866753406,94.08369408369408,,
617,0.19843272100945916,93.36219336219337,,
618,0.140460276664443,95.38239538239539,,
619,0.15673989919787018,95.0937950937951,,
620,0.14722808170929272,95.52669552669553,,
621,0.14652166925343815,95.0937950937951,,
622,0.15120126934880646,94.66089466089466,,
623,0.13412218601651177,94.94949494949495,,
624,0.1549942357489815,94.66089466089466,,
625,0.17236642867950305,93.79509379509379,0.5336112935434688,84.41558441558442
626,0.16538008800230672,94.66089466089466,,
627,0.15297231249091944,95.0937950937951,,
628,0.1380082391428225,94.66089466089466,,
629,0.15239991866922997,94.66089466089466,,
630,0.17318117248450782,93.50649350649351,,
631,0.14161313457944005,95.0937950937951,,
632,0.18016378450359272,93.65079365079364,,
633,0.14780797960954312,94.37229437229438,,
634,0.13786354721194566,95.23809523809524,,
635,0.14823831960257858,94.37229437229438,,
636,0.1596982759943643,92.92929292929293,,
637,0.14693243528513336,95.52669552669553,,
638,0.13501247102435018,94.22799422799423,,
639,0.1156920993117371,96.3924963924964,,
640,0.1492396624272348,95.67099567099567,,
641,0.14911094750848855,95.67099567099567,,
642,0.15598034923210805,93.79509379509379,,
643,0.15484049715757542,95.23809523809524,,
644,0.15284225143610486,94.94949494949495,,
645,0.1444462901801086,94.94949494949495,,
646,0.13532543641449224,95.0937950937951,,
647,0.15240712471381582,94.51659451659452,,
648,0.1463578993623907,94.94949494949495,,
649,0.14554174709124396,94.22799422799423,,
650,0.15831949362937162,94.22799422799423,0.5066308448841046,81.81818181818181
651,0.1704061743393433,93.21789321789322,,
652,0.1657423173086812,94.22799422799423,,
653,0.15329639342698184,94.66089466089466,,
654,0.2135289189167869,93.21789321789322,,
655,0.14449843377261967,94.66089466089466,,
656,0.13579298104300644,95.52669552669553,,
657,0.15105073822697176,93.21789321789322,,
658,0.14166848465778784,96.24819624819625,,
659,0.13979562070935664,95.81529581529581,,
660,0.15552001981357647,93.93939393939394,,
661,0.1606282547954873,93.93939393939394,,
662,0.14949150678055284,94.94949494949495,,
663,0.14043566814662747,95.0937950937951,,
664,0.15484035969812632,93.36219336219337,,
665,0.13261955466879394,95.23809523809524,,
666,0.13612896424327126,95.0937950937951,,
667,0.13511863777317035,94.8051948051948,,
668,0.13737817897231547,95.38239538239539,,
669,0.16662271378876328,95.23809523809524,,
670,0.1595782952821272,94.08369408369408,,
671,0.1403891814047468,94.8051948051948,,
672,0.1510723815937923,94.8051948051948,,
673,0.1442829357865999,95.52669552669553,,
674,0.13193441989789967,95.38239538239539,,
675,0.13344043868487704,95.95959595959596,0.5054256730265432,81.81818181818181
676,0.14344113052407384,94.94949494949495,,
677,0.14643465999572997,94.8051948051948,,
678,0.13304239983467483,94.8051948051948,,
679,0.14102252310445643,95.81529581529581,,
680,0.13408720375053465,94.8051948051948,,
681,0.12904989654883678,95.52669552669553,,
682,0.12483522577633245,96.24819624819625,,
683,0.13948087266298256,95.0937950937951,,
684,0.15403789206586702,93.79509379509379,,
685,0.1356911137404423,95.52669552669553,,
686,0.1474602808812996,94.94949494949495,,
687,0.11991104347064209,96.68109668109668,,
688,0.14652228611286242,95.67099567099567,,
689,0.1337729219836418,95.67099567099567,,
690,0.1464039378572379,93.50649350649351,,
691,0.15398651036779257,94.94949494949495,,
692,0.15736610144591778,95.0937950937951,,
693,0.11813655886987243,96.68109668109668,,
694,0.13365447086861296,95.95959595959596,,
695,0.1475417236992377,94.8051948051948,,
696,0.14235631262945364,94.66089466089466,,
697,0.1372524763351309,94.51659451659452,,
698,0.12675015359423505,96.3924963924964,,
699,0.14475021166202826,93.93939393939394,,
700,0.12065966098339527,96.53679653679653,0.49513073236524285,87.01298701298701
701,0.13628698539252232,94.8051948051948,,
702,0.13276618609438726,95.52669552669553,,
703,0.15278144957011225,95.67099567099567,,
704,0.1456918730783514,94.8051948051948,,
705,0.14882040794127088,95.52669552669553,,
706,0.11512090880719442,95.52669552669553,,
707,0.1439229247696472,94.94949494949495,,
708,0.13540592839643037,95.38239538239539,,
709,0.13641437489275982,95.95959595959596,,
710,0.13636972353098883,94.51659451659452,,
711,0.11681138064233858,95.52669552669553,,
712,0.1480633866950375,94.51659451659452,,
713,0.11931429736713998,95.38239538239539,,
714,0.13255904479460281,95.95959595959596,,
715,0.13259834031780043,94.66089466089466,,
716,0.15812938584049716,94.22799422799423,,
717,0.11524113963262687,96.24819624819625,,
718,0.13359828767451373,94.94949494949495,,
719,0.12552108975801976,95.38239538239539,,
720,0.15775306033129127,94.08369408369408,,
721,0.12704112102286985,95.81529581529581,,
722,0.12017047984732522,95.81529581529581,,
723,0.12132601403398775,95.67099567099567,,
724,0.1223012912066984,94.94949494949495,,
725,0.1290876551236941,94.37229437229438,0.6171474729652529,83.11688311688312
726,0.14504488686591516,95.38239538239539,,
727,0.13136530862140106,95.52669552669553,,
728,0.13021685494833007,96.1038961038961,,
729,0.1402272691400547,94.22799422799423,,
730,0.12571672387797422,95.81529581529581,,
731,0.14236353017379022,95.23809523809524,,
732,0.1366047832313898,95.52669552669553,,
733,0.13711757974465302,95.38239538239539,,
734,0.12685140316115226,95.81529581529581,,
735,0.1418512859697552,94.8051948051948,,
736,0.1408998720552154,96.24819624819625,,
737,0.1318868232667876,95.38239538239539,,
738,0.12781426222379416,95.38239538239539,,
739,0.12298746217810919,95.38239538239539,,
740,0.11449499299795425,95.81529581529581,,
741,0.12019231808902682,95.38239538239539,,
742,0.1195076514804174,96.1038961038961,,
743,0.13529220760986746,95.23809523809524,,
744,0.11249123955572839,95.67099567099567,,
745,0.14315268113230817,94.37229437229438,,
746,0.12143627715446216,96.3924963924964,,
747,0.12615031526191495,95.67099567099567,,
748,0.15193787630523783,95.38239538239539,,
749,0.11254776102553886,95.81529581529581,,
750,0.13472084281764504,95.0937950937951,0.6460157787645018,81.81818181818181
751,0.1108888683176746,96.3924963924964,,
752,0.1178132143049013,95.52669552669553,,
753,0.1532422886438356,94.22799422799423,,
754,0.12993560554016204,95.52669552669553,,
755,0.1471387246384421,94.66089466089466,,
756,0.13389154160220557,95.81529581529581,,
757,0.1426290183356314,95.0937950937951,,
758,0.13532576920709224,94.66089466089466,,
759,0.13236361813515124,95.23809523809524,,
760,0.15091244224862102,95.38239538239539,,
761,0.1438042205875312,95.52669552669553,,
762,0.11485181715538319,95.38239538239539,,
763,0.13424045009025162,95.52669552669553,,
764,0.12912056388680837,95.52669552669553,,
765,0.12229039915131801,96.1038961038961,,
766,0.11745244002273417,95.67099567099567,,
767,0.11827642968378714,96.24819624819625,,
768,0.11993186463955333,95.81529581529581,,
769,0.12611977173308445,94.51659451659452,,
770,0.11597665819684837,96.82539682539682,,
771,0.13307535428752718,95.0937950937951,,
772,0.1082129090793248,96.53679653679653,,
773,0.12494630146164226,95.38239538239539,,
774,0.10602977721378057,96.82539682539682,,
775,0.13745690893494722,95.23809523809524,0.5869143200772149,84.41558441558442
776,0.1116085269879469,95.95959595959596,,
777,0.13340950676362323,95.81529581529581,,
778,0.12905792306173286,93.93939393939394,,
779,0.12106376129483419,95.38239538239539,,
780,0.10865191962639835,96.3924963924964,,
781,0.1231343165029265,95.67099567099567,,
782,0.1174908010302512,96.3924963924964,,
783,0.12921102775037718,94.8051948051948,,
784,0.08758053180330243,97.25829725829726,,
785,0.13082260725291348,95.52669552669553,,
786,0.11401391738937014,95.95959595959596,,
787,0.11203307293430724,96.1038961038961,,
788,0.10936498549776245,96.24819624819625,,
789,0.12305421002671488,95.23809523809524,,
790,0.10617179569786933,96.1038961038961,,
791,0.13856113972988995,94.66089466089466,,
792,0.14412945465952115,95.81529581529581,,
793,0.11311129857967427,96.68109668109668,,
794,0.11250436615634274,95.38239538239539,,
795,0.11850267403569573,96.3924963924964,,
796,0.11215992120308277,95.95959595959596,,
797,0.11925638875618985,95.38239538239539,,
798,0.11849931850061789,95.95959595959596,,
799,0.11912053323002776,95.67099567099567,,
800,0.11454089610564588,95.23809523809524,0.5550840034500345,83.11688311688312
801,0.13193453730098784,95.95959595959596,,
802,0.11918225484492975,96.3924963924964,,
803,0.11009551326691847,95.67099567099567,,
804,0.12729032816093894,95.23809523809524,,
805,0.11870928189326159,95.95959595959596,,
806,0.12283944267064634,95.38239538239539,,
807,0.11206173178609488,95.23809523809524,,
808,0.11271807143913547,96.3924963924964,,
809,0.13669887192664576,95.52669552669553,,
810,0.1041574953997462,96.96969696969697,,
811,0.12404121828371656,95.81529581529581,,
812,0.09447522689339746,96.68109668109668,,
813,0.11755076182191763,95.81529581529581,,
814,0.11834999110447551,95.81529581529581,,
815,0.10435936601044984,96.68109668109668,,
816,0.11572080173006907,96.53679653679653,,
817,0.12200721050108666,94.51659451659452,,
818,0.12675195887367663,95.67099567099567,,
819,0.10928251336813834,96.3924963924964,,
820,0.11678235536551407,95.81529581529581,,
821,0.10720941856567993,96.96969696969697,,
822,0.1072297938393824,95.95959595959596,,
823,0.11671509867611987,95.95959595959596,,
824,0.12448888660165311,95.23809523809524,,
825,0.1243665057837877,95.38239538239539,0.5824476149562118,84.41558441558442
826,0.10569529256865404,95.95959595959596,,
827,0.10641957273300937,96.24819624819625,,
828,0.12082709812372386,94.51659451659452,,
829,0.11688426603034978,96.53679653679653,,
830,0.12784725453968,95.81529581529581,,
831,0.10479046738724,96.53679653679653,,
832,0.11303391050773137,95.52669552669553,,
833,0.13248624997737604,94.37229437229438,,
834,0.10569435715524837,96.3924963924964,,
835,0.10563833600858934,95.95959595959596,,
836,0.10662184416989744,95.81529581529581,,
837,0.10329009221616761,96.3924963924964,,
838,0.09813173714632768,96.24819624819625,,
839,0.08845421701701947,97.11399711399712,,
840,0.10074680460909917,95.95959595959596,,
841,0.1366574078278205,95.81529581529581,,
842,0.11551999016886666,95.52669552669553,,
843,0.1055105926057735,95.52669552669553,,
844,0.11085654845431683,95.81529581529581,,
845,0.09810167172598461,97.25829725829726,,
846,0.11404848826611025,96.1038961038961,,
847,0.09857489727706276,96.53679653679653,,
848,0.11237165459779778,96.53679653679653,,
849,0.1154648300588217,96.1038961038961,,
850,0.09573746427442088,97.40259740259741,0.6469890389156032,85.71428571428571
851,0.14060130347679187,93.93939393939394,,
852,0.09881563479293132,96.24819624819625,,
853,0.10817036488527515,96.82539682539682,,
854,0.10894461688726689,96.53679653679653,,
855,0.10181868341879068,96.1038961038961,,
856,0.10668520616504537,96.24819624819625,,
857,0.11343118002232364,96.1038961038961,,
858,0.11355974792918086,96.1038961038961,,
859,0.1156458668410778,96.3924963924964,,
860,0.10130077003787606,96.68109668109668,,
861,0.09151899184585478,96.96969696969697,,
862,0.10218479855639206,96.24819624819625,,
863,0.11145531397963328,96.3924963924964,,
864,0.11504670361011231,96.3924963924964,,
865,0.108166541448629,95.95959595959596,,
866,0.13714198997139415,95.0937950937951,,
867,0.10291333244992541,96.96969696969697,,
868,0.11798509607067356,96.68109668109668,,
869,0.08640542004961645,97.25829725829726,,
870,0.15003497284550815,94.66089466089466,,
871,0.09798645270077182,96.53679653679653,,
872,0.0835993480888796,97.11399711399712,,
873,0.07972243819439523,97.25829725829726,,
874,0.12026216395328314,95.67099567099567,,
875,0.11806601430538069,95.67099567099567,0.6156372362143033,85.71428571428571
876,0.1180601700156669,95.67099567099567,,
877,0.1323789330589092,95.81529581529581,,
878,0.10110445460371813,96.1038961038961,,
879,0.13022631799337195,95.38239538239539,,
880,0.10916093220291888,96.3924963924964,,
881,0.11599267497766241,95.95959595959596,,
882,0.10901579313506984,95.81529581529581,,
883,0.11930852375849328,96.1038961038961,,
884,0.1014097219609896,96.24819624819625,,
885,0.11447841491050277,95.23809523809524,,
886,0.10340742936188524,96.24819624819625,,
887,0.10275567759468097,95.95959595959596,,
888,0.08673935428982087,96.3924963924964,,
889,0.10726180416968628,95.81529581529581,,
890,0.11753976484827837,96.53679653679653,,
891,0.10132701909989333,96.3924963924964,,
892,0.12348247630169554,94.94949494949495,,
893,0.08914831710756255,96.96969696969697,,
894,0.0873012783766481,96.82539682539682,,
895,0.10350913117931347,96.1038961038961,,
896,0.10396247427012842,95.81529581529581,,
897,0.09774055806610836,96.96969696969697,,
898,0.12149170090539803,95.81529581529581,,
899,0.10114565289553798,96.96969696969697,,
900,0.11446195322359021,96.1038961038961,0.6289156681144392,83.11688311688312
901,0.09767803364845926,96.68109668109668,,
902,0.08729600817137122,97.83549783549783,,
903,0.11685504714862953,95.81529581529581,,
904,0.106436090250896,96.3924963924964,,
905,0.09606831593903972,96.1038961038961,,
906,0.110390841826517,96.53679653679653,,
907,0.11272359376001839,95.81529581529581,,
908,0.11651840701720759,95.52669552669553,,
909,0.11901020466969557,95.81529581529581,,
910,0.08906716822201727,96.82539682539682,,
911,0.11084378794545219,95.67099567099567,,
912,0.08659363586407204,97.11399711399712,,
913,0.10334085905319684,95.67099567099567,,
914,0.12958107269429542,94.94949494949495,,
915,0.12229915442748847,94.66089466089466,,
916,0.07678914487544679,97.69119769119769,,
917,0.08718297553139848,97.11399711399712,,
918,0.10859602140894356,95.81529581529581,,
919,0.10772542216281526,95.95959595959596,,
920,0.12941443056814253,95.23809523809524,,
921,0.14093731479748847,95.38239538239539,,
922,0.09073677902011816,96.96969696969697,,
923,0.1157532830441755,95.81529581529581,,
924,0.0883666526682105,96.96969696969697,,
925,0.10541884535533869,97.25829725829726,0.7215286717786418,83.11688311688312
926,0.09198325270354146,96.53679653679653,,
927,0.10503929869028569,95.95959595959596,,
928,0.10474864760088543,96.96969696969697,,
929,0.1112472050451011,96.3924963924964,,
930,0.10844249425598382,96.3924963924964,,
931,0.10339337398135473,96.53679653679653,,
932,0.10905863611299066,95.38239538239539,,
933,0.11060680870455925,96.53679653679653,,
934,0.09810493078518223,96.68109668109668,,
935,0.11226341411643385,96.3924963924964,,
936,0.10087121112479104,96.24819624819625,,
937,0.10397795833174199,96.82539682539682,,
938,0.10428928454846015,95.95959595959596,,
939,0.10047168449954295,96.96969696969697,,
940,0.11882473511183245,95.23809523809524,,
941,0.08619044866267737,97.54689754689754,,
942,0.09010067281365652,96.24819624819625,,
943,0.10279965353793698,97.11399711399712,,
944,0.08897382408262246,96.53679653679653,,
945,0.10055099139299141,96.68109668109668,,
946,0.1405398373479967,95.67099567099567,,
947,0.10763330668383002,96.53679653679653,,
948,0.09701510356446193,96.53679653679653,,
949,0.10074882918880099,96.68109668109668,,
950,0.08926441018371527,96.68109668109668,0.7428599270907316,83.11688311688312
951,0.09832576994514053,97.11399711399712,,
952,0.08568437945119187,97.40259740259741,,
953,0.11687222417728897,96.53679653679653,,
954,0.11618511930570372,96.24819624819625,,
955,0.12629284231549245,96.24819624819625,,
956,0.08668148049393945,97.54689754689754,,
957,0.10056422163784762,95.81529581529581,,
958,0.08394807486823111,97.54689754689754,,
959,0.09404403820612386,96.82539682539682,,
960,0.08610955754786859,96.68109668109668,,
961,0.08781375893771992,96.68109668109668,,
962,0.09302449762125058,96.68109668109668,,
963,0.07759432023737854,97.69119769119769,,
964,0.09322669091506781,96.96969696969697,,
965,0.0955448696983798,96.24819624819625,,
966,0.07547052863388609,98.12409812409813,,
967,0.1014834451536187,96.96969696969697,,
968,0.10478483947077269,95.23809523809524,,
969,0.10080698360440363,96.24819624819625,,
970,0.08687001874221524,96.53679653679653,,
971,0.10059433807800343,96.53679653679653,,
972,0.08460206721477952,97.83549783549783,,
973,0.09039814140201476,95.95959595959596,,
974,0.10556010387751877,96.3924963924964,,
975,0.09911389446791805,96.53679653679653,0.7898368293588812,84.41558441558442
976,0.09295989555531164,96.24819624819625,,
977,0.13412582037854848,95.95959595959596,,
978,0.10582235413583325,95.38239538239539,,
979,0.1062480631576042,95.67099567099567,,
980,0.09233060687199815,96.53679653679653,,
981,0.08757700127634135,97.69119769119769,,
982,0.10479577233232719,96.1038961038961,,
983,0.09958335286890617,96.96969696969697,,
984,0.10904527006974554,95.81529581529581,,
985,0.09343038419796447,95.67099567099567,,
986,0.12446525396475458,95.95959595959596,,
987,0.09410896032919615,97.54689754689754,,
988,0.06932806903644213,98.26839826839827,,
989,0.08630105993383891,96.82539682539682,,
990,0.10771963501303398,96.53679653679653,,
991,0.08341060960625028,97.97979797979798,,
992,0.09016607415460555,96.68109668109668,,
993,0.07627862323113162,97.83549783549783,,
994,0.09788089313021556,96.53679653679653,,
995,0.08255433933043377,97.83549783549783,,
996,0.1032341859406895,95.81529581529581,,
997,0.10369809213783834,96.68109668109668,,
998,0.1046745041533122,96.3924963924964,,
999,0.10680024119290224,95.95959595959596,,
1000,0.14112415088375582,96.1038961038961,0.8101247252968998,84.41558441558442
