epoch,train_loss,train_acc,test_loss,test_acc
1,2.2669773266233246,15.708812260536398,2.262924578353649,30.916030534351144
2,2.050223206651622,34.73818646232439,,
3,1.8570876922339468,41.63473818646232,,
4,1.675551183531263,46.61558109833972,,
5,1.5197610495799956,55.04469987228608,,
6,1.4440074495276576,58.23754789272031,,
7,1.3452378018149014,61.17496807151979,,
8,1.2325019524319722,65.13409961685824,,
9,1.1716992233904842,66.79438058748404,,
10,1.1201092537640003,68.45466155810983,,
11,1.0687134263615956,69.60408684546616,,
12,1.0185740124220135,72.03065134099617,,
13,0.9482788585916181,76.50063856960409,,
14,0.9100868319795201,74.84035759897829,,
15,0.8811285382334147,75.98978288633461,,
16,0.8405254750416197,75.98978288633461,,
17,0.8230649230580677,76.62835249042146,,
18,0.7764721011902332,77.90549169859514,,
19,0.7689256070521904,78.67177522349937,,
20,0.724761843871644,79.82120051085569,,
21,0.6911077395861785,81.48148148148148,,
22,0.6725051773005518,81.35376756066411,,
23,0.6315463009465243,82.50319284802043,,
24,0.6568614385289403,81.48148148148148,,
25,0.6256447719126977,83.65261813537676,0.6269525117774046,85.1145038167939
26,0.6242896762235259,83.14176245210729,,
27,0.575846194459713,85.05747126436782,,
28,0.5778215364630347,84.67432950191571,,
29,0.5518011151602442,85.05747126436782,,
30,0.5320193674677024,86.46232439335887,,
31,0.5278296158916649,85.69604086845466,,
32,0.5150831053235674,86.07918263090677,,
33,0.5319756223780899,85.82375478927203,,
34,0.4768616444077985,86.59003831417624,,
35,0.4646518422269273,87.73946360153256,,
36,0.4678369415674173,86.07918263090677,,
37,0.44804717153120466,87.73946360153256,,
38,0.44903123306436404,88.88888888888889,,
39,0.4487429112386277,87.9948914431673,,
40,0.4429297328071424,87.86717752234993,,
41,0.44746035558206065,87.9948914431673,,
42,0.4190485526166504,88.50574712643679,,
43,0.4094636698335523,89.272030651341,,
44,0.4111120430598009,88.37803320561942,,
45,0.3850928484670352,89.01660280970626,,
46,0.38274213804900264,89.39974457215837,,
47,0.37382930197478254,90.80459770114942,,
48,0.338238295143896,90.67688378033206,,
49,0.36500434065535,90.03831417624521,,
50,0.3476185047306777,91.06002554278416,0.4707111157192529,88.54961832061069
