epoch,train_loss,train_acc,test_loss,test_acc
1,0.6847544751126012,55.98845598845599,0.69063798483316,55.84415584415584
2,0.6891869066597579,55.84415584415584,,
3,0.6875627240405282,55.98845598845599,,
4,0.6879164860362098,55.98845598845599,,
5,0.6868691617276246,55.98845598845599,,
6,0.6866567799711296,55.98845598845599,,
7,0.6867572193021898,55.98845598845599,,
8,0.686356888877021,55.98845598845599,,
9,0.6861606402830644,55.98845598845599,,
10,0.6850952990299352,55.98845598845599,,
11,0.6856714375263341,55.98845598845599,,
12,0.6860939568771428,55.98845598845599,,
13,0.6852149481725212,55.98845598845599,,
14,0.687135543830123,55.98845598845599,,
15,0.6862841170243542,55.98845598845599,,
16,0.6846066509490405,55.98845598845599,,
17,0.6856825787783701,55.98845598845599,,
18,0.684145839699419,55.98845598845599,,
19,0.6853049248671979,55.98845598845599,,
20,0.6847939173036496,55.98845598845599,,
21,0.6844712943053692,55.98845598845599,,
22,0.6836989732703778,55.98845598845599,,
23,0.684986251601237,55.98845598845599,,
24,0.6847836030338061,55.98845598845599,,
25,0.6840708216203412,55.98845598845599,0.6844392024077378,55.84415584415584
26,0.6818168137496684,55.98845598845599,,
27,0.6812889756578387,55.98845598845599,,
28,0.6803380859018576,55.98845598845599,,
29,0.68111045484419,55.98845598845599,,
30,0.6782940221039248,55.98845598845599,,
31,0.6787451343962985,55.98845598845599,,
32,0.6789520455989315,55.98845598845599,,
33,0.6760918999475146,55.98845598845599,,
34,0.6773696854001,55.98845598845599,,
35,0.6754950914548074,55.98845598845599,,
36,0.6741025190676789,55.98845598845599,,
37,0.6716592182844748,55.98845598845599,,
38,0.6706631514761183,55.98845598845599,,
39,0.666827612625056,55.98845598845599,,
40,0.6671250368781592,55.98845598845599,,
41,0.6644777183408861,55.98845598845599,,
42,0.6623587057876037,55.98845598845599,,
43,0.6603966775910679,55.98845598845599,,
44,0.6592418400068132,55.98845598845599,,
45,0.6575538690644082,55.98845598845599,,
46,0.6532801805980621,55.98845598845599,,
47,0.6539900491247962,55.98845598845599,,
48,0.6501686926527973,55.98845598845599,,
49,0.65087209996723,55.98845598845599,,
50,0.6420768846853127,55.98845598845599,0.642289475961165,55.84415584415584
51,0.6423112546210681,55.98845598845599,,
52,0.6381051765719877,55.98845598845599,,
53,0.6333788992006542,55.98845598845599,,
54,0.6340314615598489,55.98845598845599,,
55,0.6245451726954737,59.16305916305916,,
56,0.6177768364097133,63.78066378066378,,
57,0.6157190621673286,63.34776334776335,,
58,0.6104598992314689,65.94516594516594,,
59,0.6119242201291809,65.94516594516594,,
60,0.6031206749046347,64.64646464646465,,
61,0.5933800588266502,67.38816738816739,,
62,0.5903989819737224,68.97546897546897,,
63,0.5891657684960578,67.53246753246754,,
64,0.5769592703334869,70.27417027417027,,
65,0.590859841044675,66.81096681096682,,
66,0.58260485551402,66.37806637806638,,
67,0.5639289769775424,70.70707070707071,,
68,0.5916179963864633,66.23376623376623,,
69,0.574368476824671,69.84126984126983,,
70,0.5704784905927693,71.28427128427128,,
71,0.563797752406518,71.86147186147186,,
72,0.5583318719616184,70.70707070707071,,
73,0.565867502279956,72.15007215007215,,
74,0.5553872980940737,72.005772005772,,
75,0.552297535310748,70.27417027417027,0.5500835265432086,66.23376623376623
76,0.5538967185980314,71.28427128427128,,
77,0.5497523095528629,71.71717171717172,,
78,0.5417530798980856,73.73737373737374,,
79,0.5289568859347361,74.31457431457432,,
80,0.5354537540700013,72.72727272727273,,
81,0.5353002367597638,73.16017316017316,,
82,0.5308081129670659,74.45887445887446,,
83,0.5308012384786922,74.31457431457432,,
84,0.5262390164843885,73.01587301587301,,
85,0.5244166359068856,73.73737373737374,,
86,0.5131826393015972,75.75757575757575,,
87,0.5148318234460179,74.74747474747475,,
88,0.5235488317573569,74.89177489177489,,
89,0.5178575181169771,77.05627705627705,,
90,0.5058590940926843,77.05627705627705,,
91,0.5125527421891432,75.46897546897547,,
92,0.5076209179422728,74.89177489177489,,
93,0.5029061071972483,78.35497835497836,,
94,0.502273074218205,77.05627705627705,,
95,0.4967859432982848,78.35497835497836,,
96,0.5005125838612753,78.06637806637806,,
97,0.4984425391469683,76.04617604617604,,
98,0.49584883189132545,76.19047619047619,,
99,0.49407623460970573,78.4992784992785,,
100,0.4930987179193318,79.07647907647907,0.4875696475629683,79.22077922077922
101,0.48244083119075193,77.4891774891775,,
102,0.46962606094100257,78.93217893217893,,
103,0.4774463744820626,78.4992784992785,,
104,0.470022106024438,78.06637806637806,,
105,0.46697455283367273,78.64357864357865,,
106,0.45645466240453514,81.0966810966811,,
107,0.4653994705941942,78.93217893217893,,
108,0.4493938656080337,80.08658008658008,,
109,0.47043925532358893,78.78787878787878,,
110,0.44795975678238864,80.08658008658008,,
111,0.44703158319082437,80.51948051948052,,
112,0.4494284027582639,81.67388167388168,,
113,0.4482191256630472,79.36507936507937,,
114,0.46316575315951614,77.34487734487735,,
115,0.44911808231348255,81.38528138528139,,
116,0.4596453905105591,79.79797979797979,,
117,0.44744848792171066,81.0966810966811,,
118,0.4288271406684259,82.3953823953824,,
119,0.4598628919878047,80.37518037518038,,
120,0.45576605196467035,81.52958152958153,,
121,0.444009192836233,80.23088023088023,,
122,0.4460705619783801,80.08658008658008,,
123,0.4429586287614759,79.79797979797979,,
124,0.4306267965665627,82.25108225108225,,
125,0.4422613618435798,81.96248196248196,0.45495208633410467,80.51948051948052
126,0.4456401456142057,81.52958152958153,,
127,0.4239698967548332,84.99278499278499,,
128,0.4342715253389587,83.54978354978356,,
129,0.4116210935779808,85.13708513708514,,
130,0.4104911368904692,82.82828282828282,,
131,0.432581904474619,78.93217893217893,,
132,0.40954406363795504,84.12698412698413,,
133,0.40301694296311164,83.40548340548341,,
134,0.4178256027798288,81.52958152958153,,
135,0.3994221432728513,81.96248196248196,,
136,0.4334803094595542,81.67388167388168,,
137,0.4224808288343025,81.67388167388168,,
138,0.4087129386214467,84.27128427128427,,
139,0.4227310460367244,82.1067821067821,,
140,0.4249729604432077,82.82828282828282,,
141,0.40680376379004807,82.3953823953824,,
142,0.39993902671044695,83.69408369408369,,
143,0.3983189122157351,83.83838383838383,,
144,0.42989625825854433,81.0966810966811,,
145,0.4123735266803491,83.40548340548341,,
146,0.4012335249011823,83.69408369408369,,
147,0.42730834138341794,82.53968253968254,,
148,0.4070820738742878,82.25108225108225,,
149,0.41271610435469325,83.40548340548341,,
150,0.3880717981859375,84.84848484848484,0.4172759973383569,81.81818181818181
151,0.4002107285704964,84.12698412698413,,
152,0.38900528867523393,85.28138528138528,,
153,0.37444672964696074,85.56998556998558,,
154,0.40922333168949054,84.12698412698413,,
155,0.4001793738610473,82.82828282828282,,
156,0.3760666667899012,84.7041847041847,,
157,0.3788677908985474,83.11688311688312,,
158,0.39961863815526427,82.3953823953824,,
159,0.4006305989334938,83.98268398268398,,
160,0.37322201980828895,84.84848484848484,,
161,0.4033074600011927,82.3953823953824,,
162,0.4044006242380514,84.84848484848484,,
163,0.3934959498748807,85.13708513708514,,
164,0.3672882816922269,84.7041847041847,,
165,0.37172341798291064,86.58008658008659,,
166,0.36373318179173214,85.28138528138528,,
167,0.38392123102625725,83.26118326118326,,
168,0.3696792455118628,84.12698412698413,,
169,0.375121376301131,85.56998556998558,,
170,0.36193813394330454,87.3015873015873,,
171,0.3743407203349544,83.98268398268398,,
172,0.37187093707046126,85.13708513708514,,
173,0.36343797916629783,86.43578643578644,,
174,0.3831506617055483,84.55988455988457,,
175,0.3567197926202722,86.2914862914863,0.40905147790908813,80.51948051948052
176,0.3701224366866837,86.86868686868686,,
177,0.36965005583577343,85.71428571428571,,
178,0.36510953560880083,84.99278499278499,,
179,0.37363359517005273,86.58008658008659,,
180,0.35165745123124226,85.42568542568543,,
181,0.3596718996806234,84.55988455988457,,
182,0.37118485827982683,83.69408369408369,,
183,0.35160046506237674,86.43578643578644,,
184,0.33899732168446717,87.44588744588745,,
185,0.3789218326581677,85.85858585858585,,
186,0.37849266437913087,84.41558441558442,,
187,0.3640672753942649,86.43578643578644,,
188,0.3587781572754765,84.99278499278499,,
189,0.337106115417219,86.58008658008659,,
190,0.3416347715460721,85.71428571428571,,
191,0.3648510328877024,86.002886002886,,
192,0.34204934926604125,87.73448773448773,,
193,0.33973645505967076,86.14718614718615,,
194,0.35684457967463684,88.16738816738817,,
195,0.3513007917445459,86.43578643578644,,
196,0.3437306571316409,86.58008658008659,,
197,0.34705988527376413,85.85858585858585,,
198,0.30785492152878735,89.03318903318903,,
199,0.3443116999055228,86.86868686868686,,
200,0.32853306707365687,86.86868686868686,0.38473141115981263,84.41558441558442
201,0.33793727122516,85.56998556998558,,
202,0.3363942393406817,86.43578643578644,,
203,0.32829856097397175,87.44588744588745,,
204,0.30977019891250357,88.31168831168831,,
205,0.3243939180738826,87.15728715728716,,
206,0.3206403746147348,88.60028860028861,,
207,0.33094370795728323,87.01298701298701,,
208,0.33539523676704364,85.71428571428571,,
209,0.32201589325719754,86.58008658008659,,
210,0.3207349716799944,86.86868686868686,,
211,0.316920133552166,86.72438672438672,,
212,0.32203654082650573,88.60028860028861,,
213,0.30419189830191035,89.03318903318903,,
214,0.29891484264085477,87.44588744588745,,
215,0.3134903788222551,87.3015873015873,,
216,0.3437870482646714,86.002886002886,,
217,0.32726789899116643,87.87878787878788,,
218,0.3311296682509165,85.42568542568543,,
219,0.31057576098698386,88.02308802308802,,
220,0.3281861487749163,86.2914862914863,,
221,0.3149078810240799,87.3015873015873,,
222,0.32293291796337475,87.44588744588745,,
223,0.3294027903658831,87.87878787878788,,
224,0.3035777514373069,87.87878787878788,,
225,0.3003583379724153,87.44588744588745,0.3803892269150003,83.11688311688312
226,0.3393501603779683,86.2914862914863,,
227,0.29014399497195925,88.74458874458874,,
228,0.30046206669717984,88.74458874458874,,
229,0.2963064363573021,88.88888888888889,,
230,0.2976660234544528,88.16738816738817,,
231,0.311195323219547,88.31168831168831,,
232,0.3142458267542191,87.5901875901876,,
233,0.3122456216966951,87.73448773448773,,
234,0.32641334580136583,88.16738816738817,,
235,0.3106994673631236,86.72438672438672,,
236,0.2973394654529951,87.87878787878788,,
237,0.3122617193372735,87.73448773448773,,
238,0.29620168025875504,87.87878787878788,,
239,0.29479223696184365,88.60028860028861,,
240,0.287141054374143,89.46608946608947,,
241,0.310779324341646,87.3015873015873,,
242,0.29749554219356,87.3015873015873,,
243,0.2791840668235506,88.45598845598846,,
244,0.2912943827426451,88.45598845598846,,
245,0.26905322904882667,90.9090909090909,,
246,0.29925472361356836,87.5901875901876,,
247,0.29652523198857106,87.73448773448773,,
248,0.30639130199626413,87.44588744588745,,
249,0.31364984008312913,86.002886002886,,
250,0.31157618666452075,88.02308802308802,0.3851697800995468,84.41558441558442
251,0.30008375124325826,87.73448773448773,,
252,0.3154106769511882,87.5901875901876,,
253,0.2863029863841262,88.31168831168831,,
254,0.30178708354116,87.73448773448773,,
255,0.28654407087342565,90.18759018759019,,
256,0.2723313868798391,89.03318903318903,,
257,0.2901632772250609,88.74458874458874,,
258,0.26774055148443965,90.18759018759019,,
259,0.2875555290546252,88.45598845598846,,
260,0.2968978128821991,88.31168831168831,,
261,0.28193723194268877,88.88888888888889,,
262,0.27957268856992623,88.45598845598846,,
263,0.2605263872924133,90.33189033189034,,
264,0.2653312188550335,90.62049062049061,,
265,0.29080781656684296,88.74458874458874,,
266,0.283204757289969,88.88888888888889,,
267,0.28528161852218714,87.44588744588745,,
268,0.25103974080016944,90.47619047619048,,
269,0.27774046918358464,88.60028860028861,,
270,0.29610249612475026,88.88888888888889,,
271,0.26387858162882694,89.75468975468975,,
272,0.2755813817097167,89.03318903318903,,
273,0.3031105207330393,87.15728715728716,,
274,0.27907593872984077,89.17748917748918,,
275,0.2851592598840444,88.45598845598846,0.38013779342948617,89.6103896103896
276,0.27291701349173103,89.6103896103896,,
277,0.2788505731593995,88.02308802308802,,
278,0.26287327903023183,90.33189033189034,,
279,0.2557566611023692,89.8989898989899,,
280,0.2459125245933409,91.1976911976912,,
281,0.28251932116297934,89.46608946608947,,
282,0.27481566240519156,88.45598845598846,,
283,0.30036515268412506,88.74458874458874,,
284,0.2560255498253078,91.05339105339105,,
285,0.28495710417305753,88.16738816738817,,
286,0.27911810318886976,89.17748917748918,,
287,0.25681915479304984,90.18759018759019,,
288,0.23085858316992613,92.20779220779221,,
289,0.2641930113859679,89.8989898989899,,
290,0.29713725441634053,87.5901875901876,,
291,0.26138005860440144,89.32178932178932,,
292,0.25752957730754283,89.03318903318903,,
293,0.25547979920457453,91.05339105339105,,
294,0.2680675841083086,89.6103896103896,,
295,0.26032830488802206,89.75468975468975,,
296,0.2675280051916021,89.46608946608947,,
297,0.24660220662666776,91.48629148629149,,
298,0.2730309022066397,88.88888888888889,,
299,0.24726302480972862,90.62049062049061,,
300,0.23996101984213958,91.77489177489177,0.38251676652338595,87.01298701298701
301,0.24896111089902867,89.32178932178932,,
302,0.259652679143702,90.47619047619048,,
303,0.26401305802886793,90.33189033189034,,
304,0.2730788811073675,90.04329004329004,,
305,0.2587015882112935,89.6103896103896,,
306,0.2560813166362383,88.16738816738817,,
307,0.2597226754239455,89.17748917748918,,
308,0.24408641195228434,91.63059163059162,,
309,0.25523629911448187,90.76479076479076,,
310,0.2604031563235224,90.33189033189034,,
311,0.2532773373532949,90.04329004329004,,
312,0.2527998252348466,90.33189033189034,,
313,0.24810247185598377,90.18759018759019,,
314,0.24490181615772358,90.47619047619048,,
315,0.2494473217369674,89.75468975468975,,
316,0.24813761034225146,90.9090909090909,,
317,0.23829238523136487,90.76479076479076,,
318,0.2531590238966123,90.04329004329004,,
319,0.23258757486960932,91.34199134199135,,
320,0.2713354965792848,88.88888888888889,,
321,0.24720644897110705,90.04329004329004,,
322,0.23327293084641385,90.33189033189034,,
323,0.2531270429728523,89.75468975468975,,
324,0.25031405300289006,89.75468975468975,,
325,0.259907895717958,88.74458874458874,0.3617119402080387,88.31168831168831
326,0.23021216587328808,91.77489177489177,,
327,0.22054509805652486,92.20779220779221,,
328,0.2252466690660727,90.76479076479076,,
329,0.24684007291669968,90.76479076479076,,
330,0.2489350052795025,90.9090909090909,,
331,0.25343805641839,89.6103896103896,,
332,0.23086620624275261,90.9090909090909,,
333,0.2354428812882945,90.62049062049061,,
334,0.2463261615350563,90.04329004329004,,
335,0.22884790417650905,90.62049062049061,,
336,0.22564769723327646,91.05339105339105,,
337,0.22558689777555233,91.91919191919192,,
338,0.24876549248657528,89.6103896103896,,
339,0.22157876853647,91.77489177489177,,
340,0.23841686802681047,91.05339105339105,,
341,0.24722507286381412,90.33189033189034,,
342,0.22747908348773982,90.76479076479076,,
343,0.21370430585281847,92.35209235209236,,
344,0.2353828978787941,90.33189033189034,,
345,0.25785126110261997,89.32178932178932,,
346,0.23353922478908412,90.18759018759019,,
347,0.24219443103967808,89.8989898989899,,
348,0.23601487429455073,90.9090909090909,,
349,0.21511802305756364,92.4963924963925,,
350,0.21922534041934544,92.20779220779221,0.3678754445213776,83.11688311688312
351,0.24325150810450874,91.77489177489177,,
352,0.23473971976776314,90.9090909090909,,
353,0.23195468768756972,91.77489177489177,,
354,0.24775703058377832,90.9090909090909,,
355,0.21833782932287,92.78499278499278,,
356,0.22604706607124678,90.18759018759019,,
357,0.23746147266929113,90.18759018759019,,
358,0.21127349353283859,92.4963924963925,,
359,0.22252360304540714,90.9090909090909,,
360,0.23785179909345563,92.06349206349206,,
361,0.2293185769630029,90.9090909090909,,
362,0.20854289156705957,91.77489177489177,,
363,0.22475380221486607,91.77489177489177,,
364,0.20396716254098074,91.63059163059162,,
365,0.21325757183553853,91.91919191919192,,
366,0.1994011364715956,93.65079365079364,,
367,0.22114503770679622,90.33189033189034,,
368,0.23083810364185128,90.9090909090909,,
369,0.21449990602798794,92.06349206349206,,
370,0.21271242290025666,92.35209235209236,,
371,0.22173958592127585,90.76479076479076,,
372,0.21924841300749676,92.20779220779221,,
373,0.2183717985947927,92.4963924963925,,
374,0.2264546331819174,92.06349206349206,,
375,0.20288321719885216,91.63059163059162,0.3738853447623067,85.71428571428571
376,0.2222405970956684,92.20779220779221,,
377,0.21849480670208882,90.76479076479076,,
378,0.21357573734389412,91.1976911976912,,
379,0.2105457584923308,92.06349206349206,,
380,0.23388747918227362,90.04329004329004,,
381,0.20897586620043193,91.91919191919192,,
382,0.20779278616368513,92.06349206349206,,
383,0.21661448596961916,90.33189033189034,,
384,0.2358394024348018,90.04329004329004,,
385,0.23392251391947527,91.34199134199135,,
386,0.23171244518667417,90.18759018759019,,
387,0.19333786101310285,93.21789321789322,,
388,0.2070134219110098,91.63059163059162,,
389,0.23110377304739765,92.20779220779221,,
390,0.19610812430085903,91.91919191919192,,
391,0.19916078896620573,91.91919191919192,,
392,0.20504407898602203,91.63059163059162,,
393,0.18979892364742093,93.07359307359307,,
394,0.22324658848592557,90.9090909090909,,
395,0.2194192981317876,91.05339105339105,,
396,0.20019877489124024,92.4963924963925,,
397,0.21278094275603218,92.20779220779221,,
398,0.21292177343695368,92.20779220779221,,
399,0.19389188473487828,92.64069264069263,,
400,0.21633462923945804,91.1976911976912,0.36616564571083365,85.71428571428571
401,0.17879063596285094,93.21789321789322,,
402,0.1932227053903957,92.20779220779221,,
403,0.20905409445838322,92.20779220779221,,
404,0.2107928240454042,91.77489177489177,,
405,0.2109149612411104,92.4963924963925,,
406,0.21321072111183087,91.1976911976912,,
407,0.20546277815645392,91.91919191919192,,
408,0.20575679032317487,92.92929292929293,,
409,0.20130453692026123,91.91919191919192,,
410,0.21870470141607617,91.34199134199135,,
411,0.19364534290493995,93.36219336219337,,
412,0.1992582921288144,92.4963924963925,,
413,0.19649386630644874,93.79509379509379,,
414,0.22166886696696797,91.91919191919192,,
415,0.2114279747525335,91.1976911976912,,
416,0.19407342988218235,92.20779220779221,,
417,0.19354310799470711,93.21789321789322,,
418,0.2031532363458113,91.91919191919192,,
419,0.20834421582552262,92.92929292929293,,
420,0.1873188947702383,92.64069264069263,,
421,0.19665211180028805,92.35209235209236,,
422,0.18762836169886898,92.78499278499278,,
423,0.1844138822600267,92.92929292929293,,
424,0.2119647500791935,92.20779220779221,,
425,0.18721078069609137,92.06349206349206,0.3699572616583341,85.71428571428571
426,0.17293163690001073,93.36219336219337,,
427,0.19316896275868492,93.21789321789322,,
428,0.18891980755982804,92.4963924963925,,
429,0.20083229448028114,93.07359307359307,,
430,0.19455128771617128,93.36219336219337,,
431,0.2171718685270904,90.76479076479076,,
432,0.18896102281703922,92.20779220779221,,
433,0.1962153216203054,92.64069264069263,,
434,0.20858076674941642,91.63059163059162,,
435,0.1976813506684434,92.20779220779221,,
436,0.18342812610911086,92.92929292929293,,
437,0.19035466437861,92.64069264069263,,
438,0.19637970633342497,92.64069264069263,,
439,0.1942696605753933,92.64069264069263,,
440,0.20281066131626202,92.20779220779221,,
441,0.19510835676869273,92.64069264069263,,
442,0.19510487819689865,93.65079365079364,,
443,0.17539390014191555,93.50649350649351,,
444,0.19860850123777277,93.07359307359307,,
445,0.1783205182177336,93.07359307359307,,
446,0.18431748301435857,93.07359307359307,,
447,0.19769399472301313,92.06349206349206,,
448,0.18343757468169558,92.64069264069263,,
449,0.20458461342091855,92.4963924963925,,
450,0.19326568286312262,92.4963924963925,0.4062617011852079,84.41558441558442
451,0.18312375479704374,92.92929292929293,,
452,0.18247222629460422,93.21789321789322,,
453,0.1876032284419301,92.78499278499278,,
454,0.1931888298662366,92.4963924963925,,
455,0.18880448549512832,91.77489177489177,,
456,0.166482894602104,93.93939393939394,,
457,0.19067754439504286,92.35209235209236,,
458,0.17390611238809892,93.36219336219337,,
459,0.15669642214113672,93.21789321789322,,
460,0.1670724204479358,93.65079365079364,,
461,0.1969998793577047,91.34199134199135,,
462,0.1826716432882766,92.4963924963925,,
463,0.18971721451691906,91.91919191919192,,
464,0.1821970253279715,92.20779220779221,,
465,0.17173713391907458,93.65079365079364,,
466,0.1480365556813938,94.22799422799423,,
467,0.18857725323708716,93.36219336219337,,
468,0.18721905918348403,92.35209235209236,,
469,0.18716065048053324,92.64069264069263,,
470,0.17579694722293948,93.79509379509379,,
471,0.18551095644977014,93.79509379509379,,
472,0.18725038089750476,93.07359307359307,,
473,0.15342681456093837,94.37229437229438,,
474,0.1802655216763374,93.50649350649351,,
475,0.1519178467309492,94.66089466089466,0.39683592532362255,84.41558441558442
476,0.17387015391866883,92.92929292929293,,
477,0.1807003314922662,93.36219336219337,,
478,0.1638576617897159,94.37229437229438,,
479,0.17791311174072055,93.65079365079364,,
480,0.17085451934846793,94.08369408369408,,
481,0.16923226109701833,93.65079365079364,,
482,0.1656309426432908,94.37229437229438,,
483,0.1679465499898744,93.50649350649351,,
484,0.1737965030157549,93.79509379509379,,
485,0.1692118187573393,93.65079365079364,,
486,0.18717577249284775,92.64069264069263,,
487,0.1875599322230441,92.4963924963925,,
488,0.16220264414172153,94.37229437229438,,
489,0.16642583014301063,93.65079365079364,,
490,0.16726360075487548,93.21789321789322,,
491,0.18490013984955234,93.50649350649351,,
492,0.18376570355958838,92.64069264069263,,
493,0.17148250490319505,93.79509379509379,,
494,0.1691892257694042,93.65079365079364,,
495,0.16362298425141866,94.51659451659452,,
496,0.1632854486741717,94.37229437229438,,
497,0.18116748695292686,93.07359307359307,,
498,0.17628145441520437,94.94949494949495,,
499,0.1639137745204598,93.36219336219337,,
500,0.18709821418508307,92.78499278499278,0.4137001053079382,85.71428571428571
501,0.14028336399088345,95.0937950937951,,
502,0.19427302885467312,92.20779220779221,,
503,0.16951984541240708,93.65079365079364,,
504,0.17174402208297285,93.50649350649351,,
505,0.15838999454937283,94.08369408369408,,
506,0.15577124450543914,94.66089466089466,,
507,0.15923156474231814,93.79509379509379,,
508,0.15373881440744083,94.8051948051948,,
509,0.16509871339643156,93.36219336219337,,
510,0.16394952296522616,92.78499278499278,,
511,0.17873397867314916,93.36219336219337,,
512,0.14193846836879656,95.81529581529581,,
513,0.1827085387891677,93.07359307359307,,
514,0.17323176934777573,93.79509379509379,,
515,0.16683474575501328,93.21789321789322,,
516,0.18752335851896462,93.50649350649351,,
517,0.1786436273207052,93.07359307359307,,
518,0.14975746459775158,94.8051948051948,,
519,0.16763032432027367,94.22799422799423,,
520,0.16699527442713322,94.22799422799423,,
521,0.13960848088560338,94.51659451659452,,
522,0.1520456192641375,95.0937950937951,,
523,0.16956127502701498,92.35209235209236,,
524,0.14036665261221826,93.93939393939394,,
525,0.16762980309141662,93.36219336219337,0.43248763990092587,87.01298701298701
526,0.13666897371389822,95.81529581529581,,
527,0.1655066062361647,93.65079365079364,,
528,0.1346903294969947,95.67099567099567,,
529,0.15722453585606805,93.93939393939394,,
530,0.18310339028529102,93.65079365079364,,
531,0.16946218198253996,93.79509379509379,,
532,0.1818516750055302,93.50649350649351,,
533,0.15296630580703935,94.8051948051948,,
534,0.15362092585962744,93.65079365079364,,
535,0.1621215825451573,93.36219336219337,,
536,0.16321744641872368,93.50649350649351,,
537,0.14516023063190917,94.22799422799423,,
538,0.14448263944485487,94.8051948051948,,
539,0.14333516771100127,94.08369408369408,,
540,0.15943319484602236,92.78499278499278,,
541,0.1470492570667728,94.22799422799423,,
542,0.16619075621877397,94.08369408369408,,
543,0.1484482992134053,93.79509379509379,,
544,0.1406937065234604,94.8051948051948,,
545,0.1423422670016041,94.22799422799423,,
546,0.15532852988824528,93.65079365079364,,
547,0.142014265098054,95.81529581529581,,
548,0.1691937566147566,93.21789321789322,,
549,0.15410047222310502,94.94949494949495,,
550,0.14542357565520644,94.94949494949495,0.46168557360961837,85.71428571428571
551,0.13847978294841826,94.51659451659452,,
552,0.1488173428982023,94.51659451659452,,
553,0.15630561942274954,93.65079365079364,,
554,0.13996871284506193,94.94949494949495,,
555,0.14724051455656686,95.23809523809524,,
556,0.16472717692261135,93.65079365079364,,
557,0.15493892466523088,93.65079365079364,,
558,0.1405807223928955,94.66089466089466,,
559,0.16136768215146416,93.65079365079364,,
560,0.16929218400952448,94.08369408369408,,
561,0.16860683060225642,94.37229437229438,,
562,0.14391215057965653,93.50649350649351,,
563,0.15338795962185742,93.93939393939394,,
564,0.16689044951016424,93.21789321789322,,
565,0.16124605175650653,92.92929292929293,,
566,0.1715156797529299,93.50649350649351,,
567,0.14131671663314577,94.66089466089466,,
568,0.18673920690540283,93.50649350649351,,
569,0.15715909314786675,93.93939393939394,,
570,0.1618360083598595,93.21789321789322,,
571,0.13893291499858124,95.0937950937951,,
572,0.14275953300501534,94.66089466089466,,
573,0.15059909219134593,95.81529581529581,,
574,0.14358104293437576,95.0937950937951,,
575,0.14907987792082508,94.37229437229438,0.45157189057631925,85.71428571428571
576,0.15020883458022777,95.0937950937951,,
577,0.15933188801687775,94.22799422799423,,
578,0.15741581785859485,94.66089466089466,,
579,0.13456165797008582,95.81529581529581,,
580,0.13941146863401366,94.66089466089466,,
581,0.13753822475972802,94.8051948051948,,
582,0.13731514917307602,94.8051948051948,,
583,0.13579388701425485,94.8051948051948,,
584,0.12800462691759767,96.1038961038961,,
585,0.12418447872475973,95.0937950937951,,
586,0.13732746561712345,95.0937950937951,,
587,0.14833050839398673,93.93939393939394,,
588,0.1268452386792432,95.52669552669553,,
589,0.13207628433075216,94.66089466089466,,
590,0.1481652639827773,95.23809523809524,,
591,0.16244387159508372,93.79509379509379,,
592,0.12950615158027728,95.81529581529581,,
593,0.1295954775049057,95.23809523809524,,
594,0.1310355020807935,95.81529581529581,,
595,0.1555931672862426,93.36219336219337,,
596,0.13341689765625359,96.53679653679653,,
597,0.14693119669599192,94.08369408369408,,
598,0.15029310690935213,94.94949494949495,,
599,0.18081387273381325,93.65079365079364,,
600,0.1275600694646739,95.23809523809524,0.5369054558989289,81.81818181818181
601,0.13757010292353225,94.22799422799423,,
602,0.13505973890531286,95.23809523809524,,
603,0.13967865518419256,94.8051948051948,,
604,0.15415300182664893,93.79509379509379,,
605,0.12879399791854457,95.23809523809524,,
606,0.1537893484165142,94.8051948051948,,
607,0.130208989505859,95.38239538239539,,
608,0.1307426355402879,95.67099567099567,,
609,0.13651976201677907,94.8051948051948,,
610,0.1803087117674547,94.08369408369408,,
611,0.1351831622346483,94.37229437229438,,
612,0.16498813378217417,93.07359307359307,,
613,0.1569083175187847,93.79509379509379,,
614,0.12591632407206993,95.52669552669553,,
615,0.14236059253780012,93.93939393939394,,
616,0.14683824959298405,94.37229437229438,,
617,0.14780638364787396,94.51659451659452,,
618,0.09907382865359773,96.24819624819625,,
619,0.14134788114986077,94.66089466089466,,
620,0.13553046556606266,95.52669552669553,,
621,0.1373204407221698,94.8051948051948,,
622,0.13459237572477664,95.67099567099567,,
623,0.14494220209328126,94.22799422799423,,
624,0.13983595486821723,95.67099567099567,,
625,0.12560946721191185,95.67099567099567,0.5220209589445746,85.71428571428571
626,0.13021591026201565,94.8051948051948,,
627,0.13230661635016983,95.0937950937951,,
628,0.14811259163825802,94.66089466089466,,
629,0.12317701422677928,95.67099567099567,,
630,0.11460142112827576,96.24819624819625,,
631,0.1661277020465674,94.22799422799423,,
632,0.13569891572665171,94.51659451659452,,
633,0.13840154834188423,94.37229437229438,,
634,0.14011521969114202,94.8051948051948,,
635,0.13047388899119902,95.0937950937951,,
636,0.13841025400127338,95.0937950937951,,
637,0.13115953065153926,94.8051948051948,,
638,0.12419195308700784,95.95959595959596,,
639,0.13135222855197404,94.94949494949495,,
640,0.12984069444314397,95.38239538239539,,
641,0.12047339532884513,95.38239538239539,,
642,0.12357890547870042,95.23809523809524,,
643,0.13021248732767407,95.52669552669553,,
644,0.11459885853709596,95.0937950937951,,
645,0.16332996469985528,94.22799422799423,,
646,0.15469554918152945,95.0937950937951,,
647,0.13412381736575096,95.67099567099567,,
648,0.11795104758391993,95.95959595959596,,
649,0.13163716370753223,95.38239538239539,,
650,0.12553148131822955,95.81529581529581,0.5444740163428443,85.71428571428571
651,0.13204137499284263,95.67099567099567,,
652,0.11485841117724023,95.38239538239539,,
653,0.13356022027013406,95.0937950937951,,
654,0.13075865636892822,94.66089466089466,,
655,0.13235655510838415,95.52669552669553,,
656,0.10812932429203567,96.82539682539682,,
657,0.13264323324287608,95.95959595959596,,
658,0.12396658262477121,95.23809523809524,,
659,0.10815195455706395,96.68109668109668,,
660,0.12232112815713814,95.95959595959596,,
661,0.13571339856408549,94.37229437229438,,
662,0.1446343596277471,94.37229437229438,,
663,0.12109430169237813,95.81529581529581,,
664,0.1377437146646636,94.94949494949495,,
665,0.13851111308062747,95.38239538239539,,
666,0.11008151297015373,96.53679653679653,,
667,0.11146324399917845,96.24819624819625,,
668,0.13569318573024194,95.0937950937951,,
669,0.12291190804964708,95.0937950937951,,
670,0.1178903832875762,95.95959595959596,,
671,0.1276965020506671,95.0937950937951,,
672,0.1252827196023165,95.81529581529581,,
673,0.15218340634525596,94.8051948051948,,
674,0.11749493249956057,95.67099567099567,,
675,0.1262660026577171,95.23809523809524,0.5886201881743097,85.71428571428571
676,0.12776378048570425,95.23809523809524,,
677,0.13826892665798357,93.65079365079364,,
678,0.11128175778994484,95.67099567099567,,
679,0.12499284576006438,95.81529581529581,,
680,0.1283458329382397,94.66089466089466,,
681,0.12409634722603692,94.94949494949495,,
682,0.13014631409837743,94.8051948051948,,
683,0.14975288790391292,94.94949494949495,,
684,0.12238410711933524,95.67099567099567,,
685,0.15194304222926433,94.94949494949495,,
686,0.12966382183123804,94.51659451659452,,
687,0.11025320743228252,95.81529581529581,,
688,0.11534083089529178,95.95959595959596,,
689,0.13986937779648306,93.79509379509379,,
690,0.1114079351893063,96.1038961038961,,
691,0.12084476905102165,95.23809523809524,,
692,0.12467031913015234,95.0937950937951,,
693,0.1153832556273987,95.81529581529581,,
694,0.1016646951307982,96.53679653679653,,
695,0.121134672308553,95.0937950937951,,
696,0.11371766028638182,95.67099567099567,,
697,0.12725600674425885,94.51659451659452,,
698,0.10127439915402799,96.68109668109668,,
699,0.12025347845507907,95.95959595959596,,
700,0.11183293657525191,96.53679653679653,0.5417286925888681,87.01298701298701
701,0.12311956479951933,95.52669552669553,,
702,0.10125467338173248,96.68109668109668,,
703,0.10716075692083929,96.53679653679653,,
704,0.12621898457816497,95.38239538239539,,
705,0.09703196752897073,96.53679653679653,,
706,0.1177645835039054,96.1038961038961,,
707,0.12453372577073599,95.38239538239539,,
708,0.12347962267557092,95.0937950937951,,
709,0.12136002966507861,95.23809523809524,,
710,0.12048751718403629,94.94949494949495,,
711,0.13296031220822796,94.66089466089466,,
712,0.11764847367872923,96.53679653679653,,
713,0.12513567711539772,95.0937950937951,,
714,0.11063122968115503,96.96969696969697,,
715,0.12074265378550189,95.52669552669553,,
716,0.1145913094432667,95.81529581529581,,
717,0.12673177508822767,95.52669552669553,,
718,0.14208494417079084,94.51659451659452,,
719,0.15546874102059896,94.8051948051948,,
720,0.1039667802541631,96.53679653679653,,
721,0.1051532845691513,96.24819624819625,,
722,0.10724297277683131,95.52669552669553,,
723,0.09974826344464936,96.53679653679653,,
724,0.12025381758551061,96.24819624819625,,
725,0.10964003177346261,96.1038961038961,0.5976227655426248,88.31168831168831
726,0.12229067809654004,95.52669552669553,,
727,0.1161363653806381,95.95959595959596,,
728,0.11097436360000199,96.3924963924964,,
729,0.10267216653104812,96.1038961038961,,
730,0.1391677777961563,94.8051948051948,,
731,0.11595713599849745,95.95959595959596,,
732,0.12577355840118418,95.67099567099567,,
733,0.09637539202151188,96.68109668109668,,
734,0.12396577302121906,95.67099567099567,,
735,0.11499741212243125,95.67099567099567,,
736,0.11381925283937916,95.81529581529581,,
737,0.09540870340613576,96.68109668109668,,
738,0.11105515576716281,95.95959595959596,,
739,0.10710237963289065,96.24819624819625,,
740,0.09954653084708155,96.53679653679653,,
741,0.12130234801663357,95.38239538239539,,
742,0.0973863900809792,96.3924963924964,,
743,0.12200055162799994,94.8051948051948,,
744,0.09538862073705309,96.53679653679653,,
745,0.11976399488779374,96.24819624819625,,
746,0.1204580334115983,95.95959595959596,,
747,0.08915612224118534,97.11399711399712,,
748,0.11040575591602711,95.95959595959596,,
749,0.14534255491319673,94.22799422799423,,
750,0.11920435249289393,95.67099567099567,0.6712745573226507,87.01298701298701
751,0.13330259093474517,95.95959595959596,,
752,0.1311462289112127,95.0937950937951,,
753,0.12524284513782802,96.24819624819625,,
754,0.11327699633129748,95.95959595959596,,
755,0.1042975920264597,96.53679653679653,,
756,0.10268623582900517,96.24819624819625,,
757,0.0997396269315937,96.3924963924964,,
758,0.12122315529083448,94.94949494949495,,
759,0.11456809583164397,95.52669552669553,,
760,0.12317617719221596,95.38239538239539,,
761,0.12681569769698992,96.3924963924964,,
762,0.11271539620764844,95.23809523809524,,
763,0.12416004502412045,95.38239538239539,,
764,0.11830380535314954,95.0937950937951,,
765,0.12259379820562201,96.24819624819625,,
766,0.10651266303391856,95.95959595959596,,
767,0.10608880875516591,97.25829725829726,,
768,0.109446166548206,95.23809523809524,,
769,0.09387897616211986,95.95959595959596,,
770,0.11229839721025327,95.81529581529581,,
771,0.09953333699772024,96.24819624819625,,
772,0.12707925511559023,95.95959595959596,,
773,0.09947640455259389,96.68109668109668,,
774,0.10249040920884062,96.68109668109668,,
775,0.09554707530945067,96.53679653679653,0.6839788110999317,85.71428571428571
776,0.09927866619865143,97.40259740259741,,
777,0.1470944190809092,94.94949494949495,,
778,0.09850286651726886,96.53679653679653,,
779,0.11142918824461459,96.1038961038961,,
780,0.1508462734165646,95.81529581529581,,
781,0.10708206401758896,95.95959595959596,,
782,0.09886141030002293,96.3924963924964,,
783,0.1160984906068268,95.52669552669553,,
784,0.1087617434690267,96.24819624819625,,
785,0.11794242515963801,96.3924963924964,,
786,0.09949550443849006,96.24819624819625,,
787,0.10639241991449055,95.67099567099567,,
788,0.13286455691634835,94.66089466089466,,
789,0.10912004879757783,96.68109668109668,,
790,0.10664791434944149,96.24819624819625,,
791,0.12265785956086019,95.95959595959596,,
792,0.11351673415771983,96.24819624819625,,
793,0.09093920935031355,97.40259740259741,,
794,0.11092596701084277,95.38239538239539,,
795,0.1005577284985183,95.81529581529581,,
796,0.10975228095209444,96.53679653679653,,
797,0.10182909592233523,96.53679653679653,,
798,0.09619086869007237,96.3924963924964,,
799,0.10793670340042029,95.38239538239539,,
800,0.09486293130585169,96.53679653679653,0.6857685993437643,88.31168831168831
801,0.10645873558641684,95.95959595959596,,
802,0.1187491322643141,95.52669552669553,,
803,0.11175650592576201,94.8051948051948,,
804,0.10246625263109524,95.95959595959596,,
805,0.10540009432970876,96.1038961038961,,
806,0.10750950325662095,96.53679653679653,,
807,0.11468738483058082,96.1038961038961,,
808,0.09700163416188172,96.68109668109668,,
809,0.10345524548879498,96.68109668109668,,
810,0.10529750940345582,96.53679653679653,,
811,0.082492203184257,96.68109668109668,,
812,0.09583148790300322,96.3924963924964,,
813,0.11999675011178976,95.95959595959596,,
814,0.09631004900514305,96.3924963924964,,
815,0.1099442673193944,96.24819624819625,,
816,0.11711521972438474,95.67099567099567,,
817,0.1010332481846923,95.81529581529581,,
818,0.09173851018344169,96.82539682539682,,
819,0.09673686855584168,96.96969696969697,,
820,0.1213779416886759,94.8051948051948,,
821,0.09089341880095125,96.53679653679653,,
822,0.0895005983836723,96.96969696969697,,
823,0.10699154311068045,96.68109668109668,,
824,0.10840323418889512,96.53679653679653,,
825,0.10102441080161847,96.68109668109668,0.6796762419791965,89.6103896103896
826,0.10355786981348696,96.24819624819625,,
827,0.09763825153676635,96.1038961038961,,
828,0.09624602195160385,96.96969696969697,,
829,0.0945961715876626,96.1038961038961,,
830,0.11299793057756506,95.95959595959596,,
831,0.09123675555518584,96.3924963924964,,
832,0.09683236502101551,96.53679653679653,,
833,0.10811703014597404,95.81529581529581,,
834,0.0977434775513875,97.40259740259741,,
835,0.11714674317120731,95.67099567099567,,
836,0.08191455851751145,97.25829725829726,,
837,0.09259339545088757,96.82539682539682,,
838,0.1132155843455382,97.11399711399712,,
839,0.10319594807740069,96.53679653679653,,
840,0.09703289807745905,96.1038961038961,,
841,0.10927942612922037,95.95959595959596,,
842,0.09118001890190021,96.1038961038961,,
843,0.09279878438325413,96.24819624819625,,
844,0.0918647644323704,97.11399711399712,,
845,0.11359360746630773,95.81529581529581,,
846,0.09230033773794491,97.25829725829726,,
847,0.12007516458587557,95.81529581529581,,
848,0.1025681249034009,96.68109668109668,,
849,0.0796313543896719,97.11399711399712,,
850,0.10084340664387437,96.82539682539682,0.7195863766329629,87.01298701298701
851,0.10775466177284632,96.68109668109668,,
852,0.08370436330206295,97.25829725829726,,
853,0.08917909085449546,96.96969696969697,,
854,0.07416922873770347,97.69119769119769,,
855,0.0981907770481138,96.82539682539682,,
856,0.0980352351675818,96.68109668109668,,
857,0.11334432002484884,96.3924963924964,,
858,0.09873508652309318,96.53679653679653,,
859,0.10513239271110958,96.3924963924964,,
860,0.09025979332873144,96.68109668109668,,
861,0.09426910289352246,97.25829725829726,,
862,0.09905403762152701,97.11399711399712,,
863,0.09958597665053254,96.1038961038961,,
864,0.09740006270002666,95.95959595959596,,
865,0.11243415928162194,95.67099567099567,,
866,0.10278504342378304,96.1038961038961,,
867,0.10465580459366973,95.95959595959596,,
868,0.1358264476695188,97.11399711399712,,
869,0.11449435127907114,96.53679653679653,,
870,0.09029466118045355,96.96969696969697,,
871,0.08810377300785475,96.96969696969697,,
872,0.09438934416911991,97.11399711399712,,
873,0.08042171677577203,96.96969696969697,,
874,0.07390597345667635,97.11399711399712,,
875,0.10315152460878546,96.68109668109668,0.7486429811975399,89.6103896103896
876,0.07977463993073197,97.25829725829726,,
877,0.1188617834920792,95.67099567099567,,
878,0.12011121735154835,96.1038961038961,,
879,0.09382995643786021,96.96969696969697,,
880,0.07811033018309661,97.40259740259741,,
881,0.11191010585896037,95.67099567099567,,
882,0.07876258655511714,97.25829725829726,,
883,0.07790046062691387,97.83549783549783,,
884,0.09988437379034394,96.82539682539682,,
885,0.07954009298724357,97.54689754689754,,
886,0.0828277122600254,97.97979797979798,,
887,0.09788698237926886,96.24819624819625,,
888,0.09262562670956535,96.53679653679653,,
889,0.0928982486236104,96.82539682539682,,
890,0.09206395823653642,97.25829725829726,,
891,0.1007791989621361,96.24819624819625,,
892,0.09680316261785887,96.3924963924964,,
893,0.13737518434422186,95.81529581529581,,
894,0.09890876924229347,96.53679653679653,,
895,0.12150910746139537,95.95959595959596,,
896,0.07273786851913167,97.25829725829726,,
897,0.08540747919312072,97.11399711399712,,
898,0.08218140372519972,96.68109668109668,,
899,0.07531061150875443,97.54689754689754,,
900,0.1412564855805379,95.52669552669553,0.7443306863114432,87.01298701298701
901,0.08029954152619856,97.69119769119769,,
902,0.1125642016206157,95.0937950937951,,
903,0.07619241995449362,97.40259740259741,,
904,0.08587631346687438,97.40259740259741,,
905,0.08010317448091198,96.96969696969697,,
906,0.11317157119641573,96.1038961038961,,
907,0.11055288062811242,95.81529581529581,,
908,0.09536131627367665,98.12409812409813,,
909,0.07654159571733568,97.25829725829726,,
910,0.08550463811444686,97.54689754689754,,
911,0.08963702610474816,96.82539682539682,,
912,0.08830147912970396,96.96969696969697,,
913,0.08506755840468716,97.11399711399712,,
914,0.10829250745120503,96.96969696969697,,
915,0.08314723316123131,97.11399711399712,,
916,0.10578423787935128,95.95959595959596,,
917,0.07953196259761097,97.25829725829726,,
918,0.08720428137509166,96.68109668109668,,
919,0.09313184275556609,96.53679653679653,,
920,0.08324943783909383,96.96969696969697,,
921,0.0913994593430219,96.24819624819625,,
922,0.11382387278663346,95.52669552669553,,
923,0.10649938980308274,96.96969696969697,,
924,0.09550724321543569,96.53679653679653,,
925,0.1126930947223353,96.68109668109668,0.775216131047769,88.31168831168831
926,0.10220207086889259,96.68109668109668,,
927,0.08015615653117626,96.82539682539682,,
928,0.08790117949462384,96.82539682539682,,
929,0.0895107959600066,97.11399711399712,,
930,0.0964610369247418,96.82539682539682,,
931,0.0970622520641159,96.96969696969697,,
932,0.08228938834147707,97.40259740259741,,
933,0.08122584256000849,97.40259740259741,,
934,0.08769259846421203,97.54689754689754,,
935,0.08359936366736631,96.96969696969697,,
936,0.09035924221637617,96.82539682539682,,
937,0.06305699551432335,97.83549783549783,,
938,0.07213350305868606,97.83549783549783,,
939,0.07506553055167542,97.54689754689754,,
940,0.0737463351537999,97.69119769119769,,
941,0.08233404851788695,97.54689754689754,,
942,0.08283291068492514,97.40259740259741,,
943,0.09499086064930258,96.3924963924964,,
944,0.08622803684178885,97.11399711399712,,
945,0.1060704860653497,95.95959595959596,,
946,0.08727766730396606,96.96969696969697,,
947,0.09248799727463619,96.53679653679653,,
948,0.10055835587530253,96.24819624819625,,
949,0.11554298368195262,96.82539682539682,,
950,0.08272162854972512,96.82539682539682,0.8131521634467236,88.31168831168831
951,0.09666330151227645,96.3924963924964,,
952,0.11024051442108027,95.81529581529581,,
953,0.09285432420681737,96.96969696969697,,
954,0.07645576403706104,97.40259740259741,,
955,0.10507237225566678,96.68109668109668,,
956,0.10851904571131625,96.53679653679653,,
957,0.06555530639609905,98.26839826839827,,
958,0.09525924586673491,96.3924963924964,,
959,0.09493609279270511,96.53679653679653,,
960,0.08605768567174243,97.69119769119769,,
961,0.06565444073861554,98.26839826839827,,
962,0.08056579971307026,96.1038961038961,,
963,0.09428270064391099,95.67099567099567,,
964,0.068425261941006,97.69119769119769,,
965,0.09165684777496096,97.40259740259741,,
966,0.0931860190234315,96.82539682539682,,
967,0.10300325591004256,96.24819624819625,,
968,0.08929491212959757,96.82539682539682,,
969,0.08737903903137682,97.25829725829726,,
970,0.07219044950724852,97.97979797979798,,
971,0.08188780876142639,96.96969696969697,,
972,0.10431467680983557,97.25829725829726,,
973,0.07512604608166892,97.83549783549783,,
974,0.10351802025952553,96.1038961038961,,
975,0.0660271779466071,98.41269841269842,0.7547893798970556,89.6103896103896
976,0.07983587601075613,97.25829725829726,,
977,0.057728865442926554,98.26839826839827,,
978,0.08960606931597209,96.3924963924964,,
979,0.07603384551160779,97.11399711399712,,
980,0.06647588996133333,98.26839826839827,,
981,0.06693068878123104,97.54689754689754,,
982,0.09375689005610918,96.82539682539682,,
983,0.08855617002209092,97.11399711399712,,
984,0.10843577456874248,97.69119769119769,,
985,0.07236231026517881,96.96969696969697,,
986,0.07712025317923847,96.96969696969697,,
987,0.09588181439244214,96.96969696969697,,
988,0.06507544412007515,97.83549783549783,,
989,0.08000079423060148,97.11399711399712,,
990,0.07688236823050147,97.11399711399712,,
991,0.07770073491526286,96.68109668109668,,
992,0.08595931045119724,97.11399711399712,,
993,0.0771522308292585,97.11399711399712,,
994,0.08466047137131724,96.82539682539682,,
995,0.07627161206142684,97.25829725829726,,
996,0.06343012345043612,98.12409812409813,,
997,0.09656663312110378,96.3924963924964,,
998,0.06508493027280247,97.69119769119769,,
999,0.08530506807746309,96.96969696969697,,
1000,0.06984821049171308,97.97979797979798,0.845929067823794,89.6103896103896
