epoch,train_loss,train_acc,test_loss,test_acc
1,2.250223789787536,16.219667943805874,2.276327287877789,19.84732824427481
2,2.0571572360407804,31.673052362707534,,
3,1.8587478195265945,39.20817369093231,,
4,1.6809605719333711,47.89272030651341,,
5,1.5283620314884308,53.00127713920817,,
6,1.381723777392206,57.47126436781609,,
7,1.2852568277758505,61.17496807151979,,
8,1.1781923694781111,66.5389527458493,,
9,1.1275014451028134,68.45466155810983,,
10,1.020759981710792,71.9029374201788,,
11,0.973102461637056,71.64750957854406,,
12,0.8923092919138961,75.2234993614304,,
13,0.8695856131051845,75.98978288633461,,
14,0.7914835583813498,79.3103448275862,,
15,0.7955468301572105,78.79948914431674,,
16,0.7689616712117103,77.90549169859514,,
17,0.7153036629407646,80.5874840357599,,
18,0.713130849683574,79.56577266922095,,
19,0.6710168393864029,81.99233716475096,,
20,0.6493474887172533,82.6309067688378,,
21,0.6288727155742669,82.88633461047255,,
22,0.6000458667409222,84.41890166028097,,
23,0.5952424882015506,82.6309067688378,,
24,0.5589773607741219,84.92975734355045,,
25,0.5258826732559375,85.56832694763729,0.5746641635667277,84.35114503816794
26,0.5320408590908708,85.56832694763729,,
27,0.5264422190904922,85.05747126436782,,
28,0.5186835541122261,84.92975734355045,,
29,0.4876519102855356,85.82375478927203,,
30,0.48564872739415516,85.69604086845466,,
31,0.47272930847121686,87.48403575989784,,
32,0.4953424857494018,85.82375478927203,,
33,0.46529158515948443,89.14431673052363,,
34,0.4393253424615239,87.73946360153256,,
35,0.43790678666621485,88.50574712643679,,
36,0.43595473569167226,87.35632183908046,,
37,0.41568252554646246,89.14431673052363,,
38,0.41597178665918716,89.272030651341,,
39,0.38451701402664185,90.16602809706258,,
40,0.4173900425662483,88.12260536398468,,
41,0.37799568415297097,89.52745849297574,,
42,0.3979726311195247,88.37803320561942,,
43,0.3530933984280546,91.18773946360153,,
44,0.34171695609506825,90.80459770114942,,
45,0.34404927625357723,90.42145593869732,,
46,0.3610622335515564,90.80459770114942,,
47,0.3371315678417454,90.80459770114942,,
48,0.3487167987558577,90.16602809706258,,
49,0.3335647887501528,90.67688378033206,,
50,0.33081217279531644,91.3154533844189,0.42958214213602414,88.16793893129771
