epoch,train_loss,train_acc,test_loss,test_acc
1,0.6847544751126012,55.98845598845599,0.69063798483316,55.84415584415584
2,0.6891869080359113,55.84415584415584,,
3,0.6875627277389406,55.98845598845599,,
4,0.6879164887885166,55.98845598845599,,
5,0.6868691644799314,55.98845598845599,,
6,0.6866567785949762,55.98845598845599,,
7,0.68675722343065,55.98845598845599,,
8,0.6863568916293278,55.98845598845599,,
9,0.6861606416592179,55.98845598845599,,
10,0.6850952990299352,55.98845598845599,,
11,0.6856714402786409,55.98845598845599,,
12,0.6860939582532962,55.98845598845599,,
13,0.6852149495486746,55.98845598845599,,
14,0.6871355452062764,55.98845598845599,,
15,0.6862841156482008,55.98845598845599,,
16,0.6846066509490405,55.98845598845599,,
17,0.6856825801545235,55.98845598845599,,
18,0.6841458493324929,55.98845598845599,,
19,0.6853049207387376,55.98845598845599,,
20,0.6847939200559564,55.98845598845599,,
21,0.6844713234626197,55.98845598845599,,
22,0.6836989521980286,55.98845598845599,,
23,0.6849859833373307,55.98845598845599,,
24,0.6847834574195729,55.98845598845599,,
25,0.6840708240286096,55.98845598845599,0.6844392155672049,55.84415584415584
26,0.6818168619150379,55.98845598845599,,
27,0.6812890903086202,55.98845598845599,,
28,0.6802757861466291,55.98845598845599,,
29,0.6808053522570997,55.98845598845599,,
30,0.6781234739490746,55.98845598845599,,
31,0.6776530675557785,55.98845598845599,,
32,0.6788138655185011,55.98845598845599,,
33,0.6757933259182334,55.98845598845599,,
34,0.6772388173388196,55.98845598845599,,
35,0.6733305712282915,55.98845598845599,,
36,0.6728953812029455,55.98845598845599,,
37,0.6707925877357802,55.98845598845599,,
38,0.6694001447930824,55.98845598845599,,
39,0.6656913931923684,55.98845598845599,,
40,0.6668734793023113,55.98845598845599,,
41,0.6635758434711253,55.98845598845599,,
42,0.662487055488135,55.98845598845599,,
43,0.660512076569842,55.98845598845599,,
44,0.6602408670071743,55.98845598845599,,
45,0.6583921118904158,55.98845598845599,,
46,0.6537256346636521,55.98845598845599,,
47,0.65516477917868,55.98845598845599,,
48,0.6506755446630811,55.98845598845599,,
49,0.6500202111179523,55.98845598845599,,
50,0.6441082691217398,55.98845598845599,0.6472630512404751,55.84415584415584
51,0.6422370445160639,55.98845598845599,,
52,0.6401898264024852,55.98845598845599,,
53,0.634832386674647,55.98845598845599,,
54,0.6361423134373724,55.98845598845599,,
55,0.6273033575062111,58.58585858585859,,
56,0.6229026666795364,63.05916305916306,,
57,0.6208467745849753,63.2034632034632,,
58,0.6126731225164421,66.37806637806638,,
59,0.612178924193802,65.07936507936508,,
60,0.6052399044601088,64.7907647907648,,
61,0.5938227142262424,66.66666666666667,,
62,0.5923588645750654,68.1096681096681,,
63,0.5860091337737927,66.95526695526695,,
64,0.5734229235336034,70.12987012987013,,
65,0.5884350102185171,66.95526695526695,,
66,0.5781792773828878,68.1096681096681,,
67,0.5619011518759128,71.86147186147186,,
68,0.5871992132708452,69.26406926406926,,
69,0.5752297366766359,69.6969696969697,,
70,0.5593610679432427,70.56277056277057,,
71,0.5616840155093701,69.84126984126983,,
72,0.5462861839482966,73.44877344877345,,
73,0.5492420896651253,73.88167388167388,,
74,0.5362543056881617,72.15007215007215,,
75,0.5384446772146019,71.71717171717172,0.5357672583747219,70.12987012987013
76,0.5399993351011565,72.43867243867244,,
77,0.5322591950539043,73.3044733044733,,
78,0.5199313190420297,75.03607503607503,,
79,0.5131331798318145,73.88167388167388,,
80,0.5123783527170597,74.74747474747475,,
81,0.5156332853036526,75.75757575757575,,
82,0.5056784958894462,75.32467532467533,,
83,0.5048457784914179,76.19047619047619,,
84,0.5114204016598788,74.60317460317461,,
85,0.5085079701775941,74.60317460317461,,
86,0.48628484686731777,78.93217893217893,,
87,0.4950348012375109,76.62337662337663,,
88,0.504359450519171,77.05627705627705,,
89,0.484695773835134,77.92207792207792,,
90,0.48287226162947616,77.63347763347764,,
91,0.4877743165816408,76.91197691197691,,
92,0.47188802069915836,78.06637806637806,,
93,0.4877874114124634,78.06637806637806,,
94,0.46669233886022415,80.37518037518038,,
95,0.4703179927271338,77.92207792207792,,
96,0.46981261406109964,78.21067821067821,,
97,0.4754185569492769,79.07647907647907,,
98,0.47006658218467734,78.35497835497836,,
99,0.47639390495088363,79.07647907647907,,
100,0.4594044402392224,79.07647907647907,0.4584510655372174,80.51948051948052
101,0.45686980036946084,79.36507936507937,,
102,0.43750096545763,79.22077922077922,,
103,0.45476027114738804,78.35497835497836,,
104,0.43317075234987,81.81818181818181,,
105,0.4300353146046615,82.1067821067821,,
106,0.4212198161975646,81.96248196248196,,
107,0.44461794354526857,80.37518037518038,,
108,0.4216616476252998,82.25108225108225,,
109,0.4358219255788674,81.52958152958153,,
110,0.41920877062053047,80.95238095238095,,
111,0.41745273476469225,82.25108225108225,,
112,0.42220021180088213,80.66378066378067,,
113,0.4180041988088627,81.24098124098124,,
114,0.4281903464040715,80.51948051948052,,
115,0.4097324690175435,83.11688311688312,,
116,0.4306776084081091,81.67388167388168,,
117,0.4105096732039128,82.53968253968254,,
118,0.3976363663549547,84.12698412698413,,
119,0.4221640911711243,82.3953823953824,,
120,0.4286293117772965,81.96248196248196,,
121,0.40023357643709556,81.96248196248196,,
122,0.40054104721219336,83.54978354978356,,
123,0.39907212895146355,82.25108225108225,,
124,0.40399224632574193,84.27128427128427,,
125,0.40459156036376953,83.69408369408369,0.44212701220016976,80.51948051948052
126,0.40929065913521023,82.3953823953824,,
127,0.39461321541757294,84.41558441558442,,
128,0.3914946501303201,85.42568542568543,,
129,0.38418747869576897,85.56998556998558,,
130,0.3802447356444933,84.55988455988457,,
131,0.40815808195056336,80.23088023088023,,
132,0.3710419282338664,88.16738816738817,,
133,0.3714177261441301,84.41558441558442,,
134,0.37915633328549275,84.12698412698413,,
135,0.364358703467409,84.41558441558442,,
136,0.399124737210776,82.68398268398268,,
137,0.39635093750977757,83.11688311688312,,
138,0.38392217106805393,85.71428571428571,,
139,0.37594626953591515,82.68398268398268,,
140,0.38461875537085155,82.82828282828282,,
141,0.36935423660759975,83.98268398268398,,
142,0.37576422929591774,85.56998556998558,,
143,0.35926976292508334,84.84848484848484,,
144,0.38940719505409144,83.54978354978356,,
145,0.36950006671411134,86.58008658008659,,
146,0.37182244894996525,85.85858585858585,,
147,0.3869342759230092,85.13708513708514,,
148,0.3641501822512903,85.13708513708514,,
149,0.3690169078619105,84.27128427128427,,
150,0.3590811537887799,85.28138528138528,0.41923697776608654,79.22077922077922
151,0.37276588728675597,84.41558441558442,,
152,0.3589310386308172,86.14718614718615,,
153,0.35479656820861466,84.12698412698413,,
154,0.3649926571360914,86.2914862914863,,
155,0.3653306545633258,83.26118326118326,,
156,0.33820648577392187,86.14718614718615,,
157,0.32948469707116074,85.56998556998558,,
158,0.35117438435554504,84.99278499278499,,
159,0.35563363175715546,84.99278499278499,,
160,0.3457928877888304,86.58008658008659,,
161,0.37991049219175504,83.40548340548341,,
162,0.36634546488222447,85.42568542568543,,
163,0.3354680931671357,86.14718614718615,,
164,0.3329721572251203,87.3015873015873,,
165,0.33788366411499476,86.43578643578644,,
166,0.3478016086987087,85.71428571428571,,
167,0.3596375910148648,84.12698412698413,,
168,0.3514667970449549,84.7041847041847,,
169,0.3659730858531005,84.7041847041847,,
170,0.3267164889610175,88.31168831168831,,
171,0.353792547126009,85.42568542568543,,
172,0.33534445236255594,87.3015873015873,,
173,0.33403165049281125,87.44588744588745,,
174,0.3512937876827273,86.002886002886,,
175,0.32512002099644055,87.3015873015873,0.4263517695974994,79.22077922077922
176,0.33002856989830603,88.16738816738817,,
177,0.34370430710511807,86.2914862914863,,
178,0.3332884000321315,85.56998556998558,,
179,0.3375201060142352,86.002886002886,,
180,0.33329181315062884,86.43578643578644,,
181,0.3386437767769867,86.86868686868686,,
182,0.34310369634353066,84.84848484848484,,
183,0.3260846035649078,88.31168831168831,,
184,0.31546534918259406,87.3015873015873,,
185,0.3330395505004287,87.73448773448773,,
186,0.33440471968437513,86.2914862914863,,
187,0.33347551081689747,86.14718614718615,,
188,0.322730201233345,86.72438672438672,,
189,0.30975822495863725,88.74458874458874,,
190,0.30250827101573974,87.3015873015873,,
191,0.3418494508552001,85.85858585858585,,
192,0.30288280970262416,89.46608946608947,,
193,0.3111678007963244,87.01298701298701,,
194,0.32458598625780355,89.46608946608947,,
195,0.3158553911407961,88.16738816738817,,
196,0.3209024452608385,86.72438672438672,,
197,0.3193756671350928,86.86868686868686,,
198,0.2860218889441497,89.6103896103896,,
199,0.3144034314013663,88.31168831168831,,
200,0.3058597595574708,88.31168831168831,0.39608510961006216,83.11688311688312
201,0.30366142386567885,88.02308802308802,,
202,0.33003603143437427,86.58008658008659,,
203,0.3184590009491337,87.44588744588745,,
204,0.3034585744228542,88.45598845598846,,
205,0.3016794935449377,88.45598845598846,,
206,0.31390945834858935,89.46608946608947,,
207,0.29806302515803307,90.04329004329004,,
208,0.2982553792808307,88.74458874458874,,
209,0.3189589509372243,87.73448773448773,,
210,0.3005420570335691,88.31168831168831,,
211,0.3019640924352588,88.31168831168831,,
212,0.29141079523690677,89.32178932178932,,
213,0.3029563171307934,89.46608946608947,,
214,0.276357061956696,88.60028860028861,,
215,0.2906468775967327,89.03318903318903,,
216,0.30221200823611855,87.5901875901876,,
217,0.28820446075557116,88.45598845598846,,
218,0.2856330559367225,88.88888888888889,,
219,0.2714813102095846,90.04329004329004,,
220,0.28600132482564466,89.17748917748918,,
221,0.2927142438434419,88.60028860028861,,
222,0.30043961828061166,88.45598845598846,,
223,0.2987909152738288,88.88888888888889,,
224,0.27059532428888705,89.8989898989899,,
225,0.27391695522556747,89.03318903318903,0.40276130492036993,84.41558441558442
226,0.31045532771648265,88.16738816738817,,
227,0.2714945717807456,89.6103896103896,,
228,0.2779701252993395,89.32178932178932,,
229,0.27350266991669653,89.75468975468975,,
230,0.26523277662361167,90.33189033189034,,
231,0.2853880331543789,89.17748917748918,,
232,0.2922537483350195,88.02308802308802,,
233,0.2916860902980293,88.60028860028861,,
234,0.29336464297547826,89.17748917748918,,
235,0.2738772843780284,90.18759018759019,,
236,0.28779990870027145,89.8989898989899,,
237,0.2863557167555519,88.88888888888889,,
238,0.2751831571433107,89.32178932178932,,
239,0.2771902462577751,89.32178932178932,,
240,0.27016897669430245,89.6103896103896,,
241,0.289235854303682,87.87878787878788,,
242,0.2719725731217328,89.03318903318903,,
243,0.2592298442882205,89.46608946608947,,
244,0.26758624021969146,90.33189033189034,,
245,0.253035191349782,91.63059163059162,,
246,0.27345150898373316,89.17748917748918,,
247,0.27693072385000117,87.44588744588745,,
248,0.2839574139957648,88.74458874458874,,
249,0.28587645352488816,89.46608946608947,,
250,0.28359259086597877,88.31168831168831,0.41403519313830833,84.41558441558442
251,0.2822115549019405,88.60028860028861,,
252,0.29297515651020306,88.88888888888889,,
253,0.2703986290901426,90.47619047619048,,
254,0.27162311672304273,90.47619047619048,,
255,0.25978578418536274,90.18759018759019,,
256,0.25363853639381445,89.32178932178932,,
257,0.2852916239961057,89.32178932178932,,
258,0.25069228913446867,90.18759018759019,,
259,0.25379977593518266,90.62049062049061,,
260,0.2900649517731577,90.76479076479076,,
261,0.2591352641453475,89.75468975468975,,
262,0.24696173777999988,91.34199134199135,,
263,0.23899208230717703,90.04329004329004,,
264,0.24400351910407064,91.48629148629149,,
265,0.27108551237146233,90.9090909090909,,
266,0.25740523840613866,90.04329004329004,,
267,0.2586166783844754,89.6103896103896,,
268,0.2411458981028539,91.1976911976912,,
269,0.2697581932873265,88.60028860028861,,
270,0.2695122951531479,89.8989898989899,,
271,0.25361626680193183,90.04329004329004,,
272,0.24634679212284638,90.9090909090909,,
273,0.2709508609634113,89.8989898989899,,
274,0.2775594417064909,88.74458874458874,,
275,0.25943640230322984,91.1976911976912,0.4229490486058322,85.71428571428571
276,0.26051389934524655,90.76479076479076,,
277,0.2534784432527479,90.47619047619048,,
278,0.25704577802794665,89.8989898989899,,
279,0.21872606821906515,92.78499278499278,,
280,0.2473937566963281,91.05339105339105,,
281,0.2590747441220249,89.75468975468975,,
282,0.2439716417788599,90.62049062049061,,
283,0.2585361740117809,89.8989898989899,,
284,0.2433292492686584,91.77489177489177,,
285,0.27285746655938947,89.75468975468975,,
286,0.2709521603640196,88.74458874458874,,
287,0.2295922576133995,91.91919191919192,,
288,0.22335210627463645,91.91919191919192,,
289,0.23696009973856966,92.06349206349206,,
290,0.2646074615214638,89.32178932178932,,
291,0.23201370901531643,91.48629148629149,,
292,0.23722496882489577,91.63059163059162,,
293,0.22121869124375382,93.79509379509379,,
294,0.2493631492219704,91.63059163059162,,
295,0.24001486498384075,90.18759018759019,,
296,0.23667012057220094,89.75468975468975,,
297,0.22963505233994122,91.77489177489177,,
298,0.23765525011101155,91.1976911976912,,
299,0.22940935957827438,91.48629148629149,,
300,0.2264764311939779,92.78499278499278,0.4125408330908069,81.81818181818181
301,0.22335585261578167,91.34199134199135,,
302,0.24124583275115163,90.9090909090909,,
303,0.25089922803218917,90.76479076479076,,
304,0.2533039951651299,90.76479076479076,,
305,0.22882883635606258,92.92929292929293,,
306,0.23328064921786432,90.33189033189034,,
307,0.21708790641842465,91.63059163059162,,
308,0.22707385947177935,91.91919191919192,,
309,0.23038183473061347,92.35209235209236,,
310,0.2348027481747224,90.18759018759019,,
311,0.23842360687806322,90.76479076479076,,
312,0.23107128354894135,91.1976911976912,,
313,0.23348720829724234,91.05339105339105,,
314,0.24497279636615626,90.62049062049061,,
315,0.22966386582084206,90.9090909090909,,
316,0.21801119741767344,92.06349206349206,,
317,0.20420540269319112,93.21789321789322,,
318,0.23533230232986022,90.47619047619048,,
319,0.22276160308034906,91.63059163059162,,
320,0.24227446146191112,90.62049062049061,,
321,0.2317325524867527,91.05339105339105,,
322,0.21838718700030493,91.48629148629149,,
323,0.23155377450443448,92.4963924963925,,
324,0.21790823551139446,92.20779220779221,,
325,0.23825930800788847,90.47619047619048,0.40388235701369,87.01298701298701
326,0.21918482131299175,92.4963924963925,,
327,0.2183238822015333,93.21789321789322,,
328,0.19860135932677409,92.4963924963925,,
329,0.22576199269827998,91.48629148629149,,
330,0.22954843656669274,91.05339105339105,,
331,0.23359741728543204,90.9090909090909,,
332,0.22273994328569713,91.1976911976912,,
333,0.25283179977239467,90.33189033189034,,
334,0.22531720690568977,90.04329004329004,,
335,0.21602119894598815,92.92929292929293,,
336,0.21307674651860675,93.07359307359307,,
337,0.20531331538121939,92.92929292929293,,
338,0.21734852908235608,91.34199134199135,,
339,0.2176661261694686,92.35209235209236,,
340,0.2245119699259513,92.20779220779221,,
341,0.2321601231699382,90.76479076479076,,
342,0.2267442573114563,91.63059163059162,,
343,0.1898582326127337,94.37229437229438,,
344,0.21579890077850347,92.35209235209236,,
345,0.25816101414214654,91.48629148629149,,
346,0.21372458611817932,92.35209235209236,,
347,0.2181047528853148,93.36219336219337,,
348,0.2282344274878674,91.48629148629149,,
349,0.2002539483730884,93.50649350649351,,
350,0.20834988132011667,92.78499278499278,0.4205292665532657,85.71428571428571
351,0.21432812694691306,92.20779220779221,,
352,0.2111467510504812,92.20779220779221,,
353,0.21649738058211312,92.92929292929293,,
354,0.24783149115945527,91.77489177489177,,
355,0.2220041538557793,91.77489177489177,,
356,0.21736697184962112,91.63059163059162,,
357,0.222840453316639,92.92929292929293,,
358,0.2043262358867761,93.65079365079364,,
359,0.21344752943016923,91.63059163059162,,
360,0.22487974170633038,91.91919191919192,,
361,0.20837176015968792,92.20779220779221,,
362,0.20323160217609929,92.4963924963925,,
363,0.2116001925685189,92.20779220779221,,
364,0.20055502670323866,91.63059163059162,,
365,0.20996938260946782,92.64069264069263,,
366,0.19344900272152296,93.07359307359307,,
367,0.1987325582024339,92.35209235209236,,
368,0.22468934895156265,91.34199134199135,,
369,0.19215883830667058,93.07359307359307,,
370,0.19015004660014984,93.79509379509379,,
371,0.20763311137325663,92.78499278499278,,
372,0.21819705265597003,91.91919191919192,,
373,0.20652606730681305,92.64069264069263,,
374,0.21744705519462904,92.06349206349206,,
375,0.1727292573275676,93.93939393939394,0.4171997310666295,84.41558441558442
376,0.2120600849132001,92.4963924963925,,
377,0.20807918005530193,92.35209235209236,,
378,0.20345302001394408,92.20779220779221,,
379,0.19832659296659164,91.77489177489177,,
380,0.2027122163755381,93.50649350649351,,
381,0.20278210927225637,92.78499278499278,,
382,0.2059187978764117,92.64069264069263,,
383,0.20946323142681286,91.1976911976912,,
384,0.2206060014675878,91.91919191919192,,
385,0.21141336269106872,92.20779220779221,,
386,0.22690947810765813,89.75468975468975,,
387,0.1798991139488991,94.22799422799423,,
388,0.19576427334056787,92.64069264069263,,
389,0.2171212203510396,93.07359307359307,,
390,0.1873140541936068,93.65079365079364,,
391,0.17641784546394196,93.79509379509379,,
392,0.19675158098619566,92.78499278499278,,
393,0.18704558083247314,92.78499278499278,,
394,0.20928483295105235,91.91919191919192,,
395,0.2051089048213601,91.77489177489177,,
396,0.1823035314421117,93.50649350649351,,
397,0.18920352672257637,93.65079365079364,,
398,0.21236778451680793,91.77489177489177,,
399,0.19143949479165703,93.36219336219337,,
400,0.20382773889091624,92.35209235209236,0.43173672084684495,87.01298701298701
401,0.1716013378309137,93.36219336219337,,
402,0.2083928356253546,91.91919191919192,,
403,0.17777810154367146,93.65079365079364,,
404,0.19281603152961785,93.21789321789322,,
405,0.19813283261927692,92.92929292929293,,
406,0.2154022424897074,92.35209235209236,,
407,0.1889602534612708,92.35209235209236,,
408,0.19192891454520336,93.50649350649351,,
409,0.18523137492878958,92.92929292929293,,
410,0.1980414180270521,92.4963924963925,,
411,0.18475627737901942,93.50649350649351,,
412,0.18214902331216684,93.65079365079364,,
413,0.19949078277118967,93.36219336219337,,
414,0.19337993438260206,93.50649350649351,,
415,0.196418764142247,93.21789321789322,,
416,0.18937018086856922,93.50649350649351,,
417,0.18270926067839452,93.21789321789322,,
418,0.1884212126044226,93.21789321789322,,
419,0.19140396934825105,93.21789321789322,,
420,0.18560405985101477,93.36219336219337,,
421,0.16112734818183327,94.37229437229438,,
422,0.18149563584148798,94.08369408369408,,
423,0.16463345988058253,94.8051948051948,,
424,0.20491174985836078,93.07359307359307,,
425,0.1739288419270068,94.22799422799423,0.4313358412934588,84.41558441558442
426,0.17636235505557507,93.21789321789322,,
427,0.1790580807245655,93.93939393939394,,
428,0.17128646869379033,93.21789321789322,,
429,0.17403444716596672,93.93939393939394,,
430,0.16977264115003624,94.66089466089466,,
431,0.17621920822244702,92.20779220779221,,
432,0.1866525011231201,91.91919191919192,,
433,0.1935080307042616,93.50649350649351,,
434,0.1805469464688074,92.64069264069263,,
435,0.17740956155252663,93.36219336219337,,
436,0.20836330699757236,92.20779220779221,,
437,0.18750588035192153,93.21789321789322,,
438,0.17258733230902348,93.50649350649351,,
439,0.18399804630578853,93.21789321789322,,
440,0.19972035567804333,93.21789321789322,,
441,0.19201395849322345,93.07359307359307,,
442,0.17212927825399507,94.8051948051948,,
443,0.1693497792445392,94.37229437229438,,
444,0.18272726369207298,93.79509379509379,,
445,0.1725610447308374,93.50649350649351,,
446,0.18768912803215038,93.65079365079364,,
447,0.17450119161502622,93.65079365079364,,
448,0.16846112589638085,94.08369408369408,,
449,0.18321055509311296,92.64069264069263,,
450,0.1673429078956015,94.66089466089466,0.4650653178815718,84.41558441558442
451,0.1809401831671617,95.38239538239539,,
452,0.19039682620359533,93.36219336219337,,
453,0.1807816078964336,92.92929292929293,,
454,0.17434035152906463,94.66089466089466,,
455,0.160440727487787,94.66089466089466,,
456,0.16883310145586944,93.36219336219337,,
457,0.19252914583786226,92.78499278499278,,
458,0.1700808633371521,93.79509379509379,,
459,0.15056842591339376,94.37229437229438,,
460,0.16675905788701678,94.8051948051948,,
461,0.17885580852434232,92.92929292929293,,
462,0.17591755403928772,93.21789321789322,,
463,0.20323405375040282,92.78499278499278,,
464,0.16366863534564063,93.50649350649351,,
465,0.16393231311315754,94.22799422799423,,
466,0.16053365190307817,93.79509379509379,,
467,0.16788683572050297,94.8051948051948,,
468,0.16656844681303568,93.65079365079364,,
469,0.17833041015899542,93.21789321789322,,
470,0.17794924505689272,93.65079365079364,,
471,0.1696911205202986,94.66089466089466,,
472,0.1631038026376204,94.22799422799423,,
473,0.15318334706847975,94.8051948051948,,
474,0.17556491816714728,93.50649350649351,,
475,0.1470781158424731,94.37229437229438,0.45284574798175264,87.01298701298701
476,0.16501636451585985,94.51659451659452,,
477,0.16068246089255311,94.51659451659452,,
478,0.16005037916343107,93.65079365079364,,
479,0.13863840143358896,95.23809523809524,,
480,0.1503479147348741,94.37229437229438,,
481,0.163243849588421,94.08369408369408,,
482,0.15239691906333142,95.23809523809524,,
483,0.15771116224395765,93.65079365079364,,
484,0.16047995241861496,94.66089466089466,,
485,0.16291536380030203,93.93939393939394,,
486,0.17452267040249933,93.79509379509379,,
487,0.1907355912018992,92.64069264069263,,
488,0.17097497031544195,94.94949494949495,,
489,0.15718030689813703,93.93939393939394,,
490,0.13706991936565305,95.67099567099567,,
491,0.15796367224160726,94.51659451659452,,
492,0.18058988208711835,93.07359307359307,,
493,0.1792978486328414,93.50649350649351,,
494,0.1492088645761147,93.93939393939394,,
495,0.1489732006583551,94.8051948051948,,
496,0.14628118397547052,94.22799422799423,,
497,0.16529215934644703,94.22799422799423,,
498,0.18996560711193222,94.37229437229438,,
499,0.15022914777382199,95.52669552669553,,
500,0.1777041782806446,94.22799422799423,0.47733680429783737,88.31168831168831
501,0.13659430001721237,94.94949494949495,,
502,0.17657483683718964,92.20779220779221,,
503,0.15853161734635007,94.8051948051948,,
504,0.16203561433810004,94.51659451659452,,
505,0.16758798546605297,93.65079365079364,,
506,0.1424969642558827,94.66089466089466,,
507,0.14278053605195248,94.8051948051948,,
508,0.14479801641484188,94.37229437229438,,
509,0.1702986059100253,94.51659451659452,,
510,0.1662115305017083,93.93939393939394,,
511,0.1732707139088478,93.50649350649351,,
512,0.14298288715522184,95.23809523809524,,
513,0.16626336843764455,93.93939393939394,,
514,0.16124516532018587,94.08369408369408,,
515,0.15813688768280876,94.37229437229438,,
516,0.16801180098135923,93.65079365079364,,
517,0.1617349965221008,94.37229437229438,,
518,0.1335476232964067,94.94949494949495,,
519,0.15705623994830023,93.65079365079364,,
520,0.15018093848297262,95.23809523809524,,
521,0.14593696134086984,94.51659451659452,,
522,0.14416661587628452,94.66089466089466,,
523,0.17640501174747858,92.4963924963925,,
524,0.14597889178931112,93.93939393939394,,
525,0.16868243696541668,93.07359307359307,0.4959906062909535,87.01298701298701
526,0.13089166821382434,95.23809523809524,,
527,0.18475601217920473,93.21789321789322,,
528,0.12648890544841815,95.81529581529581,,
529,0.12906826553062614,96.3924963924964,,
530,0.16983669781237626,93.07359307359307,,
531,0.1461031764562942,94.37229437229438,,
532,0.1704762333743328,94.08369408369408,,
533,0.15408772965530296,94.37229437229438,,
534,0.13716107176839876,95.52669552669553,,
535,0.14692228297672058,94.22799422799423,,
536,0.15171696939660184,94.94949494949495,,
537,0.13263432388590357,94.22799422799423,,
538,0.14677929714816645,94.8051948051948,,
539,0.1340646594547778,94.94949494949495,,
540,0.15570511681284396,94.08369408369408,,
541,0.13954146752539823,95.0937950937951,,
542,0.1606316879112139,94.37229437229438,,
543,0.14486714453580232,94.51659451659452,,
544,0.12734665989359736,96.53679653679653,,
545,0.13773847772359504,95.52669552669553,,
546,0.14376388786933122,94.94949494949495,,
547,0.13355066247209155,95.23809523809524,,
548,0.14840373011980565,94.37229437229438,,
549,0.16787144664572862,94.51659451659452,,
550,0.13490614074606228,95.38239538239539,0.5014123596347771,85.71428571428571
551,0.14455946903638164,94.8051948051948,,
552,0.14403582999716588,95.23809523809524,,
553,0.1447831675071608,94.37229437229438,,
554,0.14166375822663135,94.66089466089466,,
555,0.14271235126265544,95.23809523809524,,
556,0.14787193423763326,95.52669552669553,,
557,0.1294128763426262,95.52669552669553,,
558,0.1282545170473932,95.67099567099567,,
559,0.16601460720553543,93.36219336219337,,
560,0.124602818375112,95.95959595959596,,
561,0.14936533550937453,94.66089466089466,,
562,0.1403597446849293,93.93939393939394,,
563,0.14608031201672245,95.23809523809524,,
564,0.168600170987337,93.79509379509379,,
565,0.13001346209692577,94.8051948051948,,
566,0.14466172944845748,94.37229437229438,,
567,0.14459224976330437,94.51659451659452,,
568,0.16868910764869502,94.51659451659452,,
569,0.1348649906511936,93.93939393939394,,
570,0.1450307077659673,93.93939393939394,,
571,0.12756034892057788,94.94949494949495,,
572,0.13263232127627597,95.52669552669553,,
573,0.1317665989727083,96.3924963924964,,
574,0.1231823650311039,95.95959595959596,,
575,0.13673286314134475,95.95959595959596,0.49942569362072203,88.31168831168831
576,0.15045541108815702,94.66089466089466,,
577,0.1415028324321149,95.23809523809524,,
578,0.13800029099675656,95.67099567099567,,
579,0.12344121526588094,95.67099567099567,,
580,0.13771990840397183,94.94949494949495,,
581,0.1241042007615556,95.23809523809524,,
582,0.14778685441823922,94.51659451659452,,
583,0.12388194572250393,96.3924963924964,,
584,0.12064676734747858,95.23809523809524,,
585,0.15444660810337094,94.37229437229438,,
586,0.13629254309559968,95.67099567099567,,
587,0.14011212501777026,94.37229437229438,,
588,0.13095396462543013,95.23809523809524,,
589,0.12933815581103167,95.23809523809524,,
590,0.15186945495194343,94.22799422799423,,
591,0.1347205541802175,95.52669552669553,,
592,0.11529577661085266,96.96969696969697,,
593,0.13347418996549787,94.08369408369408,,
594,0.1297209806643523,95.23809523809524,,
595,0.13811278466301907,94.37229437229438,,
596,0.18539796346559326,95.67099567099567,,
597,0.1253474351706744,95.38239538239539,,
598,0.13441745027319177,95.52669552669553,,
599,0.1744422410059758,93.79509379509379,,
600,0.1173257798515529,95.81529581529581,0.5290758493658784,87.01298701298701
601,0.1506127371233693,94.66089466089466,,
602,0.12836496799668193,95.52669552669553,,
603,0.12985269877183403,96.1038961038961,,
604,0.1453112874712263,94.94949494949495,,
605,0.11614667135055619,96.53679653679653,,
606,0.13393552072378465,95.67099567099567,,
607,0.12407935745637826,95.95959595959596,,
608,0.13035087265923598,95.0937950937951,,
609,0.11716648576576881,96.53679653679653,,
610,0.1613750739606342,94.8051948051948,,
611,0.13304541745958218,95.23809523809524,,
612,0.1560450412795313,94.66089466089466,,
613,0.13648656791164762,95.67099567099567,,
614,0.13841873033222182,95.23809523809524,,
615,0.151167475149401,93.79509379509379,,
616,0.1482806848939965,95.0937950937951,,
617,0.13663048457359683,94.8051948051948,,
618,0.10371458389047765,96.53679653679653,,
619,0.12156079108403488,95.81529581529581,,
620,0.14014265699175013,94.51659451659452,,
621,0.1353878727744496,94.37229437229438,,
622,0.11898428503784095,97.25829725829726,,
623,0.1412327132183752,95.81529581529581,,
624,0.15022975103701175,95.38239538239539,,
625,0.11293819361778909,96.1038961038961,0.5397947077433785,88.31168831168831
626,0.1307675526363165,95.23809523809524,,
627,0.15197575330992283,94.51659451659452,,
628,0.1421701457381012,95.0937950937951,,
629,0.1243056266811847,95.23809523809524,,
630,0.1064979083094246,96.53679653679653,,
631,0.1399391719051415,95.38239538239539,,
632,0.1381135287427197,94.94949494949495,,
633,0.13453233325894262,95.38239538239539,,
634,0.13551693904236453,95.67099567099567,,
635,0.1368510876426105,95.23809523809524,,
636,0.13866409334699484,94.94949494949495,,
637,0.1279639086725048,96.1038961038961,,
638,0.11514670711983678,96.3924963924964,,
639,0.15398266083126805,93.93939393939394,,
640,0.14303668083093554,94.37229437229438,,
641,0.11985934322530573,95.52669552669553,,
642,0.12188436202758662,96.24819624819625,,
643,0.12925963901510143,95.38239538239539,,
644,0.13608019367871002,94.94949494949495,,
645,0.1568931228928752,95.81529581529581,,
646,0.13244296530796507,96.1038961038961,,
647,0.14619481639901624,94.8051948051948,,
648,0.12938519933867076,95.52669552669553,,
649,0.13130233616905468,94.94949494949495,,
650,0.12434655043039831,95.23809523809524,0.5865716630375231,85.71428571428571
651,0.13433501614636673,95.0937950937951,,
652,0.1235895265232433,95.52669552669553,,
653,0.11331821411772809,95.95959595959596,,
654,0.12132874202227803,96.3924963924964,,
655,0.12145540033282999,96.1038961038961,,
656,0.11825911917899766,95.67099567099567,,
657,0.12141993538641827,96.68109668109668,,
658,0.11722448749889715,95.52669552669553,,
659,0.10843064766619112,96.68109668109668,,
660,0.12517211202419165,95.95959595959596,,
661,0.13768599020024228,95.23809523809524,,
662,0.1415343646492277,94.94949494949495,,
663,0.10970046915232189,96.96969696969697,,
664,0.12407860187827079,95.52669552669553,,
665,0.13271324188162237,94.8051948051948,,
666,0.10976226750390354,96.68109668109668,,
667,0.11800455370807716,95.52669552669553,,
668,0.12383574334444938,95.81529581529581,,
669,0.1333241808573577,95.38239538239539,,
670,0.11295068719589607,95.38239538239539,,
671,0.1323326974730901,94.37229437229438,,
672,0.11796526345296683,95.81529581529581,,
673,0.12644625855623215,95.67099567099567,,
674,0.1169280658304256,95.67099567099567,,
675,0.13954223444669214,95.23809523809524,0.6560839751324097,84.41558441558442
676,0.1293615423852489,96.1038961038961,,
677,0.11837991272216235,94.94949494949495,,
678,0.10496111482940883,96.53679653679653,,
679,0.12185575685384556,96.3924963924964,,
680,0.13594972096050284,95.67099567099567,,
681,0.10762364777479681,95.81529581529581,,
682,0.11935742829441164,95.95959595959596,,
683,0.14793306758457964,94.8051948051948,,
684,0.11739895835755364,95.67099567099567,,
685,0.13814140983130166,96.1038961038961,,
686,0.09539434855096957,96.96969696969697,,
687,0.11752050472047142,94.8051948051948,,
688,0.1314533625072215,95.23809523809524,,
689,0.14464473351836205,94.66089466089466,,
690,0.09969787890948946,96.68109668109668,,
691,0.12233488173002288,95.52669552669553,,
692,0.12872434789140158,95.81529581529581,,
693,0.11942839598307362,96.3924963924964,,
694,0.10395111704801584,96.3924963924964,,
695,0.1127729294405011,95.67099567099567,,
696,0.11371246255493439,96.53679653679653,,
697,0.12845676835266198,95.52669552669553,,
698,0.1016040990212435,96.68109668109668,,
699,0.11511548632194125,94.8051948051948,,
700,0.14225147631352641,95.81529581529581,0.6361009019922901,84.41558441558442
701,0.12458245236894269,95.67099567099567,,
702,0.09836798622494652,96.82539682539682,,
703,0.11815133161337517,95.38239538239539,,
704,0.1047258253705192,96.53679653679653,,
705,0.08891935126175957,97.11399711399712,,
706,0.11808129025066828,95.52669552669553,,
707,0.11557824879583686,96.53679653679653,,
708,0.10588711162580212,96.1038961038961,,
709,0.1039486825896204,96.68109668109668,,
710,0.11377845806154338,95.38239538239539,,
711,0.12764213112697628,94.66089466089466,,
712,0.10754336694102266,96.68109668109668,,
713,0.11790154313112235,95.95959595959596,,
714,0.10750584269928898,96.53679653679653,,
715,0.11334828583021013,95.81529581529581,,
716,0.09942298119653871,96.53679653679653,,
717,0.10353917580146293,96.24819624819625,,
718,0.1248028969867921,94.66089466089466,,
719,0.13349946307671534,95.81529581529581,,
720,0.10972367524348124,96.3924963924964,,
721,0.11810062976196559,95.81529581529581,,
722,0.10420093219861667,96.1038961038961,,
723,0.09884733591674898,96.53679653679653,,
724,0.13108017331615499,96.1038961038961,,
725,0.11617878068663169,95.95959595959596,0.6879906803369522,85.71428571428571
726,0.12060791230525332,95.38239538239539,,
727,0.10337462698473644,96.96969696969697,,
728,0.09840058831700955,96.68109668109668,,
729,0.10642164707866539,96.24819624819625,,
730,0.11455276507405836,96.24819624819625,,
731,0.11692553402756543,95.81529581529581,,
732,0.1381538940585537,94.8051948051948,,
733,0.08600448280261107,97.54689754689754,,
734,0.10365988069293217,95.95959595959596,,
735,0.10399305340016703,96.82539682539682,,
736,0.11443464507981813,95.81529581529581,,
737,0.08879843873508049,96.68109668109668,,
738,0.09576090856375977,96.53679653679653,,
739,0.08957584652764801,97.11399711399712,,
740,0.10711349202870979,96.82539682539682,,
741,0.1255612318641889,95.67099567099567,,
742,0.09809162978668835,96.3924963924964,,
743,0.09954859374405502,96.24819624819625,,
744,0.10264050034862576,96.3924963924964,,
745,0.10846170677681162,96.68109668109668,,
746,0.10481341527761491,95.52669552669553,,
747,0.09830734348744369,96.3924963924964,,
748,0.12444083123840123,95.67099567099567,,
749,0.12946163499553137,95.52669552669553,,
750,0.11171380184795089,95.67099567099567,0.7423485904544979,83.11688311688312
751,0.11917197177506457,95.81529581529581,,
752,0.12073475703554064,95.23809523809524,,
753,0.10799204319457471,96.24819624819625,,
754,0.09530721845113353,96.68109668109668,,
755,0.09214498541313848,97.25829725829726,,
756,0.10323531482728873,95.67099567099567,,
757,0.11007082132248995,95.95959595959596,,
758,0.11118662879301013,95.67099567099567,,
759,0.10077298031568871,95.95959595959596,,
760,0.11324410606578832,95.38239538239539,,
761,0.11123835902881485,96.24819624819625,,
762,0.1104819585836639,95.95959595959596,,
763,0.1369689774698165,96.1038961038961,,
764,0.10609780836845029,96.68109668109668,,
765,0.0901911361156432,97.11399711399712,,
766,0.1216192932484986,95.38239538239539,,
767,0.10834496369394561,97.11399711399712,,
768,0.09891962110834979,96.82539682539682,,
769,0.10146833512217107,96.1038961038961,,
770,0.10681925512968547,96.82539682539682,,
771,0.0939733696964396,95.67099567099567,,
772,0.1126809221562025,96.3924963924964,,
773,0.08160425249546294,97.83549783549783,,
774,0.11067456819223237,95.95959595959596,,
775,0.11316598329859723,96.68109668109668,0.7351087568835779,87.01298701298701
776,0.0942050747809902,97.11399711399712,,
777,0.12090637976193497,96.1038961038961,,
778,0.10081983684159984,96.53679653679653,,
779,0.10393979571340405,96.1038961038961,,
780,0.1219627529941768,95.23809523809524,,
781,0.0992793118444098,96.53679653679653,,
782,0.0895969917806884,96.68109668109668,,
783,0.09705033520986507,97.11399711399712,,
784,0.12090370145022955,95.23809523809524,,
785,0.09918367317615649,96.24819624819625,,
786,0.09310227772288164,96.96969696969697,,
787,0.1158529491006554,95.95959595959596,,
788,0.12130982705094942,95.23809523809524,,
789,0.09849765369450891,96.82539682539682,,
790,0.10485672207030469,95.67099567099567,,
791,0.1040519576756254,96.82539682539682,,
792,0.09274261675957822,97.69119769119769,,
793,0.09868270077058591,95.95959595959596,,
794,0.10179740396928993,96.53679653679653,,
795,0.08943406341820526,96.96969696969697,,
796,0.10889222754587514,96.24819624819625,,
797,0.09909161258741547,96.3924963924964,,
798,0.1061282753729373,96.24819624819625,,
799,0.11474290545502326,95.81529581529581,,
800,0.09340420464782144,96.96969696969697,0.7569569471207532,87.01298701298701
801,0.1542708198788534,96.68109668109668,,
802,0.10883140045757074,95.52669552669553,,
803,0.10689654965679367,96.82539682539682,,
804,0.09188964429699842,97.11399711399712,,
805,0.10841157688378944,96.1038961038961,,
806,0.10596014374348336,96.82539682539682,,
807,0.09877320364773445,96.24819624819625,,
808,0.09607750389988375,96.3924963924964,,
809,0.11931358239630944,95.38239538239539,,
810,0.12400897997088763,96.1038961038961,,
811,0.11916206653457011,96.68109668109668,,
812,0.10483717911945277,96.24819624819625,,
813,0.11632113493065126,96.53679653679653,,
814,0.10739926856231552,95.52669552669553,,
815,0.10998364314866961,96.53679653679653,,
816,0.08978218558374765,97.11399711399712,,
817,0.0895069365485062,97.25829725829726,,
818,0.1080951825278834,96.3924963924964,,
819,0.0899056734740304,97.54689754689754,,
820,0.11686629005862349,96.1038961038961,,
821,0.08247100752153438,97.69119769119769,,
822,0.10382455006822364,96.53679653679653,,
823,0.09832709261134245,96.53679653679653,,
824,0.1093526544549313,96.24819624819625,,
825,0.13111790034699577,95.95959595959596,0.7435961029939837,87.01298701298701
826,0.10904041068389216,95.95959595959596,,
827,0.0971772200327157,96.3924963924964,,
828,0.10832941241852649,96.68109668109668,,
829,0.10148351923340843,96.24819624819625,,
830,0.09010303453750597,96.24819624819625,,
831,0.10312438464147666,95.67099567099567,,
832,0.10179596698794563,96.82539682539682,,
833,0.1091898302796255,95.23809523809524,,
834,0.08880408911348937,97.54689754689754,,
835,0.1310531245245535,95.38239538239539,,
836,0.08433748005444525,96.96969696969697,,
837,0.10537355499876956,96.53679653679653,,
838,0.09362202865027246,97.25829725829726,,
839,0.08965480846889091,97.25829725829726,,
840,0.10462295759635915,96.24819624819625,,
841,0.1132488621245602,95.81529581529581,,
842,0.08396585186147823,97.25829725829726,,
843,0.11550225437891604,95.81529581529581,,
844,0.09905658616089029,96.3924963924964,,
845,0.12170528121357098,95.52669552669553,,
846,0.07765016391669087,97.25829725829726,,
847,0.10427656439085951,96.82539682539682,,
848,0.09289472787755221,97.25829725829726,,
849,0.08395707368055119,96.96969696969697,,
850,0.11041229520890791,95.67099567099567,0.8112305634014019,85.71428571428571
851,0.11306161232410915,96.68109668109668,,
852,0.13868722173386666,96.3924963924964,,
853,0.09176738300020733,97.25829725829726,,
854,0.07783193714260883,97.69119769119769,,
855,0.08499561118306041,97.69119769119769,,
856,0.10226831843197604,96.82539682539682,,
857,0.1297201168915582,96.24819624819625,,
858,0.10949237833893488,95.95959595959596,,
859,0.10187150177264971,96.68109668109668,,
860,0.09383458219479344,96.82539682539682,,
861,0.1013299064525278,97.11399711399712,,
862,0.10891678534759931,95.81529581529581,,
863,0.1344069644787267,95.38239538239539,,
864,0.10129690118682333,95.67099567099567,,
865,0.10005057724609348,96.1038961038961,,
866,0.0949113718832038,97.11399711399712,,
867,0.09563669551588584,96.96969696969697,,
868,0.08351857469700717,97.69119769119769,,
869,0.07921411881954403,97.54689754689754,,
870,0.08028430438198654,97.40259740259741,,
871,0.09195462336379384,96.24819624819625,,
872,0.11275885803127744,96.68109668109668,,
873,0.07948052129489175,97.40259740259741,,
874,0.08381392832571294,97.40259740259741,,
875,0.09751513622994139,96.96969696969697,0.8002654517238791,87.01298701298701
876,0.09340353471376163,96.68109668109668,,
877,0.10808832259125696,96.3924963924964,,
878,0.11127483092777936,96.1038961038961,,
879,0.09974137292623864,97.11399711399712,,
880,0.08399251832198056,96.68109668109668,,
881,0.0912573164460635,96.96969696969697,,
882,0.07558265613851609,97.40259740259741,,
883,0.09406947378407825,97.11399711399712,,
884,0.10952038846575368,96.53679653679653,,
885,0.08429188060629333,97.40259740259741,,
886,0.08681662280709196,96.82539682539682,,
887,0.10145410982768278,96.68109668109668,,
888,0.09053498009437477,96.3924963924964,,
889,0.08800591904573239,96.96969696969697,,
890,0.07924534942186068,97.83549783549783,,
891,0.12647067913772136,95.95959595959596,,
892,0.08658172736350248,96.96969696969697,,
893,0.10530640660619839,96.3924963924964,,
894,0.09469404464055385,96.3924963924964,,
895,0.14952170623071265,96.3924963924964,,
896,0.0710552887585213,98.26839826839827,,
897,0.078813599275417,97.83549783549783,,
898,0.09580273633590304,95.81529581529581,,
899,0.07597803519057678,97.40259740259741,,
900,0.0924722378130083,95.95959595959596,0.8005139551960029,84.41558441558442
901,0.08864000897644918,97.83549783549783,,
902,0.12221040914351225,95.38239538239539,,
903,0.08951955298324685,96.82539682539682,,
904,0.09184011792788258,97.25829725829726,,
905,0.07764714603375476,97.54689754689754,,
906,0.09643111488826218,96.53679653679653,,
907,0.10670060473044025,95.95959595959596,,
908,0.08906484968909217,97.11399711399712,,
909,0.07633673700182812,97.40259740259741,,
910,0.09087374144130284,96.82539682539682,,
911,0.09299539589802876,96.68109668109668,,
912,0.08615182379790155,97.40259740259741,,
913,0.09068099021761104,97.11399711399712,,
914,0.12749821896977928,96.68109668109668,,
915,0.0768166288013152,96.82539682539682,,
916,0.10906167988481287,95.23809523809524,,
917,0.09829113024997849,96.53679653679653,,
918,0.07622227657849741,97.97979797979798,,
919,0.0881058844222995,96.1038961038961,,
920,0.09287120515821988,97.11399711399712,,
921,0.10955623678142719,95.81529581529581,,
922,0.10038054076226328,96.96969696969697,,
923,0.10859429245763613,96.96969696969697,,
924,0.08752945510060413,97.25829725829726,,
925,0.1047041891277116,96.53679653679653,0.7888941948677038,87.01298701298701
926,0.0925422508221168,96.82539682539682,,
927,0.09054504392983077,96.82539682539682,,
928,0.08139983295835286,97.54689754689754,,
929,0.09242011006776389,96.96969696969697,,
930,0.08678426193597513,96.82539682539682,,
931,0.0827207855912514,97.11399711399712,,
932,0.09664279141854414,97.25829725829726,,
933,0.0852994794216851,97.25829725829726,,
934,0.10268554617187162,96.82539682539682,,
935,0.08788866582521457,97.25829725829726,,
936,0.0954496758582788,96.53679653679653,,
937,0.06701741437461298,97.25829725829726,,
938,0.1056304732485423,96.3924963924964,,
939,0.0739819911210482,97.25829725829726,,
940,0.09705029428005219,96.24819624819625,,
941,0.08990388381608035,97.11399711399712,,
942,0.09617280234914666,96.53679653679653,,
943,0.0712296919249439,97.69119769119769,,
944,0.09838916152221128,96.68109668109668,,
945,0.08926671493830748,96.68109668109668,,
946,0.08250220674311831,97.25829725829726,,
947,0.10143597747641381,95.95959595959596,,
948,0.09933340690309696,96.1038961038961,,
949,0.0855773307630338,98.12409812409813,,
950,0.06965487898686232,97.25829725829726,0.7979045734777079,84.41558441558442
951,0.0910125577884147,96.68109668109668,,
952,0.10356129848896856,97.40259740259741,,
953,0.08783915933506485,96.82539682539682,,
954,0.08068816284252624,96.96969696969697,,
955,0.11550831860321081,96.68109668109668,,
956,0.0974287169718037,97.40259740259741,,
957,0.08820788979444324,96.82539682539682,,
958,0.10053589998665138,96.24819624819625,,
959,0.08309555915957062,97.40259740259741,,
960,0.08926609771737418,96.82539682539682,,
961,0.08201077464339021,97.69119769119769,,
962,0.08616512908746755,96.3924963924964,,
963,0.08501400077153766,96.96969696969697,,
964,0.07017825727188398,97.54689754689754,,
965,0.10932272600620167,96.3924963924964,,
966,0.0897140513680886,96.96969696969697,,
967,0.10135658440135774,96.53679653679653,,
968,0.12824938064615793,95.95959595959596,,
969,0.08501531907006518,97.11399711399712,,
970,0.0759391752521885,97.25829725829726,,
971,0.07462857100940586,97.69119769119769,,
972,0.09408942030535804,97.11399711399712,,
973,0.09602048717913571,97.11399711399712,,
974,0.09973018156286614,96.24819624819625,,
975,0.06881372957970157,97.83549783549783,0.7980545834674464,83.11688311688312
976,0.08461337713968187,96.68109668109668,,
977,0.06633502240531271,97.54689754689754,,
978,0.10546055742543498,96.53679653679653,,
979,0.0775059023159751,97.69119769119769,,
980,0.08759947762721115,96.68109668109668,,
981,0.09386712165978102,97.11399711399712,,
982,0.1038374842761399,96.3924963924964,,
983,0.10241354050546143,95.52669552669553,,
984,0.09520317960804675,97.11399711399712,,
985,0.08582704274513332,97.25829725829726,,
986,0.08392908411237585,97.25829725829726,,
987,0.11290991196642707,95.95959595959596,,
988,0.07624581756680386,97.54689754689754,,
989,0.09079655308228035,96.53679653679653,,
990,0.08397147506152913,96.24819624819625,,
991,0.0755264475151445,96.96969696969697,,
992,0.09766872213215366,95.95959595959596,,
993,0.09287112838928661,96.68109668109668,,
994,0.07381245415774677,97.54689754689754,,
995,0.0968833660540906,96.53679653679653,,
996,0.07333496568286402,97.97979797979798,,
997,0.07583831301198206,97.11399711399712,,
998,0.0774500048457286,97.69119769119769,,
999,0.08367796594070064,96.82539682539682,,
1000,0.07370012934073741,97.97979797979798,0.9181832787278411,84.41558441558442
