epoch,train_loss,train_acc,test_loss,test_acc
1,0.6863755298211289,55.98845598845599,0.6868593522480556,55.84415584415584
2,0.6868961992717925,55.98845598845599,,
3,0.6833738933221947,55.98845598845599,,
4,0.6798104742732743,55.98845598845599,,
5,0.6775994788516652,55.98845598845599,,
6,0.67488408733756,55.84415584415584,,
7,0.6713011781718652,55.55555555555556,,
8,0.6693197247097846,55.699855699855696,,
9,0.6692055333916415,58.00865800865801,,
10,0.658820095000329,56.85425685425685,,
11,0.6551212471456926,55.98845598845599,,
12,0.6402325931221547,59.01875901875902,,
13,0.6390208579589106,61.61616161616162,,
14,0.6313781755483168,63.34776334776335,,
15,0.625674848174636,64.7907647907648,,
16,0.6183608041009173,63.492063492063494,,
17,0.6094267677951168,67.53246753246754,,
18,0.5976945089571404,65.65656565656566,,
19,0.5851690798438817,70.70707070707071,,
20,0.5916383824651203,68.54256854256855,,
21,0.5744715099898939,68.54256854256855,,
22,0.5667314916462093,70.41847041847042,,
23,0.5627890446829418,70.41847041847042,,
24,0.5515915402258286,71.57287157287158,,
25,0.5560734182123154,70.70707070707071,0.5656723983876117,72.72727272727273
26,0.5520591279989026,71.71717171717172,,
27,0.5362986150758091,71.71717171717172,,
28,0.5410895046561656,71.13997113997114,,
29,0.5351205564508534,72.2943722943723,,
30,0.5179502462583875,74.89177489177489,,
31,0.5256992446911799,73.3044733044733,,
32,0.5238514200261489,73.5930735930736,,
33,0.5146826555546572,74.02597402597402,,
34,0.520416938295268,74.17027417027417,,
35,0.5141520847661842,75.46897546897547,,
36,0.500139550815241,74.89177489177489,,
37,0.5047720136150481,76.19047619047619,,
38,0.4891247557957279,75.18037518037518,,
39,0.4795260640535864,76.47907647907648,,
40,0.4796051312490631,78.35497835497836,,
41,0.503273003416144,76.19047619047619,,
42,0.47986797091764805,74.60317460317461,,
43,0.48189356892999974,76.33477633477634,,
44,0.47055631469596515,78.4992784992785,,
45,0.4655647295894045,78.78787878787878,,
46,0.4552536995551975,78.35497835497836,,
47,0.46063607630103526,78.4992784992785,,
48,0.45324220694332756,78.64357864357865,,
49,0.47966957333112004,77.34487734487735,,
50,0.46628315422098016,79.94227994227994,0.4986259476705031,75.32467532467533
51,0.45831421288576996,78.4992784992785,,
52,0.4588122133482758,78.64357864357865,,
53,0.44358017563303825,79.79797979797979,,
54,0.4336291367529447,79.22077922077922,,
55,0.46270244010599143,78.21067821067821,,
56,0.45309921740023434,78.93217893217893,,
57,0.4535421487830934,79.36507936507937,,
58,0.44642390693506984,77.77777777777777,,
59,0.4437467470055535,79.07647907647907,,
60,0.44795038199527953,79.36507936507937,,
61,0.4567039782694752,78.64357864357865,,
62,0.4286600403584443,81.38528138528139,,
63,0.4301732590188196,78.4992784992785,,
64,0.42893144477583456,78.93217893217893,,
65,0.4346200050557675,79.22077922077922,,
66,0.4337325021732077,79.94227994227994,,
67,0.4164337814284266,81.24098124098124,,
68,0.4156797189389128,79.94227994227994,,
69,0.43050262035229503,81.0966810966811,,
70,0.41875800305458716,80.51948051948052,,
71,0.41192339483277624,79.79797979797979,,
72,0.42339885449856735,81.38528138528139,,
73,0.40710999641411577,81.67388167388168,,
74,0.42415555761145995,81.0966810966811,,
75,0.41741954850256013,80.51948051948052,0.4544997900337368,79.22077922077922
76,0.41371094234406003,81.67388167388168,,
77,0.3970511909601148,81.52958152958153,,
78,0.4323094945621353,79.94227994227994,,
79,0.411172124558541,81.24098124098124,,
80,0.4097224117873551,82.3953823953824,,
81,0.39545194071436685,81.67388167388168,,
82,0.40470158782872284,81.67388167388168,,
83,0.42149447257298583,82.82828282828282,,
84,0.3904782197348139,82.53968253968254,,
85,0.37987647720573614,82.25108225108225,,
86,0.39400491010919103,81.67388167388168,,
87,0.4013078778681129,80.37518037518038,,
88,0.3985201534942803,82.1067821067821,,
89,0.39315563969281847,81.67388167388168,,
90,0.3826657268736098,83.11688311688312,,
91,0.4017144768656074,80.37518037518038,,
92,0.38233591175354575,83.69408369408369,,
93,0.39810006537650744,82.25108225108225,,
94,0.3705825412600243,84.12698412698413,,
95,0.3923939324238084,81.52958152958153,,
96,0.40129364082995606,81.0966810966811,,
97,0.3795496726362908,82.3953823953824,,
98,0.38015173240141437,82.82828282828282,,
99,0.3835893768768806,82.3953823953824,,
100,0.38554257266277187,81.38528138528139,0.43725827607241546,77.92207792207792
101,0.39882388194918117,84.84848484848484,,
102,0.3807736821203865,83.83838383838383,,
103,0.37580542881337425,83.40548340548341,,
104,0.3676523518940759,83.54978354978356,,
105,0.3630739926947832,84.41558441558442,,
106,0.3738104422801157,82.53968253968254,,
107,0.38268098338341816,83.11688311688312,,
108,0.3658983498424679,84.27128427128427,,
109,0.37229439801123926,82.25108225108225,,
110,0.3711947118823146,83.11688311688312,,
111,0.3730758103027316,82.68398268398268,,
112,0.3710959825508866,83.54978354978356,,
113,0.343176843585046,85.13708513708514,,
114,0.35827048843213144,84.55988455988457,,
115,0.35839360382563795,84.55988455988457,,
116,0.3363818744087288,85.42568542568543,,
117,0.37323375267727893,82.1067821067821,,
118,0.3561040527720816,84.27128427128427,,
119,0.37753241192038783,81.96248196248196,,
120,0.3775928093370421,82.82828282828282,,
121,0.3642187226257283,84.55988455988457,,
122,0.3495973494833854,84.7041847041847,,
123,0.3644228574818519,83.26118326118326,,
124,0.3627673608572108,83.83838383838383,,
125,0.37278249485668163,83.26118326118326,0.4436551332473755,77.92207792207792
126,0.35882002584001893,83.40548340548341,,
127,0.34594027285193985,83.40548340548341,,
128,0.35212236565428895,85.28138528138528,,
129,0.353062557193624,83.69408369408369,,
130,0.33792522220642535,84.84848484848484,,
131,0.3479996139524991,84.12698412698413,,
132,0.34427211417522263,85.13708513708514,,
133,0.34149379355222803,85.85858585858585,,
134,0.34755406708256337,83.98268398268398,,
135,0.33955541162779834,86.14718614718615,,
136,0.3453897372382716,84.99278499278499,,
137,0.33944413018605063,86.58008658008659,,
138,0.3663928753025776,83.11688311688312,,
139,0.3413490704643778,85.56998556998558,,
140,0.3635207158318502,82.97258297258297,,
141,0.3416854039501146,84.41558441558442,,
142,0.32416726930488926,86.43578643578644,,
143,0.33270936935580997,87.01298701298701,,
144,0.3196374773979187,86.58008658008659,,
145,0.3429912788226319,83.69408369408369,,
146,0.3291743164626723,85.42568542568543,,
147,0.31992051366603735,86.2914862914863,,
148,0.3429628595989332,84.99278499278499,,
149,0.34262329303427,85.28138528138528,,
150,0.32495413464729234,85.71428571428571,0.43691327045490214,80.51948051948052
151,0.335087932506509,86.2914862914863,,
152,0.3262829849816332,86.72438672438672,,
153,0.3240899189898118,84.7041847041847,,
154,0.33417136984384077,85.56998556998558,,
155,0.3328973824241633,85.85858585858585,,
156,0.32340331822848767,87.01298701298701,,
157,0.32948494442398585,86.86868686868686,,
158,0.32763833336499865,86.14718614718615,,
159,0.31006545699262,86.14718614718615,,
160,0.3124213691741701,86.72438672438672,,
161,0.32372190193696454,86.72438672438672,,
162,0.3342599862753743,85.85858585858585,,
163,0.29738202925454316,86.86868686868686,,
164,0.30599882332191497,87.3015873015873,,
165,0.32160964922127444,87.3015873015873,,
166,0.311622453759415,85.56998556998558,,
167,0.3125942988915189,86.86868686868686,,
168,0.3131200959758153,86.14718614718615,,
169,0.31933537723354105,85.71428571428571,,
170,0.31696075160179993,85.71428571428571,,
171,0.31555417597207847,85.28138528138528,,
172,0.30684113113309053,87.15728715728716,,
173,0.32376059734976137,86.14718614718615,,
174,0.3238947554713204,86.14718614718615,,
175,0.3179352329922961,87.5901875901876,0.40430544568346694,81.81818181818181
176,0.3165106673175294,85.28138528138528,,
177,0.3115657101375888,87.01298701298701,,
178,0.3198021357021635,85.56998556998558,,
179,0.32207351312320814,85.13708513708514,,
180,0.30783736920804,87.01298701298701,,
181,0.30095614963795714,87.44588744588745,,
182,0.3180927545649321,85.71428571428571,,
183,0.303830527080946,86.43578643578644,,
184,0.32603662167534686,86.14718614718615,,
185,0.3251615781847705,86.2914862914863,,
186,0.3098484648426546,87.5901875901876,,
187,0.30604940248602225,87.5901875901876,,
188,0.3194861797371296,86.14718614718615,,
189,0.2845114329762617,88.16738816738817,,
190,0.30564235471737333,86.58008658008659,,
191,0.28987668964253877,87.5901875901876,,
192,0.3015285294293325,87.3015873015873,,
193,0.2955860450842336,86.86868686868686,,
194,0.30731361996903905,87.5901875901876,,
195,0.29346773135885706,85.42568542568543,,
196,0.275423730305607,88.16738816738817,,
197,0.29986354235618834,87.5901875901876,,
198,0.3046696594611219,86.58008658008659,,
199,0.32000803336780653,86.58008658008659,,
200,0.28485470829587994,86.58008658008659,0.402263872035138,81.81818181818181
201,0.33803491969559274,85.85858585858585,,
202,0.29465373632367725,87.01298701298701,,
203,0.29959866322824275,87.01298701298701,,
204,0.29156883828567737,86.72438672438672,,
205,0.2907390540726429,87.5901875901876,,
206,0.2965074562794202,86.002886002886,,
207,0.2906706580868015,88.45598845598846,,
208,0.2821809148461616,88.16738816738817,,
209,0.2852097727025054,87.3015873015873,,
210,0.2867228843777039,87.01298701298701,,
211,0.29048508038531995,87.87878787878788,,
212,0.28884555182243665,88.02308802308802,,
213,0.28404244410699236,87.44588744588745,,
214,0.26878394846620324,88.60028860028861,,
215,0.270511447609245,88.16738816738817,,
216,0.3193910367905147,86.43578643578644,,
217,0.2832706095852377,87.73448773448773,,
218,0.29653047530510035,87.44588744588745,,
219,0.30183308054444424,87.73448773448773,,
220,0.2697343890156065,88.02308802308802,,
221,0.2947189256570384,87.3015873015873,,
222,0.292072166612138,87.01298701298701,,
223,0.2820306314964487,88.02308802308802,,
224,0.2894683705607878,88.16738816738817,,
225,0.30819027918198755,86.43578643578644,0.40067354618728934,80.51948051948052
226,0.2887741555641224,88.74458874458874,,
227,0.28658733584664087,87.44588744588745,,
228,0.28071689739027755,88.31168831168831,,
229,0.2842410093262082,88.74458874458874,,
230,0.29321910490377295,87.5901875901876,,
231,0.28977723561582114,88.02308802308802,,
232,0.2690489940657072,88.02308802308802,,
233,0.28562124430445196,86.72438672438672,,
234,0.2997461014345267,88.31168831168831,,
235,0.2770754948666945,89.03318903318903,,
236,0.2772189943821399,89.46608946608947,,
237,0.2876774740081501,88.16738816738817,,
238,0.2956281892665021,88.16738816738817,,
239,0.2930692074790833,86.86868686868686,,
240,0.26705116180845495,89.03318903318903,,
241,0.3044459398346718,86.72438672438672,,
242,0.2537648179400363,89.17748917748918,,
243,0.2711296651356492,89.6103896103896,,
244,0.29655218139441325,88.02308802308802,,
245,0.270938601678111,88.31168831168831,,
246,0.2843974692824943,87.3015873015873,,
247,0.2813976142571602,88.60028860028861,,
248,0.28044635989578254,88.88888888888889,,
249,0.27550142117564985,88.02308802308802,,
250,0.2740358076398335,87.01298701298701,0.3730017759583213,87.01298701298701
251,0.2684155667757059,87.5901875901876,,
252,0.2850112814837892,88.16738816738817,,
253,0.2819838196598262,88.31168831168831,,
254,0.28896764604560227,88.45598845598846,,
255,0.2787828604122261,87.5901875901876,,
256,0.26435497423572113,88.16738816738817,,
257,0.27493260865345664,88.60028860028861,,
258,0.25359598821375795,88.74458874458874,,
259,0.278683449841853,88.31168831168831,,
260,0.2842248635632651,88.45598845598846,,
261,0.2535153437415232,90.18759018759019,,
262,0.25320262284505934,88.88888888888889,,
263,0.2584334477287694,89.75468975468975,,
264,0.279517968775218,88.02308802308802,,
265,0.24112882092057542,89.03318903318903,,
266,0.27322968578269813,88.74458874458874,,
267,0.2823887870769308,88.16738816738817,,
268,0.2906396296977309,87.87878787878788,,
269,0.26964237146391323,89.17748917748918,,
270,0.28143830139399606,88.45598845598846,,
271,0.2553881850163486,88.60028860028861,,
272,0.26417288953951773,87.5901875901876,,
273,0.27846387755475177,88.45598845598846,,
274,0.2698945621133367,88.88888888888889,,
275,0.2610873799303393,88.74458874458874,0.446302888455329,84.41558441558442
276,0.260283510137516,88.88888888888889,,
277,0.26924837779517125,88.60028860028861,,
278,0.2676478886028045,88.60028860028861,,
279,0.262945771152839,89.8989898989899,,
280,0.242449373619639,89.17748917748918,,
281,0.25236759514347645,90.76479076479076,,
282,0.2561694403403421,88.88888888888889,,
283,0.2819131885428105,88.31168831168831,,
284,0.23268570539153155,90.76479076479076,,
285,0.25889017932858815,89.6103896103896,,
286,0.24438713996269315,89.46608946608947,,
287,0.25283607586809737,89.46608946608947,,
288,0.26245396374624014,88.88888888888889,,
289,0.27650362689687746,89.03318903318903,,
290,0.26941467596898006,87.3015873015873,,
291,0.24828533000416225,87.73448773448773,,
292,0.24739993762488316,89.17748917748918,,
293,0.27314194275703263,88.88888888888889,,
294,0.24526568772042812,89.17748917748918,,
295,0.2557642002835934,89.32178932178932,,
296,0.2706869590226534,88.45598845598846,,
297,0.2494129819357378,90.47619047619048,,
298,0.2516635364784307,89.46608946608947,,
299,0.2786050136987265,87.73448773448773,,
300,0.2562531386360978,88.88888888888889,0.4349473583233821,87.01298701298701
301,0.25191465856622997,90.04329004329004,,
302,0.25145480757065836,90.47619047619048,,
303,0.24042840661080542,90.04329004329004,,
304,0.26499159547028606,89.03318903318903,,
305,0.2595085511454428,89.17748917748918,,
306,0.24682336332865093,89.8989898989899,,
307,0.2611363442859264,89.46608946608947,,
308,0.24588421567693933,88.88888888888889,,
309,0.24615517190911554,88.02308802308802,,
310,0.2597312016619576,88.02308802308802,,
311,0.2633663241739397,88.88888888888889,,
312,0.23525981323371545,90.18759018759019,,
313,0.25726290397657803,89.75468975468975,,
314,0.2695557678932751,88.74458874458874,,
315,0.26198748289506674,89.03318903318903,,
316,0.2406089391242202,90.04329004329004,,
317,0.23999018930597565,89.17748917748918,,
318,0.2381967855738355,90.33189033189034,,
319,0.2328293864544035,91.34199134199135,,
320,0.2663938788022486,87.5901875901876,,
321,0.23584969034270634,89.32178932178932,,
322,0.2602098464729294,88.88888888888889,,
323,0.25614440707761316,89.32178932178932,,
324,0.24539036569313225,88.74458874458874,,
325,0.24587479420812616,89.6103896103896,0.4679706762363384,84.41558441558442
326,0.24330611782844622,89.6103896103896,,
327,0.24979109163322147,89.46608946608947,,
328,0.25097910554550085,89.6103896103896,,
329,0.24760092765866937,88.60028860028861,,
330,0.24176350670287447,90.76479076479076,,
331,0.25027382431866285,90.04329004329004,,
332,0.25250669847233126,88.88888888888889,,
333,0.23314058191504486,90.04329004329004,,
334,0.2545966603517704,88.88888888888889,,
335,0.25224219195942515,88.74458874458874,,
336,0.2458488517810428,91.05339105339105,,
337,0.2191744688011351,90.9090909090909,,
338,0.24242619129400406,90.47619047619048,,
339,0.25867445898090435,88.60028860028861,,
340,0.25053877464104524,90.62049062049061,,
341,0.24365335623337248,90.76479076479076,,
342,0.24807973169489167,90.18759018759019,,
343,0.22945020388553797,90.9090909090909,,
344,0.23114766367586145,89.6103896103896,,
345,0.24491766933754924,89.8989898989899,,
346,0.24101100429828032,89.46608946608947,,
347,0.23655449789323849,92.4963924963925,,
348,0.22496171448309873,90.9090909090909,,
349,0.2329766173856427,90.33189033189034,,
350,0.23559204980322465,90.76479076479076,0.4658985199866357,84.41558441558442
351,0.23432264396380553,90.18759018759019,,
352,0.23809031297118116,90.47619047619048,,
353,0.24903468777456497,89.46608946608947,,
354,0.22976079691755136,91.05339105339105,,
355,0.2344093666147188,90.76479076479076,,
356,0.23154218625519182,90.62049062049061,,
357,0.24188082337293446,89.6103896103896,,
358,0.22835858360814498,90.62049062049061,,
359,0.24502279644920713,90.47619047619048,,
360,0.22148530029330246,91.77489177489177,,
361,0.22251953883432551,90.04329004329004,,
362,0.2308073796837189,90.47619047619048,,
363,0.22982732308719409,90.47619047619048,,
364,0.24849360532961884,89.32178932178932,,
365,0.21098648409478765,92.4963924963925,,
366,0.24549569447577257,91.1976911976912,,
367,0.2339445718955168,89.8989898989899,,
368,0.2317161342454335,90.76479076479076,,
369,0.22690916134509517,90.9090909090909,,
370,0.21220113933731466,91.77489177489177,,
371,0.24075095082430267,88.88888888888889,,
372,0.23573325512041088,90.76479076479076,,
373,0.23085949216226134,90.47619047619048,,
374,0.2609810922913049,89.32178932178932,,
375,0.20316076029258717,91.34199134199135,0.4750247961514956,85.71428571428571
376,0.23101821657899138,90.33189033189034,,
377,0.22527276348285,90.18759018759019,,
378,0.24229732450382707,90.62049062049061,,
379,0.24845745669298874,89.17748917748918,,
380,0.2210660290300932,92.92929292929293,,
381,0.2207355879214935,91.1976911976912,,
382,0.22740129899626,91.48629148629149,,
383,0.2279499966602821,90.33189033189034,,
384,0.2120980391168663,91.77489177489177,,
385,0.22722985833066195,91.34199134199135,,
386,0.27133908915141275,88.31168831168831,,
387,0.22334521554120176,90.76479076479076,,
388,0.20829430958968392,91.77489177489177,,
389,0.22997691664538342,90.76479076479076,,
390,0.23156705356779553,89.8989898989899,,
391,0.2038813755883799,91.48629148629149,,
392,0.24857906392986467,89.75468975468975,,
393,0.2260459904245828,90.33189033189034,,
394,0.22183836878292143,91.77489177489177,,
395,0.217644652633956,90.33189033189034,,
396,0.21478938953184978,90.62049062049061,,
397,0.2358665637037627,90.04329004329004,,
398,0.22768007758547906,90.62049062049061,,
399,0.21326697672600353,90.47619047619048,,
400,0.21828089316858013,90.9090909090909,0.4436422594181903,83.11688311688312
401,0.21211213600239884,92.4963924963925,,
402,0.2230019988693716,90.04329004329004,,
403,0.21423493843918068,90.04329004329004,,
404,0.24073901785400523,89.75468975468975,,
405,0.20611544444748506,93.21789321789322,,
406,0.2197592244261787,91.05339105339105,,
407,0.22101836863362256,90.9090909090909,,
408,0.23494818221783054,91.34199134199135,,
409,0.21614936449999073,90.47619047619048,,
410,0.22123135348935147,90.62049062049061,,
411,0.216593814145607,91.1976911976912,,
412,0.22116855170690652,91.1976911976912,,
413,0.23948834554801599,89.32178932178932,,
414,0.22659428760108322,90.9090909090909,,
415,0.2168752189838525,90.62049062049061,,
416,0.21563710419603585,90.62049062049061,,
417,0.23673375916343403,90.04329004329004,,
418,0.21510204411559292,91.05339105339105,,
419,0.2640741811917415,88.74458874458874,,
420,0.20804598015796227,92.06349206349206,,
421,0.200398056968122,92.20779220779221,,
422,0.22363820665584497,91.05339105339105,,
423,0.20108643630022266,91.91919191919192,,
424,0.21059648152897711,92.06349206349206,,
425,0.21462097315690218,91.91919191919192,0.4938290738440179,84.41558441558442
426,0.22492566356411228,90.47619047619048,,
427,0.20179873670506443,91.63059163059162,,
428,0.21347366358337636,91.63059163059162,,
429,0.21618195972573362,90.76479076479076,,
430,0.2041243366778843,91.91919191919192,,
431,0.2056920469280273,91.1976911976912,,
432,0.18077899418868026,92.35209235209236,,
433,0.20485140200473184,90.47619047619048,,
434,0.21809243988165092,91.1976911976912,,
435,0.2176929870553175,91.34199134199135,,
436,0.20978991259400118,91.77489177489177,,
437,0.20228508278232976,91.48629148629149,,
438,0.21288025321124435,91.77489177489177,,
439,0.2080766252237997,92.20779220779221,,
440,0.18842254279108792,92.20779220779221,,
441,0.21014362605877254,92.06349206349206,,
442,0.21186059068006155,91.63059163059162,,
443,0.1952033404578034,92.06349206349206,,
444,0.23725123356216055,89.75468975468975,,
445,0.19468988949086244,91.63059163059162,,
446,0.21070338891010093,91.1976911976912,,
447,0.1972246047480282,91.91919191919192,,
448,0.23558453838159513,91.34199134199135,,
449,0.21477325138075526,91.77489177489177,,
450,0.2094728048423152,91.1976911976912,0.48794729291618644,84.41558441558442
451,0.20038434043849185,91.48629148629149,,
452,0.2059846364746534,91.1976911976912,,
453,0.19578499703373745,91.91919191919192,,
454,0.20742496304095737,92.64069264069263,,
455,0.20305048976453696,92.64069264069263,,
456,0.19345911568592464,93.07359307359307,,
457,0.2037393499547441,91.48629148629149,,
458,0.20107494118323746,92.35209235209236,,
459,0.20463398995595578,91.91919191919192,,
460,0.1831050699665433,92.92929292929293,,
461,0.21925097697482995,91.05339105339105,,
462,0.219233716205085,90.76479076479076,,
463,0.19103855479503262,92.92929292929293,,
464,0.20131628380881417,92.06349206349206,,
465,0.2150833105714118,90.04329004329004,,
466,0.1958787790775127,92.06349206349206,,
467,0.2140170026135135,92.78499278499278,,
468,0.20945587511272484,91.91919191919192,,
469,0.21242218807576194,91.63059163059162,,
470,0.1983499178531194,93.21789321789322,,
471,0.197580848894422,92.64069264069263,,
472,0.20243349697166707,91.1976911976912,,
473,0.20237251673791487,92.06349206349206,,
474,0.19694946491271043,92.78499278499278,,
475,0.2110892277947408,93.21789321789322,0.5398793506931949,81.81818181818181
476,0.21629533658683042,90.76479076479076,,
477,0.19314211812327262,91.77489177489177,,
478,0.17588800390776446,92.92929292929293,,
479,0.18355719764511308,91.63059163059162,,
480,0.2026773916092442,91.1976911976912,,
481,0.1830048854388888,93.50649350649351,,
482,0.20566765983383378,91.05339105339105,,
483,0.21299557329234795,90.62049062049061,,
484,0.22693223376122731,90.47619047619048,,
485,0.21512185950987955,91.34199134199135,,
486,0.20320693109974716,91.91919191919192,,
487,0.19441731764382614,92.06349206349206,,
488,0.22104948215068332,90.47619047619048,,
489,0.17002679074309432,93.07359307359307,,
490,0.2060024297190091,92.06349206349206,,
491,0.21378975959889818,90.9090909090909,,
492,0.20032943379870397,92.20779220779221,,
493,0.2008593055549982,91.34199134199135,,
494,0.18723515353419565,92.64069264069263,,
495,0.19683182114818568,92.20779220779221,,
496,0.19154826464591088,93.21789321789322,,
497,0.18588272047808332,91.48629148629149,,
498,0.19426389539568628,91.63059163059162,,
499,0.1869549872877794,93.07359307359307,,
500,0.18916517659527227,92.78499278499278,0.6047908841789543,84.41558441558442
501,0.18775298804431767,91.77489177489177,,
502,0.188109332606906,92.92929292929293,,
503,0.21673646253166776,92.35209235209236,,
504,0.2023495300679668,92.20779220779221,,
505,0.19611667842748018,92.35209235209236,,
506,0.1878462696305515,93.21789321789322,,
507,0.20509655301124502,92.20779220779221,,
508,0.21406374787871454,91.34199134199135,,
509,0.1904603654430026,92.06349206349206,,
510,0.19400570411530751,92.20779220779221,,
511,0.2025235319808448,91.63059163059162,,
512,0.19292757306436095,91.91919191919192,,
513,0.18260376626278932,93.36219336219337,,
514,0.19843016918560472,91.91919191919192,,
515,0.20373709830972883,92.4963924963925,,
516,0.18604732540262725,92.64069264069263,,
517,0.18828451735589755,93.07359307359307,,
518,0.19472112639942898,91.05339105339105,,
519,0.20305453852614627,92.35209235209236,,
520,0.19541764560371938,92.92929292929293,,
521,0.1825337593173568,91.91919191919192,,
522,0.20713001089694696,91.1976911976912,,
523,0.19018498002880752,91.48629148629149,,
524,0.17899410175038621,92.35209235209236,,
525,0.17914223354336675,93.07359307359307,0.5592786816807537,85.71428571428571
526,0.1962996425663496,92.06349206349206,,
527,0.17096449511090742,93.79509379509379,,
528,0.21553717577268208,90.76479076479076,,
529,0.18321951385184285,92.92929292929293,,
530,0.18251584403614632,92.92929292929293,,
531,0.1929377977337156,91.48629148629149,,
532,0.20542453171370864,90.9090909090909,,
533,0.17059307647559893,92.4963924963925,,
534,0.20657912303100934,90.76479076479076,,
535,0.18218371441956036,92.06349206349206,,
536,0.19075168159616973,91.77489177489177,,
537,0.17448354822087597,93.36219336219337,,
538,0.18450766604012053,93.07359307359307,,
539,0.18302874342090897,92.78499278499278,,
540,0.188626265500015,91.91919191919192,,
541,0.19462893436653445,92.35209235209236,,
542,0.19090266867633507,92.4963924963925,,
543,0.18602794060459385,92.06349206349206,,
544,0.19862870680649386,92.4963924963925,,
545,0.20068301162635438,91.91919191919192,,
546,0.19105170763932267,91.05339105339105,,
547,0.16760625471972457,93.36219336219337,,
548,0.1835184944054437,93.36219336219337,,
549,0.1965213983116771,91.63059163059162,,
550,0.20803924199478624,91.48629148629149,0.5258564879367877,84.41558441558442
551,0.2008527914790536,91.48629148629149,,
552,0.21589694832805087,91.05339105339105,,
553,0.1904758627689074,91.05339105339105,,
554,0.1962284730454372,92.35209235209236,,
555,0.21310872303975092,91.05339105339105,,
556,0.16876511296195557,92.78499278499278,,
557,0.18249064400082543,92.4963924963925,,
558,0.1910679234355731,92.64069264069263,,
559,0.20404787427204168,92.35209235209236,,
560,0.1756794960876392,93.36219336219337,,
561,0.20315796693768165,92.06349206349206,,
562,0.18181758203031698,92.06349206349206,,
563,0.19833598508463277,91.48629148629149,,
564,0.16380745061763266,93.50649350649351,,
565,0.1922462930066933,91.77489177489177,,
566,0.21412732694056127,90.62049062049061,,
567,0.1866830350108133,92.35209235209236,,
568,0.1974222105396925,92.06349206349206,,
569,0.16910259290175003,93.79509379509379,,
570,0.17967735921149647,92.4963924963925,,
571,0.18993099984776063,91.91919191919192,,
572,0.19185852856089025,92.20779220779221,,
573,0.18454608953360355,92.06349206349206,,
574,0.16761314636701113,93.65079365079364,,
575,0.18263830018765997,93.21789321789322,0.5352715060308382,83.11688311688312
576,0.18932209808976103,92.06349206349206,,
577,0.1691688009219252,94.22799422799423,,
578,0.1906960535187054,91.77489177489177,,
579,0.18862871707431852,92.20779220779221,,
580,0.187905298715288,92.92929292929293,,
581,0.1964592236224535,92.06349206349206,,
582,0.19190203494151778,91.63059163059162,,
583,0.19463310213316054,92.4963924963925,,
584,0.16958559094424241,92.92929292929293,,
585,0.1988305618924668,92.4963924963925,,
586,0.18404653986639102,93.21789321789322,,
587,0.2190433291215745,91.34199134199135,,
588,0.17934363749292162,93.07359307359307,,
589,0.1829068311537155,91.77489177489177,,
590,0.1886110868450109,91.91919191919192,,
591,0.15655375055936507,93.36219336219337,,
592,0.16539003717219847,92.78499278499278,,
593,0.18607058713661473,93.79509379509379,,
594,0.20409210072494344,91.63059163059162,,
595,0.18083338378182737,93.36219336219337,,
596,0.1743084170773604,92.35209235209236,,
597,0.18376698060106342,92.20779220779221,,
598,0.17881803337113683,93.21789321789322,,
599,0.20136956582423757,92.35209235209236,,
600,0.1870915616229499,92.20779220779221,0.5123224266163715,87.01298701298701
601,0.1790934063569464,93.79509379509379,,
602,0.17799839036590265,92.06349206349206,,
603,0.17801933883303644,93.50649350649351,,
604,0.18356480353214868,92.92929292929293,,
605,0.1884013151623642,92.35209235209236,,
606,0.18594068316487436,92.4963924963925,,
607,0.1790855291687909,92.4963924963925,,
608,0.15443512775315696,94.08369408369408,,
609,0.1630706014649198,93.93939393939394,,
610,0.16748196652130873,92.35209235209236,,
611,0.16746893270992141,92.78499278499278,,
612,0.1826773151690826,92.64069264069263,,
613,0.17966134697843938,92.35209235209236,,
614,0.17617928501202432,92.4963924963925,,
615,0.19463593526750073,91.34199134199135,,
616,0.1711186214200991,92.4963924963925,,
617,0.176415648090977,92.92929292929293,,
618,0.1805972871928332,92.20779220779221,,
619,0.16455713683177556,93.93939393939394,,
620,0.17947401848190275,92.4963924963925,,
621,0.17500161610726497,92.78499278499278,,
622,0.1793383021676351,91.91919191919192,,
623,0.17529274349088791,92.4963924963925,,
624,0.1814040192557448,93.79509379509379,,
625,0.18470342300326964,91.34199134199135,0.5303673899018919,84.41558441558442
626,0.17562711817275567,93.07359307359307,,
627,0.16639337433881057,93.21789321789322,,
628,0.15852016337420174,93.07359307359307,,
629,0.1724075870252447,92.92929292929293,,
630,0.18722062649320903,93.36219336219337,,
631,0.18458209208261173,93.21789321789322,,
632,0.1958081778703314,90.62049062049061,,
633,0.16681747805746475,92.64069264069263,,
634,0.16585798390628972,93.21789321789322,,
635,0.16900776216322166,92.64069264069263,,
636,0.15587899621581447,93.93939393939394,,
637,0.1844365456710001,93.21789321789322,,
638,0.17967625567084783,92.20779220779221,,
639,0.188865257163692,92.64069264069263,,
640,0.17234390122281096,92.35209235209236,,
641,0.15751886934386014,94.22799422799423,,
642,0.1554374055342929,94.22799422799423,,
643,0.15952271291875908,93.79509379509379,,
644,0.15960564224578946,93.21789321789322,,
645,0.17655661439826822,93.21789321789322,,
646,0.16321263342966766,93.21789321789322,,
647,0.1820529994580352,93.21789321789322,,
648,0.1950824051735248,91.48629148629149,,
649,0.17222583279165493,93.21789321789322,,
650,0.18374976758747047,92.35209235209236,0.5624545061743105,84.41558441558442
651,0.15246785572940996,94.08369408369408,,
652,0.156364636622036,93.50649350649351,,
653,0.15984894578247016,93.36219336219337,,
654,0.16728446627785634,93.93939393939394,,
655,0.1764710024966822,92.4963924963925,,
656,0.1599619889156127,93.36219336219337,,
657,0.15680619027374196,93.79509379509379,,
658,0.16540365512408908,93.93939393939394,,
659,0.16132268720557766,94.08369408369408,,
660,0.14804773084271006,94.22799422799423,,
661,0.18313808944533225,92.78499278499278,,
662,0.16378176649347012,93.65079365079364,,
663,0.14655270775804272,94.8051948051948,,
664,0.16368422183123502,92.06349206349206,,
665,0.18079038185818716,92.4963924963925,,
666,0.15591472748554114,93.79509379509379,,
667,0.14859811932891392,94.22799422799423,,
668,0.16483783668167834,94.37229437229438,,
669,0.1786350355622013,93.07359307359307,,
670,0.15322282695323014,93.21789321789322,,
671,0.18315075330360972,93.07359307359307,,
672,0.15866938355939214,94.37229437229438,,
673,0.16893199152846702,92.4963924963925,,
674,0.16897158054863393,94.08369408369408,,
675,0.16371729358638304,93.65079365079364,0.5452212002370265,85.71428571428571
676,0.1485404432757958,94.08369408369408,,
677,0.16754714713511185,93.65079365079364,,
678,0.17193699433249227,92.92929292929293,,
679,0.1938387428505768,92.64069264069263,,
680,0.18103426492747463,92.06349206349206,,
681,0.1861154255154845,92.4963924963925,,
682,0.16578457740970054,93.93939393939394,,
683,0.176479468613992,92.35209235209236,,
684,0.18166027597620718,92.20779220779221,,
685,0.17401579069712805,92.78499278499278,,
686,0.17345640364319387,93.50649350649351,,
687,0.15219844379469022,94.66089466089466,,
688,0.17264635383566737,93.36219336219337,,
689,0.1561129242396802,93.36219336219337,,
690,0.17309609218937322,92.4963924963925,,
691,0.1554040520050137,93.50649350649351,,
692,0.14894093188200505,93.93939393939394,,
693,0.17643705672687954,92.78499278499278,,
694,0.2284541751259251,93.07359307359307,,
695,0.1334663616845446,95.0937950937951,,
696,0.17519113984802928,93.79509379509379,,
697,0.1582530334613368,94.22799422799423,,
698,0.17865100958818653,91.63059163059162,,
699,0.1568138063125968,93.07359307359307,,
700,0.15223430870786245,93.36219336219337,0.5699666281799217,85.71428571428571
701,0.15787608113306512,93.65079365079364,,
702,0.1580280897894291,93.07359307359307,,
703,0.18560352054939297,92.06349206349206,,
704,0.14450465777047614,94.51659451659452,,
705,0.1710235977929736,93.07359307359307,,
706,0.15264810304040516,93.21789321789322,,
707,0.15699499802499967,93.21789321789322,,
708,0.1510282244538676,94.22799422799423,,
709,0.15455821334971667,92.78499278499278,,
710,0.14277338732200612,94.8051948051948,,
711,0.1707647138343745,93.50649350649351,,
712,0.14561385843058858,94.22799422799423,,
713,0.16117517781292034,92.92929292929293,,
714,0.16252856971467555,93.07359307359307,,
715,0.1662585859443632,93.65079365079364,,
716,0.1696852593538909,92.64069264069263,,
717,0.16631862435161981,92.92929292929293,,
718,0.14800849031189303,93.36219336219337,,
719,0.16632690462371144,93.36219336219337,,
720,0.163208202581213,93.93939393939394,,
721,0.143584599081443,93.50649350649351,,
722,0.16248885235745153,92.78499278499278,,
723,0.14747889873183306,93.36219336219337,,
724,0.16595212185236627,94.37229437229438,,
725,0.15671538234074178,93.36219336219337,0.5645428957877221,83.11688311688312
726,0.14644933262944737,94.37229437229438,,
727,0.14378179900192295,93.93939393939394,,
728,0.16774242652582158,92.92929292929293,,
729,0.17970283211223662,93.50649350649351,,
730,0.15983778496325274,94.08369408369408,,
731,0.15979555763121464,93.07359307359307,,
732,0.15917614162570298,94.37229437229438,,
733,0.16391797974426164,93.21789321789322,,
734,0.16008089436688508,93.50649350649351,,
735,0.16114849005446166,93.79509379509379,,
736,0.1759886284712245,93.65079365079364,,
737,0.1512635640079669,94.22799422799423,,
738,0.14409205377703965,94.51659451659452,,
739,0.17302922800204798,92.20779220779221,,
740,0.15108949999616603,93.07359307359307,,
741,0.14094472309899708,94.8051948051948,,
742,0.15125314786514163,93.79509379509379,,
743,0.16275321050381764,93.21789321789322,,
744,0.16928688433521238,93.79509379509379,,
745,0.1607435406178967,93.21789321789322,,
746,0.1692130592091259,93.79509379509379,,
747,0.16301964229835578,93.07359307359307,,
748,0.20190639920736977,91.05339105339105,,
749,0.17068900457686847,92.92929292929293,,
750,0.1734346831257725,93.36219336219337,0.6033423488790338,85.71428571428571
751,0.1478793874872152,95.0937950937951,,
752,0.14436715458550667,94.22799422799423,,
753,0.20740756459136375,93.65079365079364,,
754,0.16310257231346284,93.65079365079364,,
755,0.16808586502057993,93.50649350649351,,
756,0.14975361134668794,93.21789321789322,,
757,0.17007951388971457,93.21789321789322,,
758,0.17266516011170666,93.50649350649351,,
759,0.13275312175933932,95.0937950937951,,
760,0.1687265010322155,93.65079365079364,,
761,0.18109958272690724,92.64069264069263,,
762,0.15406892068071282,93.65079365079364,,
763,0.15094651105513993,94.22799422799423,,
764,0.15073732537194592,94.22799422799423,,
765,0.16169798115676895,93.21789321789322,,
766,0.16550204355651338,92.92929292929293,,
767,0.14858626665663066,95.0937950937951,,
768,0.17636026192623128,92.35209235209236,,
769,0.14399486926382926,94.8051948051948,,
770,0.1662341459058924,93.21789321789322,,
771,0.13637751373119686,95.52669552669553,,
772,0.1549129043242116,93.36219336219337,,
773,0.14679592482283346,94.94949494949495,,
774,0.16326876652318162,92.64069264069263,,
775,0.16111548111638294,93.36219336219337,0.5942783944018475,83.11688311688312
776,0.1535419617715046,93.93939393939394,,
777,0.16702809289076284,93.65079365079364,,
778,0.15284559789179553,93.36219336219337,,
779,0.16854081998483786,92.78499278499278,,
780,0.18099443709093427,92.20779220779221,,
781,0.17602076353491813,93.93939393939394,,
782,0.13802613816284515,94.51659451659452,,
783,0.13326145794570532,95.67099567099567,,
784,0.1654836366875003,92.4963924963925,,
785,0.1406213477533445,94.94949494949495,,
786,0.14042929739625465,94.37229437229438,,
787,0.16512251424927044,94.37229437229438,,
788,0.14425127764069845,92.92929292929293,,
789,0.16260322759634832,94.37229437229438,,
790,0.1368401610496767,95.0937950937951,,
791,0.16305345651649295,92.20779220779221,,
792,0.15310001764634643,93.65079365079364,,
793,0.14253691801046053,93.93939393939394,,
794,0.18215569711866833,92.78499278499278,,
795,0.16149427816621195,93.07359307359307,,
796,0.16459256792266302,92.92929292929293,,
797,0.13610912526421476,94.94949494949495,,
798,0.16464529482145157,93.07359307359307,,
799,0.17628691014585127,92.64069264069263,,
800,0.1484698299990502,93.07359307359307,0.5820550570240268,84.41558441558442
801,0.17876020572746298,94.08369408369408,,
802,0.15670718785918292,93.93939393939394,,
803,0.17208790235103122,93.79509379509379,,
804,0.1637780734325771,93.36219336219337,,
805,0.12273338852076647,95.52669552669553,,
806,0.14959206818072138,94.08369408369408,,
807,0.1572299993141389,93.50649350649351,,
808,0.14339997405441637,94.37229437229438,,
809,0.15167873901614723,93.79509379509379,,
810,0.15576476093064484,95.23809523809524,,
811,0.14460506642836685,94.8051948051948,,
812,0.15182943928121317,93.93939393939394,,
813,0.173674941320956,92.64069264069263,,
814,0.14516453887907113,94.8051948051948,,
815,0.15486890877480114,93.79509379509379,,
816,0.14637327337204808,93.93939393939394,,
817,0.15358367269861406,92.92929292929293,,
818,0.13502195804322092,95.0937950937951,,
819,0.16005473648443883,94.37229437229438,,
820,0.14118972560458026,93.36219336219337,,
821,0.16275253535005094,93.36219336219337,,
822,0.13446892331344912,93.79509379509379,,
823,0.14292337371286376,94.66089466089466,,
824,0.16106998075967624,93.93939393939394,,
825,0.15447530666471043,94.08369408369408,0.6454993517367871,83.11688311688312
826,0.15736248139103856,93.79509379509379,,
827,0.14598152033909403,93.36219336219337,,
828,0.13993747362985934,94.51659451659452,,
829,0.14821368077444652,93.50649350649351,,
830,0.13986579867544843,94.22799422799423,,
831,0.13043662371896045,94.51659451659452,,
832,0.14970128271529856,94.08369408369408,,
833,0.14150716538553115,94.51659451659452,,
834,0.14207217775683037,94.94949494949495,,
835,0.12360288137180292,94.8051948051948,,
836,0.14472829875190882,93.21789321789322,,
837,0.15113700191459442,93.36219336219337,,
838,0.11923219123788038,95.38239538239539,,
839,0.14490612882792864,95.23809523809524,,
840,0.14282181369836885,94.8051948051948,,
841,0.14936612500751345,93.79509379509379,,
842,0.14814527560976934,93.79509379509379,,
843,0.14667639931903084,94.08369408369408,,
844,0.1531999499293805,93.50649350649351,,
845,0.17903611573564027,93.36219336219337,,
846,0.15801247613555597,93.36219336219337,,
847,0.17565017405354444,92.92929292929293,,
848,0.14961305101540526,93.93939393939394,,
849,0.1381183655403049,94.8051948051948,,
850,0.1431839789921071,93.36219336219337,0.6063771495571384,85.71428571428571
851,0.1594471490282087,93.50649350649351,,
852,0.13860592177247932,94.51659451659452,,
853,0.1639083628401612,93.21789321789322,,
854,0.13658812532435247,94.22799422799423,,
855,0.1490066091155077,94.22799422799423,,
856,0.13168798638628676,93.93939393939394,,
857,0.1359962493632779,95.0937950937951,,
858,0.15415194217239278,93.21789321789322,,
859,0.1388877041498132,94.51659451659452,,
860,0.14829150626562201,94.08369408369408,,
861,0.13768777511422597,94.8051948051948,,
862,0.1657292977900044,93.21789321789322,,
863,0.14266659396809417,94.37229437229438,,
864,0.143304757601857,93.79509379509379,,
865,0.14085276506593905,94.66089466089466,,
866,0.1425000803080128,94.22799422799423,,
867,0.14998908904293742,93.79509379509379,,
868,0.12709242126986406,95.0937950937951,,
869,0.1560126817576899,93.93939393939394,,
870,0.1441538677931176,94.8051948051948,,
871,0.1349962114707216,94.66089466089466,,
872,0.1618545272241079,94.08369408369408,,
873,0.14549914430316221,93.36219336219337,,
874,0.1540751987893516,93.50649350649351,,
875,0.15138824249672855,94.08369408369408,0.569756826797089,88.31168831168831
876,0.14863370383671695,94.37229437229438,,
877,0.14016176308646347,93.65079365079364,,
878,0.145983457694322,93.79509379509379,,
879,0.14188556658026116,94.66089466089466,,
880,0.15744251642284798,93.50649350649351,,
881,0.13026557275743195,94.94949494949495,,
882,0.1404843867294797,95.38239538239539,,
883,0.15782575502663765,94.66089466089466,,
884,0.13012478505442668,94.8051948051948,,
885,0.13794375098112857,95.0937950937951,,
886,0.14792547386790078,94.66089466089466,,
887,0.15460225998999855,93.36219336219337,,
888,0.13734017222485415,94.94949494949495,,
889,0.15419564958430643,93.21789321789322,,
890,0.14426864617508212,94.94949494949495,,
891,0.13230319210418204,94.8051948051948,,
892,0.13530106307108164,94.94949494949495,,
893,0.16025396020919042,92.35209235209236,,
894,0.15089139484223865,94.37229437229438,,
895,0.13438002582408304,94.8051948051948,,
896,0.13665547656247454,93.65079365079364,,
897,0.13453675815660887,95.0937950937951,,
898,0.13714278908648017,94.94949494949495,,
899,0.1285033334277753,95.23809523809524,,
900,0.14398113829533948,94.08369408369408,0.6518292179355374,84.41558441558442
901,0.12992722784070915,94.22799422799423,,
902,0.15267623700792826,93.36219336219337,,
903,0.131773076693475,94.66089466089466,,
904,0.14278909877953247,94.08369408369408,,
905,0.14692702274473887,94.51659451659452,,
906,0.14137810449321547,94.22799422799423,,
907,0.15127230317346632,93.07359307359307,,
908,0.14132827300306888,93.07359307359307,,
909,0.13479743760299545,93.79509379509379,,
910,0.1298002026448346,94.94949494949495,,
911,0.13434585836994184,94.94949494949495,,
912,0.13025526064051607,94.51659451659452,,
913,0.12683102024065984,94.66089466089466,,
914,0.12919532727419222,94.94949494949495,,
915,0.12834792093119837,94.51659451659452,,
916,0.1488053449261584,93.93939393939394,,
917,0.12310566904740933,96.1038961038961,,
918,0.1346609644903593,94.22799422799423,,
919,0.15336076276642935,94.08369408369408,,
920,0.1429103066416358,94.51659451659452,,
921,0.14999529638181172,93.65079365079364,,
922,0.16386375725968144,94.66089466089466,,
923,0.1266845999215696,94.66089466089466,,
924,0.136795523126232,93.79509379509379,,
925,0.13783523057618355,94.08369408369408,0.6083669863738023,85.71428571428571
926,0.14684032546665418,93.65079365079364,,
927,0.13373742075193495,93.93939393939394,,
928,0.14997200649581086,94.22799422799423,,
929,0.14371420823650444,94.22799422799423,,
930,0.1309082709994667,95.0937950937951,,
931,0.14211023825759667,93.65079365079364,,
932,0.13777850445193301,94.37229437229438,,
933,0.14677504247960246,94.08369408369408,,
934,0.14863630751057824,93.65079365079364,,
935,0.14419189862057588,93.79509379509379,,
936,0.13565511718757914,94.51659451659452,,
937,0.1379168119394418,94.66089466089466,,
938,0.15771419513019133,93.65079365079364,,
939,0.1330206228412075,95.95959595959596,,
940,0.1335273834232988,95.23809523809524,,
941,0.13722714347412748,93.79509379509379,,
942,0.15810824210337573,93.79509379509379,,
943,0.1379628120229444,95.0937950937951,,
944,0.12798941037570588,95.38239538239539,,
945,0.1395653152534628,94.22799422799423,,
946,0.1532657647674734,94.22799422799423,,
947,0.13475999670455294,94.37229437229438,,
948,0.12347048962916131,96.24819624819625,,
949,0.12672358093323646,94.94949494949495,,
950,0.14521386438892,94.66089466089466,0.5863580061243726,85.71428571428571
951,0.13994117346182358,95.0937950937951,,
952,0.14563152374643268,94.8051948051948,,
953,0.12380654991619171,95.95959595959596,,
954,0.1326363876483485,95.0937950937951,,
955,0.1560986389823978,93.21789321789322,,
956,0.12749601502783198,94.66089466089466,,
957,0.1389224785144883,94.8051948051948,,
958,0.13402057047745194,94.66089466089466,,
959,0.1377070022593716,93.93939393939394,,
960,0.12131101456383434,94.51659451659452,,
961,0.14050246209637254,95.0937950937951,,
962,0.1229995744474888,95.23809523809524,,
963,0.12411316210594872,95.23809523809524,,
964,0.1188153527343772,95.23809523809524,,
965,0.12660764381934553,95.0937950937951,,
966,0.1560354744545137,93.50649350649351,,
967,0.13724881407910955,95.23809523809524,,
968,0.1257360354912552,95.38239538239539,,
969,0.15253876994698595,94.51659451659452,,
970,0.13618906681166495,95.38239538239539,,
971,0.10406941069023949,95.95959595959596,,
972,0.15391403032415701,94.08369408369408,,
973,0.14875009045284376,93.50649350649351,,
974,0.15384054093649893,94.8051948051948,,
975,0.13789352016660558,94.66089466089466,0.6806827179797283,84.41558441558442
976,0.1291710479026405,94.94949494949495,,
977,0.1153477369693429,95.52669552669553,,
978,0.14350512666254162,93.65079365079364,,
979,0.14463777721874296,93.36219336219337,,
980,0.13507716554992472,93.93939393939394,,
981,0.12403522316476634,95.23809523809524,,
982,0.1319707895361672,94.51659451659452,,
983,0.1196682427782689,94.94949494949495,,
984,0.14647072215778228,93.93939393939394,,
985,0.1421082117803083,95.23809523809524,,
986,0.12810971692989312,94.66089466089466,,
987,0.11557940640963861,95.67099567099567,,
988,0.12216251109650125,95.0937950937951,,
989,0.12277232844807197,95.81529581529581,,
990,0.15680168235800826,93.21789321789322,,
991,0.14227939731458908,94.94949494949495,,
992,0.12767052183849642,95.0937950937951,,
993,0.13080119543734395,94.8051948051948,,
994,0.13415632849561876,94.51659451659452,,
995,0.11789313681197888,95.52669552669553,,
996,0.16427876917486756,93.36219336219337,,
997,0.1262087971455865,94.22799422799423,,
998,0.1407756464096246,93.93939393939394,,
999,0.1436505596305299,94.22799422799423,,
1000,0.14274377655372303,94.94949494949495,0.6532132323686178,83.11688311688312
