epoch,train_loss,train_acc,test_loss,test_acc
1,2.274644610525548,14.048531289910601,2.2527237757471683,21.374045801526716
2,2.0062367310164686,31.545338441890166,,
3,1.7953210619978826,46.48786717752235,,
4,1.549559906220223,57.34355044699872,,
5,1.3705339023741117,61.558109833971905,,
6,1.2157876518951065,65.64495530012772,,
7,1.1277322290348673,67.30523627075351,,
8,1.0267232286519017,70.242656449553,,
9,0.9320060966267592,74.58492975734355,,
10,0.8933731629626199,75.2234993614304,,
11,0.8232108544877054,75.6066411238825,,
12,0.7863751254014737,77.65006385696041,,
13,0.7555443837877129,78.28863346104725,,
14,0.7058892090201835,81.73690932311622,,
15,0.657774445654332,82.50319284802043,,
16,0.6816198881406285,80.84291187739464,,
17,0.6514908894420736,82.24776500638569,,
18,0.6006142495159598,83.26947637292464,,
19,0.616230666865791,82.12005108556832,,
20,0.5771516384901824,83.01404853128992,,
21,0.5786454692045239,83.65261813537676,,
22,0.5526302724810244,82.75862068965517,,
23,0.5256610393980911,84.92975734355045,,
24,0.509968904966291,85.82375478927203,,
25,0.5160699263690837,86.33461047254151,0.575096096416921,85.87786259541984
26,0.4820452443636849,85.56832694763729,,
27,0.4935355027745053,83.9080459770115,,
28,0.44544195656879954,87.35632183908046,,
29,0.4546477000679854,86.84546615581098,,
30,0.4164908254283598,88.25031928480205,,
31,0.4582298617443667,87.10089399744572,,
32,0.43680267947539214,87.9948914431673,,
33,0.4234026085066765,88.12260536398468,,
34,0.39762604636250787,89.14431673052363,,
35,0.389288021572705,89.52745849297574,,
36,0.40128883433981416,89.91060025542784,,
37,0.3797331771326857,90.03831417624521,,
38,0.40180233589077363,87.9948914431673,,
39,0.3904059957879409,88.88888888888889,,
40,0.36328792651951086,89.272030651341,,
41,0.3789398038372074,89.39974457215837,,
42,0.366474110314368,89.39974457215837,,
43,0.3360497253455726,90.93231162196679,,
44,0.34308601297333474,90.16602809706258,,
45,0.3424990229679707,90.54916985951469,,
46,0.31238265588670244,92.84802043422734,,
47,0.3378146565584692,90.42145593869732,,
48,0.2967598341966802,92.08173690932311,,
49,0.3326203823470217,90.67688378033206,,
50,0.3111237097593407,91.06002554278416,0.4769494237790581,88.16793893129771
