epoch,train_loss,train_acc,test_loss,test_acc
1,0.689843578428073,55.98845598845599,0.6866491073137754,55.84415584415584
2,0.6865653584873865,55.98845598845599,,
3,0.6871328617931273,55.98845598845599,,
4,0.6848083614098905,55.98845598845599,,
5,0.6829193303251335,55.98845598845599,,
6,0.6842652813008682,55.98845598845599,,
7,0.6805311565275316,55.98845598845599,,
8,0.6768897659162766,55.98845598845599,,
9,0.6769066882167888,55.55555555555556,,
10,0.6718355444774655,55.98845598845599,,
11,0.6650274314233579,56.56565656565657,,
12,0.6609345687416209,56.56565656565657,,
13,0.6556318079754387,59.45165945165945,,
14,0.6521354936934137,59.45165945165945,,
15,0.6430934593619034,60.317460317460316,,
16,0.639971641923098,61.61616161616162,,
17,0.6341303483748333,65.65656565656566,,
18,0.6251629696779953,63.924963924963926,,
19,0.6115119428001613,66.95526695526695,,
20,0.6089146024564988,67.24386724386724,,
21,0.6015260105181222,70.12987012987013,,
22,0.5840667389860057,70.70707070707071,,
23,0.5878481460684134,70.99567099567099,,
24,0.5793449514011972,70.70707070707071,,
25,0.5706185515308793,70.99567099567099,0.5708067409403912,71.42857142857143
26,0.554229390268546,73.5930735930736,,
27,0.5636588605107339,70.99567099567099,,
28,0.5474203511922047,73.88167388167388,,
29,0.5464032900883866,73.3044733044733,,
30,0.5434260121069602,73.73737373737374,,
31,0.5273744175788472,73.44877344877345,,
32,0.5296690835581197,73.3044733044733,,
33,0.5337575557083967,73.01587301587301,,
34,0.5308237969445287,72.58297258297259,,
35,0.5066305599773429,74.02597402597402,,
36,0.5105650858445601,74.02597402597402,,
37,0.5048001366002219,75.32467532467533,,
38,0.5009103850024775,75.75757575757575,,
39,0.5034064623012515,75.46897546897547,,
40,0.5188217183728239,74.02597402597402,,
41,0.4946272891407233,74.74747474747475,,
42,0.4996790219350983,74.74747474747475,,
43,0.5000076691309611,75.18037518037518,,
44,0.48159647830809005,77.92207792207792,,
45,0.4874950289554238,76.62337662337663,,
46,0.47978158950977684,76.47907647907648,,
47,0.47816697670439795,77.63347763347764,,
48,0.47873599567110575,76.91197691197691,,
49,0.47389142625947706,77.63347763347764,,
50,0.46079110798209605,77.4891774891775,0.5117481273490113,71.42857142857143
51,0.4810108553623568,77.2005772005772,,
52,0.4800684334223749,75.61327561327562,,
53,0.46402179231547347,77.77777777777777,,
54,0.467479696177473,77.92207792207792,,
55,0.4544266110116785,78.64357864357865,,
56,0.4702698895425508,76.91197691197691,,
57,0.44369788263611293,77.05627705627705,,
58,0.4513829791915709,77.2005772005772,,
59,0.4446375978113425,78.64357864357865,,
60,0.46329690221412184,78.21067821067821,,
61,0.4515646813923834,78.4992784992785,,
62,0.4405025210215416,78.78787878787878,,
63,0.447732576646158,78.35497835497836,,
64,0.45731217249647366,79.07647907647907,,
65,0.45641480878662066,79.22077922077922,,
66,0.4334573394808418,80.95238095238095,,
67,0.44977186630986643,77.63347763347764,,
68,0.43815968485621665,79.50937950937951,,
69,0.460471972715631,77.63347763347764,,
70,0.4451264613462561,78.78787878787878,,
71,0.4302958572581733,78.78787878787878,,
72,0.4326511926809259,79.94227994227994,,
73,0.43069401267287016,80.8080808080808,,
74,0.4511910326467104,79.22077922077922,,
75,0.417050367223924,79.50937950937951,0.46920260748305875,76.62337662337663
76,0.4192165881180316,81.38528138528139,,
77,0.4263086429492048,81.24098124098124,,
78,0.41753546629117166,80.08658008658008,,
79,0.4468718386143661,77.63347763347764,,
80,0.4378703252061621,78.21067821067821,,
81,0.4133537027656946,81.52958152958153,,
82,0.4246351761692358,80.8080808080808,,
83,0.4180476838161075,80.23088023088023,,
84,0.4187049182806524,81.38528138528139,,
85,0.4011783834659692,81.96248196248196,,
86,0.40684832991631686,81.81818181818181,,
87,0.420512492694552,79.36507936507937,,
88,0.42852678447746784,81.67388167388168,,
89,0.4146526903989167,81.24098124098124,,
90,0.42795098451480895,80.95238095238095,,
91,0.41474770234217717,80.51948051948052,,
92,0.40992737143242686,82.1067821067821,,
93,0.4006978714835936,81.81818181818181,,
94,0.3984925253222687,81.67388167388168,,
95,0.4148862404052657,81.52958152958153,,
96,0.3927144007421331,80.51948051948052,,
97,0.3919385382623384,82.25108225108225,,
98,0.40549220142598447,81.67388167388168,,
99,0.4090191066093087,80.8080808080808,,
100,0.4094184903699426,80.23088023088023,0.45543127090899976,80.51948051948052
101,0.3883053388602462,82.53968253968254,,
102,0.4207622696999003,80.66378066378067,,
103,0.3937354300273273,82.25108225108225,,
104,0.38775535196624966,82.25108225108225,,
105,0.4232721422485803,81.38528138528139,,
106,0.4029370637511106,82.53968253968254,,
107,0.38661454757742725,82.3953823953824,,
108,0.4000005496485753,81.52958152958153,,
109,0.4038182530138228,81.96248196248196,,
110,0.38870670819523356,83.26118326118326,,
111,0.38926863459625627,82.97258297258297,,
112,0.3873044141228237,82.53968253968254,,
113,0.40472174907831576,81.81818181818181,,
114,0.4117755443502814,81.52958152958153,,
115,0.3765961177765377,83.40548340548341,,
116,0.3937172542230735,82.68398268398268,,
117,0.3852772870965162,81.96248196248196,,
118,0.4103450547221075,82.68398268398268,,
119,0.3902137943934569,82.82828282828282,,
120,0.3820216907739295,84.27128427128427,,
121,0.3889377580963688,81.81818181818181,,
122,0.40712115672802685,82.1067821067821,,
123,0.37421677458337893,83.40548340548341,,
124,0.39202239511677023,82.82828282828282,,
125,0.3705772730652216,83.54978354978356,0.46209084561892916,83.11688311688312
126,0.36059750752015546,83.54978354978356,,
127,0.39853806499106886,83.11688311688312,,
128,0.38148431585292625,82.97258297258297,,
129,0.37147411183705403,84.12698412698413,,
130,0.3700659727680391,83.11688311688312,,
131,0.38896732180665583,81.67388167388168,,
132,0.4003457779234106,83.98268398268398,,
133,0.3836686986177343,82.53968253968254,,
134,0.3771131778348232,82.97258297258297,,
135,0.4007366895675659,81.0966810966811,,
136,0.396145538248197,81.67388167388168,,
137,0.35030591380372533,86.58008658008659,,
138,0.37950052585436667,83.83838383838383,,
139,0.3635551600917249,84.7041847041847,,
140,0.37087467282709446,82.3953823953824,,
141,0.3709643879666129,83.40548340548341,,
142,0.35484125857573395,83.40548340548341,,
143,0.37032260559768043,82.3953823953824,,
144,0.3656793964588625,82.53968253968254,,
145,0.36889821217861696,84.27128427128427,,
146,0.34704885564067145,85.42568542568543,,
147,0.37786830274702665,81.81818181818181,,
148,0.35259174182473496,84.99278499278499,,
149,0.36669107587822586,83.54978354978356,,
150,0.3670138107749807,84.41558441558442,0.4713235400713883,80.51948051948052
151,0.36624566722569873,85.71428571428571,,
152,0.3769066584488702,84.55988455988457,,
153,0.3501127250438817,85.28138528138528,,
154,0.3461747412256692,85.28138528138528,,
155,0.36460915048745113,84.84848484848484,,
156,0.34624279994641205,85.13708513708514,,
157,0.37486133817986494,82.1067821067821,,
158,0.35312981196124144,84.99278499278499,,
159,0.3459045705513177,84.12698412698413,,
160,0.36131209117853624,83.98268398268398,,
161,0.3535211841813672,83.69408369408369,,
162,0.35201822068612126,84.12698412698413,,
163,0.36671087925267254,83.26118326118326,,
164,0.3447173254572468,85.42568542568543,,
165,0.3532373124214822,84.99278499278499,,
166,0.33554897310069803,86.002886002886,,
167,0.326706111388117,85.13708513708514,,
168,0.35624621475241747,83.98268398268398,,
169,0.3500770978941374,84.12698412698413,,
170,0.33669073903371416,85.42568542568543,,
171,0.3659196941539495,84.12698412698413,,
172,0.3610175279913871,84.7041847041847,,
173,0.3645123882383151,83.26118326118326,,
174,0.3361700661426671,84.84848484848484,,
175,0.3384626444972095,84.55988455988457,0.47744779656459757,79.22077922077922
176,0.344506193549086,84.12698412698413,,
177,0.3415931599136727,85.71428571428571,,
178,0.3628724118933877,83.69408369408369,,
179,0.35275070177872286,83.98268398268398,,
180,0.33678406115734216,85.85858585858585,,
181,0.3431025574905704,84.99278499278499,,
182,0.331335761846402,85.13708513708514,,
183,0.3618559070995876,83.83838383838383,,
184,0.36276863868016357,83.69408369408369,,
185,0.3482761465195798,85.71428571428571,,
186,0.34544588425458767,84.55988455988457,,
187,0.35159157115487655,85.13708513708514,,
188,0.34242879578905533,83.69408369408369,,
189,0.34648484073332037,84.41558441558442,,
190,0.339686421626402,85.71428571428571,,
191,0.35200110159567083,84.27128427128427,,
192,0.3313930392222315,85.56998556998558,,
193,0.32833819560072297,85.42568542568543,,
194,0.3174138033888901,86.43578643578644,,
195,0.32863912345441043,86.14718614718615,,
196,0.3342708114421729,85.42568542568543,,
197,0.3287617660532094,85.13708513708514,,
198,0.33653345061157003,85.42568542568543,,
199,0.31424696855300777,87.15728715728716,,
200,0.34190192900350774,84.99278499278499,0.47923618206730134,81.81818181818181
201,0.31688583217572,87.01298701298701,,
202,0.335477333951306,86.58008658008659,,
203,0.33638332201460913,84.99278499278499,,
204,0.3410447730560495,83.98268398268398,,
205,0.31722298290306356,87.15728715728716,,
206,0.31004222369555273,88.02308802308802,,
207,0.3393345880947072,84.12698412698413,,
208,0.3273860785094174,86.58008658008659,,
209,0.3433618714326044,86.002886002886,,
210,0.3189782266213436,85.71428571428571,,
211,0.30064686406054364,88.60028860028861,,
212,0.3216254359371906,84.84848484848484,,
213,0.3396485401868476,85.42568542568543,,
214,0.348363062262019,85.42568542568543,,
215,0.3259226493161134,86.002886002886,,
216,0.3091575508079832,86.72438672438672,,
217,0.3358314772274931,84.99278499278499,,
218,0.30980844166758775,86.58008658008659,,
219,0.33104682718047507,86.2914862914863,,
220,0.3248695758686093,85.56998556998558,,
221,0.32218987523735343,86.002886002886,,
222,0.3170093235601422,85.42568542568543,,
223,0.2962724200058809,87.3015873015873,,
224,0.3049923758658152,86.86868686868686,,
225,0.3002691042070609,86.43578643578644,0.46913492718300265,84.41558441558442
226,0.33252508162075994,84.7041847041847,,
227,0.32709948742200456,86.43578643578644,,
228,0.3181913463240234,86.72438672438672,,
229,0.29902089433408574,88.31168831168831,,
230,0.3164519339928895,85.85858585858585,,
231,0.315795755704588,86.2914862914863,,
232,0.32492063907317786,87.15728715728716,,
233,0.31473224218746626,86.58008658008659,,
234,0.29565455075380265,85.85858585858585,,
235,0.3170133206837449,86.86868686868686,,
236,0.3062031401313228,86.58008658008659,,
237,0.30129777645479894,86.58008658008659,,
238,0.33599885709013944,84.84848484848484,,
239,0.31403850152292984,86.2914862914863,,
240,0.31715930370455353,86.2914862914863,,
241,0.32743509640597335,85.13708513708514,,
242,0.3157113612042189,86.002886002886,,
243,0.32182022894787754,85.13708513708514,,
244,0.33390302461549143,86.002886002886,,
245,0.321269977918435,85.85858585858585,,
246,0.31187189881075683,86.58008658008659,,
247,0.314874200292824,86.86868686868686,,
248,0.30498940804045954,89.17748917748918,,
249,0.29482792051237555,86.86868686868686,,
250,0.29751484906690634,87.73448773448773,0.5120751470714421,83.11688311688312
251,0.32255595531126463,86.43578643578644,,
252,0.3110812742257703,87.3015873015873,,
253,0.3234457677232927,86.002886002886,,
254,0.29828533915128197,88.88888888888889,,
255,0.298571370466791,87.01298701298701,,
256,0.2987665617448771,87.5901875901876,,
257,0.3181406809138013,86.002886002886,,
258,0.2975687292091344,86.002886002886,,
259,0.3226504876328065,85.85858585858585,,
260,0.302343160580591,87.5901875901876,,
261,0.30481820537414384,85.71428571428571,,
262,0.31994874880771446,87.01298701298701,,
263,0.30131878599546,86.86868686868686,,
264,0.305182467807423,86.43578643578644,,
265,0.294041021733745,86.58008658008659,,
266,0.32590967719947106,85.56998556998558,,
267,0.3040087518495915,88.31168831168831,,
268,0.29463691112799045,88.02308802308802,,
269,0.2819497956643029,87.73448773448773,,
270,0.3042332546148465,87.73448773448773,,
271,0.2978653728015839,88.02308802308802,,
272,0.2891695973763046,86.58008658008659,,
273,0.2824996534364048,88.88888888888889,,
274,0.28424919808409777,88.88888888888889,,
275,0.31608995995222233,86.58008658008659,0.4904079061824006,84.41558441558442
276,0.29370993244613575,87.01298701298701,,
277,0.29498501326270604,87.01298701298701,,
278,0.2860120959676705,87.5901875901876,,
279,0.3034599701649527,87.3015873015873,,
280,0.31380949624173055,86.58008658008659,,
281,0.29647556691286714,87.15728715728716,,
282,0.2963328748984426,87.87878787878788,,
283,0.31654685912022174,86.86868686868686,,
284,0.29228443006244403,88.88888888888889,,
285,0.3027031118477578,86.72438672438672,,
286,0.31370127007558746,85.56998556998558,,
287,0.28359394011989475,88.45598845598846,,
288,0.2857974971635173,88.45598845598846,,
289,0.29849000552515964,86.2914862914863,,
290,0.3177336013162291,87.01298701298701,,
291,0.2978554946863634,87.5901875901876,,
292,0.2858522364501485,87.73448773448773,,
293,0.3029005898627712,86.86868686868686,,
294,0.2883152094539282,88.60028860028861,,
295,0.28818396830455567,88.88888888888889,,
296,0.2910568190343452,87.3015873015873,,
297,0.2719652145713955,89.17748917748918,,
298,0.30787234973769856,87.15728715728716,,
299,0.2660424446130728,89.32178932178932,,
300,0.27617684733472003,88.02308802308802,0.5072869143702767,83.11688311688312
301,0.2774944943826092,88.60028860028861,,
302,0.31413169392259604,87.01298701298701,,
303,0.3087404573720599,87.01298701298701,,
304,0.2913223004229313,87.87878787878788,,
305,0.2847318328476227,88.16738816738817,,
306,0.2654848372480398,89.8989898989899,,
307,0.28941111225758454,87.01298701298701,,
308,0.29166962281622066,87.01298701298701,,
309,0.2899190938963003,87.3015873015873,,
310,0.29055316873099035,88.31168831168831,,
311,0.2807428695981809,88.16738816738817,,
312,0.27865772557809065,87.3015873015873,,
313,0.293834943705995,88.31168831168831,,
314,0.29469967563603006,87.15728715728716,,
315,0.2824605560147917,87.5901875901876,,
316,0.2808255191575225,88.74458874458874,,
317,0.2748290489590357,88.02308802308802,,
318,0.2782583258626781,87.73448773448773,,
319,0.3126221283474698,86.58008658008659,,
320,0.29233881039880916,87.73448773448773,,
321,0.2855003456683214,86.58008658008659,,
322,0.28853844104047116,87.87878787878788,,
323,0.28347530414875793,88.16738816738817,,
324,0.2978815834587615,87.01298701298701,,
325,0.28499348790614637,87.73448773448773,0.5107678194324692,80.51948051948052
326,0.28747288125848014,88.45598845598846,,
327,0.2883802696653947,88.60028860028861,,
328,0.2865288337587794,88.16738816738817,,
329,0.2880381560772872,88.16738816738817,,
330,0.3014108665921815,87.15728715728716,,
331,0.2939455918591432,86.43578643578644,,
332,0.28018377929882915,87.87878787878788,,
333,0.2751761922588596,88.74458874458874,,
334,0.2651462969497857,88.02308802308802,,
335,0.25690162549545237,89.6103896103896,,
336,0.2820734746584838,87.87878787878788,,
337,0.2633024869973181,88.88888888888889,,
338,0.28601206974549725,87.15728715728716,,
339,0.27511591394398294,89.17748917748918,,
340,0.2970964429956494,87.15728715728716,,
341,0.27319827353821,87.73448773448773,,
342,0.28375593726597137,87.01298701298701,,
343,0.2860498858392669,89.03318903318903,,
344,0.2592285658416982,88.74458874458874,,
345,0.26705302478689136,89.46608946608947,,
346,0.2897857301162951,86.14718614718615,,
347,0.29621828410876605,86.43578643578644,,
348,0.2855262109985599,87.73448773448773,,
349,0.26906778148414423,89.46608946608947,,
350,0.28151346383479253,87.5901875901876,0.5025078545917164,79.22077922077922
351,0.2656474634252413,89.8989898989899,,
352,0.2779267291184972,87.3015873015873,,
353,0.25902693736948834,88.60028860028861,,
354,0.26195778238652934,88.74458874458874,,
355,0.2806954820778807,88.31168831168831,,
356,0.26674770840146667,89.32178932178932,,
357,0.2783652771301944,87.3015873015873,,
358,0.29219514626101156,87.3015873015873,,
359,0.28124695364789015,88.74458874458874,,
360,0.2629421999164646,89.03318903318903,,
361,0.27141013264140007,89.03318903318903,,
362,0.270432984308591,89.8989898989899,,
363,0.2687632974780139,89.32178932178932,,
364,0.28835645223420764,89.03318903318903,,
365,0.301537165824125,89.75468975468975,,
366,0.29401148657864135,87.87878787878788,,
367,0.2755362019050345,87.73448773448773,,
368,0.2689072436842567,88.60028860028861,,
369,0.2742622016699283,88.16738816738817,,
370,0.24298467585613043,90.04329004329004,,
371,0.2803289542810569,88.31168831168831,,
372,0.2779987467745854,88.31168831168831,,
373,0.28441756241249316,88.60028860028861,,
374,0.28046936815951296,87.5901875901876,,
375,0.24085468183907252,90.33189033189034,0.5139952514852796,80.51948051948052
376,0.25495502546236115,91.1976911976912,,
377,0.2578692978078669,89.6103896103896,,
378,0.28318278829084675,88.88888888888889,,
379,0.2847935649180653,87.15728715728716,,
380,0.2712555331477699,88.45598845598846,,
381,0.2522177894480129,89.46608946608947,,
382,0.27478601247029216,88.88888888888889,,
383,0.26865042741766565,89.03318903318903,,
384,0.2739412278840036,87.5901875901876,,
385,0.28702750632171165,87.3015873015873,,
386,0.26103450575088183,89.46608946608947,,
387,0.2695746491051684,87.73448773448773,,
388,0.26659169504996844,89.17748917748918,,
389,0.2652325839191288,89.75468975468975,,
390,0.26962636250997174,88.45598845598846,,
391,0.2531839366599079,89.46608946608947,,
392,0.25431475385184926,88.88888888888889,,
393,0.2571303570511365,88.16738816738817,,
394,0.2603170109689666,89.03318903318903,,
395,0.2506167967340131,89.75468975468975,,
396,0.28593773157221586,88.16738816738817,,
397,0.27804042107572113,88.02308802308802,,
398,0.2522968158319399,90.62049062049061,,
399,0.24266047315056533,90.04329004329004,,
400,0.24377972205823978,89.17748917748918,0.5213289361495477,80.51948051948052
401,0.26254733106790684,88.16738816738817,,
402,0.275656617866106,88.02308802308802,,
403,0.2804872405004364,88.31168831168831,,
404,0.2608510647157226,88.88888888888889,,
405,0.2659855786426071,88.88888888888889,,
406,0.2685317376905361,89.75468975468975,,
407,0.26421075605640854,88.74458874458874,,
408,0.26424912237501763,87.73448773448773,,
409,0.25021203754612203,90.04329004329004,,
410,0.26417215535091976,89.17748917748918,,
411,0.24488813418782118,88.74458874458874,,
412,0.24793955141847784,89.6103896103896,,
413,0.23671855219514856,90.04329004329004,,
414,0.25087534129877626,90.33189033189034,,
415,0.26648166603684253,88.45598845598846,,
416,0.26143932058697655,90.47619047619048,,
417,0.25810553982832385,90.04329004329004,,
418,0.235068331199764,90.18759018759019,,
419,0.2658038669592374,88.60028860028861,,
420,0.27820312114591034,88.31168831168831,,
421,0.25140591839820275,89.03318903318903,,
422,0.25355975190110364,88.60028860028861,,
423,0.2552675251750891,91.05339105339105,,
424,0.2611797408968167,89.46608946608947,,
425,0.23845365032833205,90.18759018759019,0.5078433856561586,83.11688311688312
426,0.24497203460073402,89.46608946608947,,
427,0.26448525116385146,88.74458874458874,,
428,0.24783456411003035,89.6103896103896,,
429,0.23032229321687597,90.9090909090909,,
430,0.2558224194751673,88.88888888888889,,
431,0.2306814832776828,91.48629148629149,,
432,0.24746060771343512,90.9090909090909,,
433,0.23851340338265226,90.62049062049061,,
434,0.25674895493886174,88.16738816738817,,
435,0.26596530881666003,89.46608946608947,,
436,0.2494203895437941,90.04329004329004,,
437,0.24328684189704933,89.32178932178932,,
438,0.24690015078623057,90.33189033189034,,
439,0.24833289403764028,90.04329004329004,,
440,0.24613900471903372,89.03318903318903,,
441,0.2673220065076974,89.03318903318903,,
442,0.21626175018659058,92.4963924963925,,
443,0.2190863669112131,90.62049062049061,,
444,0.27046100049135835,88.02308802308802,,
445,0.2398901168058101,89.8989898989899,,
446,0.24227407938044138,90.62049062049061,,
447,0.25921459646538053,89.8989898989899,,
448,0.22866691690889787,90.33189033189034,,
449,0.23714345164629289,90.76479076479076,,
450,0.2617398990750915,88.74458874458874,0.5725421166265166,83.11688311688312
451,0.26167931458220683,89.46608946608947,,
452,0.23661721576257874,90.04329004329004,,
453,0.24402303628161184,90.76479076479076,,
454,0.2564750060245588,89.75468975468975,,
455,0.258525418082701,88.88888888888889,,
456,0.27464898423026995,88.02308802308802,,
457,0.22593240467844933,92.06349206349206,,
458,0.23627279842914786,89.6103896103896,,
459,0.25554938199372174,88.31168831168831,,
460,0.25651039232595313,89.32178932178932,,
461,0.2348653989350813,91.05339105339105,,
462,0.23893649964277536,89.17748917748918,,
463,0.2383622367144663,89.75468975468975,,
464,0.2385270195175903,89.8989898989899,,
465,0.24487066217315145,90.04329004329004,,
466,0.22137166596250274,90.33189033189034,,
467,0.23612309663326708,89.75468975468975,,
468,0.2528237956340867,89.03318903318903,,
469,0.2633447589038254,89.46608946608947,,
470,0.2587303665035215,89.32178932178932,,
471,0.2366870775023236,90.9090909090909,,
472,0.24414347385259247,88.88888888888889,,
473,0.28373769254653486,88.60028860028861,,
474,0.24134196485103812,89.8989898989899,,
475,0.24818501998851825,89.8989898989899,0.5227453669944366,85.71428571428571
476,0.23078462416991527,89.32178932178932,,
477,0.24376695389183398,89.46608946608947,,
478,0.2611114402526041,88.74458874458874,,
479,0.2575125622886944,88.88888888888889,,
480,0.25411227573392026,89.46608946608947,,
481,0.2426491899128256,89.8989898989899,,
482,0.2362907018894155,90.18759018759019,,
483,0.23221533080028078,90.9090909090909,,
484,0.21724878950380488,91.1976911976912,,
485,0.23819373313654724,89.17748917748918,,
486,0.22335500548584292,89.32178932178932,,
487,0.2591156069764499,89.46608946608947,,
488,0.22006952936773178,91.63059163059162,,
489,0.24604201307157417,88.60028860028861,,
490,0.2269930559577364,90.33189033189034,,
491,0.22800622914862667,90.18759018759019,,
492,0.21593354289751893,91.1976911976912,,
493,0.24913253416918746,89.46608946608947,,
494,0.23720730608933932,89.8989898989899,,
495,0.2303933258481528,90.76479076479076,,
496,0.23909967722744824,90.33189033189034,,
497,0.23559325041644502,90.9090909090909,,
498,0.23101922925050986,89.75468975468975,,
499,0.24367077921720123,90.62049062049061,,
500,0.22937989699376093,90.33189033189034,0.5485460270534862,81.81818181818181
501,0.23213844502299036,90.62049062049061,,
502,0.249693527376927,90.47619047619048,,
503,0.24217418020034764,89.6103896103896,,
504,0.23681779925054286,90.47619047619048,,
505,0.21265348020140054,91.77489177489177,,
506,0.21448653531065923,89.17748917748918,,
507,0.22968722751409804,90.04329004329004,,
508,0.21939338580268458,91.1976911976912,,
509,0.23803874355718,89.8989898989899,,
510,0.23848280852491205,89.6103896103896,,
511,0.22969794714175606,90.04329004329004,,
512,0.22122702693827395,90.9090909090909,,
513,0.260228276059225,89.46608946608947,,
514,0.24501411008284377,89.03318903318903,,
515,0.24023331668964368,91.1976911976912,,
516,0.24664150225737738,89.6103896103896,,
517,0.23843317872389055,89.03318903318903,,
518,0.22412916991125906,91.63059163059162,,
519,0.24675834843348632,90.33189033189034,,
520,0.2566496398055343,88.16738816738817,,
521,0.21816016808904784,90.9090909090909,,
522,0.23498822957234294,90.47619047619048,,
523,0.2228798091486849,90.62049062049061,,
524,0.24183425158907323,90.33189033189034,,
525,0.23812034136977203,89.46608946608947,0.5492895909331061,79.22077922077922
526,0.2677888903567973,89.6103896103896,,
527,0.24093936514888836,90.9090909090909,,
528,0.241646832470684,88.45598845598846,,
529,0.22224894471326775,90.9090909090909,,
530,0.23662981842503403,89.6103896103896,,
531,0.25046709941063094,90.33189033189034,,
532,0.22212306710032673,91.48629148629149,,
533,0.23361776855170813,90.04329004329004,,
534,0.21180138249933977,91.48629148629149,,
535,0.2196911144705992,90.47619047619048,,
536,0.23423171328302758,89.32178932178932,,
537,0.22470073773381857,90.47619047619048,,
538,0.2296378669069615,89.75468975468975,,
539,0.2080849918710205,90.18759018759019,,
540,0.24462544410603732,89.17748917748918,,
541,0.2593965580926141,89.03318903318903,,
542,0.2379772188236015,89.03318903318903,,
543,0.2278898199227293,89.17748917748918,,
544,0.22370955769730594,91.1976911976912,,
545,0.23824725417261688,90.04329004329004,,
546,0.21993771083599217,91.63059163059162,,
547,0.24280823416158578,89.17748917748918,,
548,0.21548640366756555,91.34199134199135,,
549,0.23164269796869627,90.33189033189034,,
550,0.21449054089545516,91.05339105339105,0.5912052416182184,81.81818181818181
551,0.23173136296339367,89.46608946608947,,
552,0.2059887798145564,92.06349206349206,,
553,0.2325316212539162,91.48629148629149,,
554,0.20609664646061984,90.9090909090909,,
555,0.23810006506085224,90.47619047619048,,
556,0.21182331395527673,90.9090909090909,,
557,0.22870765830703285,90.62049062049061,,
558,0.22352848119205898,90.33189033189034,,
559,0.21405950676741195,90.76479076479076,,
560,0.23060737184717886,90.18759018759019,,
561,0.23587833518568227,90.04329004329004,,
562,0.22105995961296954,90.33189033189034,,
563,0.22502760932086005,90.18759018759019,,
564,0.22526159566460233,89.75468975468975,,
565,0.24799862396493447,89.46608946608947,,
566,0.22142530951385547,91.63059163059162,,
567,0.21652241642512973,90.76479076479076,,
568,0.2043937286805539,91.48629148629149,,
569,0.21048828112270582,91.91919191919192,,
570,0.22539247905171622,89.8989898989899,,
571,0.2344219277345429,90.9090909090909,,
572,0.22663183207119697,91.77489177489177,,
573,0.22339870904345188,90.04329004329004,,
574,0.23170138218186118,89.17748917748918,,
575,0.22198891852583205,91.05339105339105,0.6128975965759971,83.11688311688312
576,0.24598423767872532,89.75468975468975,,
577,0.23270964330064958,90.33189033189034,,
578,0.20821400031898962,91.34199134199135,,
579,0.2259348662298651,90.04329004329004,,
580,0.2161526062013783,92.06349206349206,,
581,0.22270345170397585,90.33189033189034,,
582,0.2255747180544969,90.47619047619048,,
583,0.22842582263600775,91.63059163059162,,
584,0.2064067648473756,91.05339105339105,,
585,0.2097040338046623,91.34199134199135,,
586,0.2063680970006519,92.4963924963925,,
587,0.23227215670102946,91.91919191919192,,
588,0.2226677882292914,89.75468975468975,,
589,0.22712793447410562,90.62049062049061,,
590,0.21730221010217762,90.62049062049061,,
591,0.21525484347154225,91.1976911976912,,
592,0.22311401522542318,90.9090909090909,,
593,0.2492805149132039,90.18759018759019,,
594,0.22354745439120702,90.33189033189034,,
595,0.2193627736355147,91.91919191919192,,
596,0.23074871052223195,90.62049062049061,,
597,0.21227201563541334,91.48629148629149,,
598,0.20985062541319177,91.05339105339105,,
599,0.2173480862189853,90.62049062049061,,
600,0.21957098547514384,90.76479076479076,0.5947299243567826,81.81818181818181
601,0.19997234378294942,92.06349206349206,,
602,0.21466264438319516,91.34199134199135,,
603,0.1953202612472303,92.4963924963925,,
604,0.2206539110660897,90.47619047619048,,
605,0.2045289146812017,92.35209235209236,,
606,0.196887727380659,91.1976911976912,,
607,0.22934670069000937,90.62049062049061,,
608,0.21376261446211073,91.34199134199135,,
609,0.21052349125227285,90.9090909090909,,
610,0.21083052125242022,91.1976911976912,,
611,0.21460908739511758,91.05339105339105,,
612,0.21947606950783283,90.9090909090909,,
613,0.2307291536458901,90.47619047619048,,
614,0.21045184478937806,91.34199134199135,,
615,0.21125274526780474,91.34199134199135,,
616,0.21654429006112086,90.9090909090909,,
617,0.23913624224724708,89.75468975468975,,
618,0.20804744283702295,91.1976911976912,,
619,0.20622331604985103,92.35209235209236,,
620,0.2352632541763146,90.18759018759019,,
621,0.232652895378344,90.47619047619048,,
622,0.2056966506557547,91.63059163059162,,
623,0.2039895462783384,91.77489177489177,,
624,0.22519031308946155,91.1976911976912,,
625,0.20578967228338316,91.1976911976912,0.5751982002289264,83.11688311688312
626,0.2001310625633636,92.20779220779221,,
627,0.22026444275958887,90.04329004329004,,
628,0.2184406356593059,90.62049062049061,,
629,0.22240609915397555,90.47619047619048,,
630,0.2119520441622273,91.1976911976912,,
631,0.23136856756341062,89.03318903318903,,
632,0.21269023166848466,91.77489177489177,,
633,0.2184104175450654,90.76479076479076,,
634,0.1959898430977721,91.1976911976912,,
635,0.1853657298295357,92.20779220779221,,
636,0.19725075327558778,91.63059163059162,,
637,0.20511713534765602,91.1976911976912,,
638,0.21775776457476925,90.18759018759019,,
639,0.2292188165593801,90.76479076479076,,
640,0.2102792121975281,91.34199134199135,,
641,0.23304581134694308,89.8989898989899,,
642,0.2187110550922018,89.75468975468975,,
643,0.1973558921060521,91.77489177489177,,
644,0.21331353887679086,90.9090909090909,,
645,0.21708482331871815,91.05339105339105,,
646,0.2109137193809168,91.91919191919192,,
647,0.19862328457389386,92.35209235209236,,
648,0.21403909503639518,91.34199134199135,,
649,0.2287054058449265,89.75468975468975,,
650,0.2160542442599072,91.48629148629149,0.5843919445941974,85.71428571428571
651,0.20638593085228452,92.4963924963925,,
652,0.22151198222007587,90.76479076479076,,
653,0.23795589946565174,90.33189033189034,,
654,0.2066871586536604,92.20779220779221,,
655,0.1988852826977877,92.4963924963925,,
656,0.21404120184126355,91.05339105339105,,
657,0.19338311665673966,91.63059163059162,,
658,0.1969716168327249,92.06349206349206,,
659,0.20951786039539574,92.35209235209236,,
660,0.20264016149880051,91.48629148629149,,
661,0.19664389556502282,92.06349206349206,,
662,0.17905883010460702,92.64069264069263,,
663,0.2146088064662994,90.18759018759019,,
664,0.19884142456482154,91.34199134199135,,
665,0.21985299572413103,90.76479076479076,,
666,0.1998554907771416,91.91919191919192,,
667,0.2288783671062918,90.9090909090909,,
668,0.1887654991226451,91.91919191919192,,
669,0.20726020433126935,90.04329004329004,,
670,0.1971027622964303,92.20779220779221,,
671,0.1970933379893007,91.05339105339105,,
672,0.1816847099886312,92.35209235209236,,
673,0.2084401919040157,91.1976911976912,,
674,0.2080569587228618,90.47619047619048,,
675,0.18938067877963508,92.35209235209236,0.6284595894349085,81.81818181818181
676,0.19408340924143963,91.48629148629149,,
677,0.20750743911895916,90.62049062049061,,
678,0.20589664653696196,91.05339105339105,,
679,0.19968731148762447,91.91919191919192,,
680,0.19864975930356876,91.34199134199135,,
681,0.2058193562350748,91.34199134199135,,
682,0.21606035481111655,92.06349206349206,,
683,0.22479871633592965,89.46608946608947,,
684,0.21576892960854252,91.63059163059162,,
685,0.1976527494484556,91.77489177489177,,
686,0.1917747628766221,92.64069264069263,,
687,0.19998074147694384,91.48629148629149,,
688,0.18984421172204816,92.92929292929293,,
689,0.21365369087646877,90.76479076479076,,
690,0.1833168255490443,92.92929292929293,,
691,0.19900602734450137,91.48629148629149,,
692,0.2158779681675018,90.62049062049061,,
693,0.2033545080394972,91.63059163059162,,
694,0.25075645673842656,89.17748917748918,,
695,0.20525447217933027,91.63059163059162,,
696,0.21052467169355693,91.34199134199135,,
697,0.22587673437027705,89.8989898989899,,
698,0.17855015313212488,93.50649350649351,,
699,0.19239392300629599,91.63059163059162,,
700,0.20873896146534499,91.48629148629149,0.654740375744832,84.41558441558442
701,0.2049284235374064,91.1976911976912,,
702,0.1727495834682927,92.64069264069263,,
703,0.20435946258954155,91.1976911976912,,
704,0.21582639677528007,90.76479076479076,,
705,0.20271135510777327,91.48629148629149,,
706,0.1884561080007154,92.78499278499278,,
707,0.19265631701351071,91.91919191919192,,
708,0.19268145890634986,91.77489177489177,,
709,0.20473611593235708,91.34199134199135,,
710,0.21003079554133258,91.91919191919192,,
711,0.1920988881398761,91.1976911976912,,
712,0.19609125855165127,92.35209235209236,,
713,0.20805508001542194,91.1976911976912,,
714,0.19045765190499514,92.35209235209236,,
715,0.21480464290230822,90.62049062049061,,
716,0.1882364193856458,92.06349206349206,,
717,0.21447744563189677,91.91919191919192,,
718,0.19680409632289908,91.91919191919192,,
719,0.18105256692929703,92.4963924963925,,
720,0.20874682961174248,90.62049062049061,,
721,0.20331705930343094,91.48629148629149,,
722,0.1737424757595014,92.20779220779221,,
723,0.18124397877136092,93.21789321789322,,
724,0.20708015905142174,90.62049062049061,,
725,0.19276097348070076,91.48629148629149,0.6066494148660015,83.11688311688312
726,0.18353212473196384,92.06349206349206,,
727,0.2012279046132279,91.63059163059162,,
728,0.18919800271375528,92.20779220779221,,
729,0.17637391925976217,92.92929292929293,,
730,0.17963811046676376,91.48629148629149,,
731,0.20570887718752864,91.91919191919192,,
732,0.179426951325817,93.21789321789322,,
733,0.2198874708721992,91.05339105339105,,
734,0.19186028213647408,91.48629148629149,,
735,0.19164855053586533,92.92929292929293,,
736,0.16519883834094368,93.07359307359307,,
737,0.1999385504839568,91.48629148629149,,
738,0.19431748786271907,92.4963924963925,,
739,0.18638447393672636,93.21789321789322,,
740,0.195764152271321,93.36219336219337,,
741,0.1745709307266004,92.06349206349206,,
742,0.19509434731190683,92.20779220779221,,
743,0.19064903846292786,91.63059163059162,,
744,0.1869262374217204,92.06349206349206,,
745,0.1900467784029753,92.35209235209236,,
746,0.19835543322872806,91.48629148629149,,
747,0.19185288798757447,92.35209235209236,,
748,0.19147294127311112,92.06349206349206,,
749,0.1822840328963976,92.78499278499278,,
750,0.18770240808462169,90.9090909090909,0.6028643548488617,84.41558441558442
751,0.1796147090424535,92.64069264069263,,
752,0.19081654704967446,91.77489177489177,,
753,0.20172964483176992,92.06349206349206,,
754,0.1812787539450637,94.51659451659452,,
755,0.17774397987619708,93.07359307359307,,
756,0.1792836973247418,92.64069264069263,,
757,0.1793352382695692,92.35209235209236,,
758,0.190269585725721,91.63059163059162,,
759,0.1814348390178075,93.07359307359307,,
760,0.18024996240740215,91.34199134199135,,
761,0.17578891197066288,92.78499278499278,,
762,0.20332947915250604,92.06349206349206,,
763,0.17244086455430133,92.06349206349206,,
764,0.19372985179806168,92.35209235209236,,
765,0.1770730705697944,92.78499278499278,,
766,0.16678386261151812,93.07359307359307,,
767,0.1994837037412635,91.77489177489177,,
768,0.20559883736944817,91.91919191919192,,
769,0.19293260815167668,92.35209235209236,,
770,0.19309893511719517,92.64069264069263,,
771,0.1949032086517506,91.1976911976912,,
772,0.18471295215071193,92.20779220779221,,
773,0.1965159802962347,92.92929292929293,,
774,0.171597036529026,93.21789321789322,,
775,0.21378310153752694,91.48629148629149,0.647039480410613,83.11688311688312
776,0.1888397934202852,91.48629148629149,,
777,0.20759279457892563,90.62049062049061,,
778,0.1783451579435907,92.64069264069263,,
779,0.1814472053474162,92.06349206349206,,
780,0.17215680706208575,93.93939393939394,,
781,0.1999687691848096,92.92929292929293,,
782,0.19830663532319695,91.05339105339105,,
783,0.183825160894129,93.21789321789322,,
784,0.16531120648158748,92.20779220779221,,
785,0.1717524409810186,93.36219336219337,,
786,0.17370240880555404,92.78499278499278,,
787,0.1965893004062716,92.20779220779221,,
788,0.19194195388371466,91.91919191919192,,
789,0.1917229372723106,92.78499278499278,,
790,0.18367189078619986,92.78499278499278,,
791,0.1824432522391774,92.64069264069263,,
792,0.18599862725746752,92.20779220779221,,
793,0.17044210539321708,93.93939393939394,,
794,0.2092677245150397,91.63059163059162,,
795,0.17706020099539604,93.36219336219337,,
796,0.16988351330440626,94.37229437229438,,
797,0.200645079425016,93.07359307359307,,
798,0.19692130756670606,91.91919191919192,,
799,0.20218521468395106,92.20779220779221,,
800,0.2120738760077678,90.9090909090909,0.6564183564155133,83.11688311688312
801,0.19619673991903916,91.63059163059162,,
802,0.2045229391381682,91.48629148629149,,
803,0.1922248818227567,91.1976911976912,,
804,0.1842690607557049,91.91919191919192,,
805,0.17534489664121453,92.78499278499278,,
806,0.17970080369435693,92.35209235209236,,
807,0.1990765928362011,91.05339105339105,,
808,0.1960919750545276,91.34199134199135,,
809,0.19721754624214008,92.06349206349206,,
810,0.19111332942665826,92.92929292929293,,
811,0.17837572510489955,92.78499278499278,,
812,0.18844469216306833,92.20779220779221,,
813,0.1823254818524117,92.06349206349206,,
814,0.18116555586564764,92.92929292929293,,
815,0.18259993715891762,91.63059163059162,,
816,0.1816257198017311,92.06349206349206,,
817,0.17954562726991002,91.48629148629149,,
818,0.1697344703097192,92.06349206349206,,
819,0.20735540592567228,92.06349206349206,,
820,0.17920020317274427,92.35209235209236,,
821,0.18225648324038904,92.20779220779221,,
822,0.1879260458299436,92.92929292929293,,
823,0.17252508203887407,93.36219336219337,,
824,0.17454346734896023,92.64069264069263,,
825,0.17790656568802365,91.77489177489177,0.6867805115588299,81.81818181818181
826,0.19696332920681348,91.1976911976912,,
827,0.165169967201365,93.50649350649351,,
828,0.18280378014150292,92.06349206349206,,
829,0.20669945715395746,92.06349206349206,,
830,0.18000309535841125,92.64069264069263,,
831,0.19798171427772845,91.1976911976912,,
832,0.18006943437186154,92.35209235209236,,
833,0.17213144588780094,93.93939393939394,,
834,0.1725491371333685,93.65079365079364,,
835,0.17123915601258327,93.65079365079364,,
836,0.1797099281505589,93.07359307359307,,
837,0.2129532831249299,90.62049062049061,,
838,0.19439453242446092,91.77489177489177,,
839,0.1572371157904896,94.22799422799423,,
840,0.17440724946977773,92.35209235209236,,
841,0.18908195029729158,92.4963924963925,,
842,0.1807259985099279,93.07359307359307,,
843,0.1956684405863027,91.34199134199135,,
844,0.180444210552722,92.64069264069263,,
845,0.17551289638571582,92.64069264069263,,
846,0.16458655210026416,93.21789321789322,,
847,0.1686895199531278,93.50649350649351,,
848,0.17751926962087336,93.21789321789322,,
849,0.17093034619720812,92.4963924963925,,
850,0.16771019014703248,93.21789321789322,0.6655869491688617,83.11688311688312
851,0.1998829282040763,91.77489177489177,,
852,0.17322759751719657,93.21789321789322,,
853,0.18638141833858574,92.35209235209236,,
854,0.165184274853394,94.51659451659452,,
855,0.18979279358278622,92.4963924963925,,
856,0.16202797203137934,93.50649350649351,,
857,0.18344303000110912,92.64069264069263,,
858,0.17246091331410374,93.93939393939394,,
859,0.18031383872376203,92.35209235209236,,
860,0.15509703428004729,93.65079365079364,,
861,0.18320113733346327,92.4963924963925,,
862,0.17899429899187488,92.92929292929293,,
863,0.18036308237398513,91.91919191919192,,
864,0.1776695108688927,91.1976911976912,,
865,0.1579102234750943,93.36219336219337,,
866,0.17492246447187482,93.79509379509379,,
867,0.1651396406505359,93.36219336219337,,
868,0.19253143560662758,92.4963924963925,,
869,0.15815944419192718,93.50649350649351,,
870,0.17366173308649105,92.64069264069263,,
871,0.19221402490229317,92.35209235209236,,
872,0.18256684783261543,92.78499278499278,,
873,0.16827927387896038,93.36219336219337,,
874,0.18690823321734673,92.20779220779221,,
875,0.18811646576911684,92.92929292929293,0.6928519594978977,84.41558441558442
876,0.1659154717583333,93.79509379509379,,
877,0.17655995162405494,92.20779220779221,,
878,0.15481696483204718,93.79509379509379,,
879,0.17583065868112088,93.07359307359307,,
880,0.17231424652781838,93.36219336219337,,
881,0.17364299594065843,93.36219336219337,,
882,0.17082301575910908,93.36219336219337,,
883,0.16772886262978137,93.36219336219337,,
884,0.16994568860376036,93.21789321789322,,
885,0.18505199156798324,92.35209235209236,,
886,0.1753011652030599,93.65079365079364,,
887,0.1895670848179603,91.91919191919192,,
888,0.15816468619681023,93.21789321789322,,
889,0.1675515506540198,93.21789321789322,,
890,0.14175567768976458,94.66089466089466,,
891,0.16253869307632618,93.07359307359307,,
892,0.19138529729017448,92.06349206349206,,
893,0.17815865337590633,93.07359307359307,,
894,0.16921911716547192,92.64069264069263,,
895,0.15537670639600246,93.93939393939394,,
896,0.17465639090727245,92.35209235209236,,
897,0.18923708441711606,92.06349206349206,,
898,0.18096015799097168,92.78499278499278,,
899,0.15170450505369154,93.07359307359307,,
900,0.15268633303516055,94.37229437229438,0.7043590812714069,83.11688311688312
901,0.16914187202936987,92.64069264069263,,
902,0.17353496761807116,92.92929292929293,,
903,0.18902559847198697,92.35209235209236,,
904,0.17171924673343375,92.92929292929293,,
905,0.15579640729088085,94.08369408369408,,
906,0.1765664726452738,92.35209235209236,,
907,0.19305970295081062,91.05339105339105,,
908,0.17442214099789766,92.20779220779221,,
909,0.16809885059772287,92.92929292929293,,
910,0.1679678787658741,92.92929292929293,,
911,0.1609255468518531,93.36219336219337,,
912,0.17217758529070995,92.20779220779221,,
913,0.16166336394169115,93.21789321789322,,
914,0.17642933563537583,92.78499278499278,,
915,0.1637536349154009,93.65079365079364,,
916,0.16505175920318904,92.64069264069263,,
917,0.17241319304420835,92.4963924963925,,
918,0.17462248113248255,92.64069264069263,,
919,0.17583941027500585,93.79509379509379,,
920,0.15248654944040044,93.93939393939394,,
921,0.1733595636198875,93.93939393939394,,
922,0.16555099273140814,92.4963924963925,,
923,0.1873380754513916,92.35209235209236,,
924,0.18524196775143625,92.78499278499278,,
925,0.16958521136645802,92.4963924963925,0.730458483293459,84.41558441558442
926,0.16575874708603644,93.07359307359307,,
927,0.16693891774094294,93.36219336219337,,
928,0.18916044002573557,92.64069264069263,,
929,0.16906437369179073,93.21789321789322,,
930,0.17412681901265706,92.92929292929293,,
931,0.1552291919852232,93.93939393939394,,
932,0.153652596546802,93.79509379509379,,
933,0.16064332827689157,93.36219336219337,,
934,0.16216919079831496,93.93939393939394,,
935,0.16928506403903423,92.92929292929293,,
936,0.16718167879364706,93.36219336219337,,
937,0.18277984913465437,91.77489177489177,,
938,0.18126127712998383,92.92929292929293,,
939,0.14402156227508836,94.66089466089466,,
940,0.1602693967746966,93.50649350649351,,
941,0.16971992956095444,93.79509379509379,,
942,0.14208683385520443,94.51659451659452,,
943,0.17545061431620887,93.79509379509379,,
944,0.16640235761027317,94.08369408369408,,
945,0.16316283125467976,92.78499278499278,,
946,0.18248500529821818,92.20779220779221,,
947,0.18315302745625914,92.78499278499278,,
948,0.18337702925866645,92.64069264069263,,
949,0.1681887042556834,92.78499278499278,,
950,0.15484278336769403,94.51659451659452,0.684201621970573,83.11688311688312
951,0.17169327203662796,93.36219336219337,,
952,0.15074131906591626,94.51659451659452,,
953,0.16526538602373472,92.92929292929293,,
954,0.1685934386083058,94.08369408369408,,
955,0.15764290274995746,93.79509379509379,,
956,0.1674943488698673,93.36219336219337,,
957,0.15382573277317257,94.22799422799423,,
958,0.17766614995821559,92.78499278499278,,
959,0.18031640120742984,91.63059163059162,,
960,0.16555449838009575,92.78499278499278,,
961,0.16545388235846295,92.92929292929293,,
962,0.1475316927073494,94.08369408369408,,
963,0.17630948461753465,92.78499278499278,,
964,0.16938434810005398,93.21789321789322,,
965,0.1619537163735468,93.21789321789322,,
966,0.14756565696249405,94.22799422799423,,
967,0.12935681088087062,94.8051948051948,,
968,0.1974806613564319,90.62049062049061,,
969,0.15441202291678557,94.22799422799423,,
970,0.15611679721919317,94.51659451659452,,
971,0.15184763069755114,92.78499278499278,,
972,0.182651129227352,91.91919191919192,,
973,0.1750839353037775,92.64069264069263,,
974,0.18216726842939768,92.78499278499278,,
975,0.15302944382246783,94.37229437229438,0.7554328646752742,81.81818181818181
976,0.18849250954854024,92.78499278499278,,
977,0.14125903615187774,94.94949494949495,,
978,0.13908743625573955,94.66089466089466,,
979,0.1479413758796703,93.36219336219337,,
980,0.1672652078225327,93.36219336219337,,
981,0.16517901529180368,92.78499278499278,,
982,0.16903929795107628,92.4963924963925,,
983,0.1682622397444809,92.64069264069263,,
984,0.15944502925201928,93.50649350649351,,
985,0.15378103505223345,93.79509379509379,,
986,0.17207047605583334,93.21789321789322,,
987,0.16045460066238007,93.07359307359307,,
988,0.15134185474382075,94.08369408369408,,
989,0.1624767854917273,93.65079365079364,,
990,0.18016075541824372,92.92929292929293,,
991,0.18030003831328079,91.63059163059162,,
992,0.19591125261043918,91.77489177489177,,
993,0.1647659855737508,93.93939393939394,,
994,0.2042930798785167,91.77489177489177,,
995,0.16467682743635872,92.4963924963925,,
996,0.15622508418336403,93.21789321789322,,
997,0.17149091476485842,94.22799422799423,,
998,0.15361369280803083,93.93939393939394,,
999,0.15205981273306224,93.65079365079364,,
1000,0.16070650118533494,93.65079365079364,0.7553198949083105,83.11688311688312
