epoch,train_loss,train_acc,test_loss,test_acc
1,0.6885275959452509,54.4011544011544,0.6848875663497231,55.84415584415584
2,0.6863765407778312,55.98845598845599,,
3,0.6861660514903103,55.98845598845599,,
4,0.6827691220617914,55.98845598845599,,
5,0.6811382249320225,55.98845598845599,,
6,0.6757137942279744,55.84415584415584,,
7,0.6732216190122079,56.42135642135642,,
8,0.6657901224807915,55.266955266955264,,
9,0.6681126454175809,58.152958152958156,,
10,0.6628880542938156,57.142857142857146,,
11,0.6600677274694347,58.58585858585859,,
12,0.6527137209756722,57.86435786435786,,
13,0.6534588827199234,61.18326118326118,,
14,0.6415981449950137,61.47186147186147,,
15,0.6351361469100908,62.33766233766234,,
16,0.6275876094768573,64.7907647907648,,
17,0.6159982082647678,65.80086580086581,,
18,0.6238622192352538,64.7907647907648,,
19,0.6091352569592463,67.24386724386724,,
20,0.6053936878840128,67.0995670995671,,
21,0.6053941339297384,69.11976911976912,,
22,0.5835844600871528,72.2943722943723,,
23,0.5850794509719804,70.56277056277057,,
24,0.5698032184768721,72.15007215007215,,
25,0.5537989886980208,73.44877344877345,0.5920754229867613,63.63636363636363
26,0.5565157769648371,73.44877344877345,,
27,0.5487891525073141,72.005772005772,,
28,0.5474254697948308,72.43867243867244,,
29,0.5457212483298038,73.3044733044733,,
30,0.5348339517309209,71.28427128427128,,
31,0.516126649548309,76.04617604617604,,
32,0.531419493935325,73.5930735930736,,
33,0.5131010501759737,75.61327561327562,,
34,0.5235091375582146,74.74747474747475,,
35,0.5257071950734952,72.87157287157287,,
36,0.5180104315968991,74.31457431457432,,
37,0.5119353725882664,76.33477633477634,,
38,0.510307623538448,75.03607503607503,,
39,0.5091103365238955,76.33477633477634,,
40,0.502277887959845,75.75757575757575,,
41,0.49134998791145557,78.06637806637806,,
42,0.4941017813496775,76.91197691197691,,
43,0.5020023555122585,74.45887445887446,,
44,0.4844934589634038,76.91197691197691,,
45,0.48160471114589365,76.19047619047619,,
46,0.4779313573503563,77.2005772005772,,
47,0.4839587848079841,77.2005772005772,,
48,0.47510994805230033,77.2005772005772,,
49,0.4805269887695065,77.2005772005772,,
50,0.44979350107572813,78.78787878787878,0.5301675657173256,72.72727272727273
51,0.4778175999935915,76.62337662337663,,
52,0.4650261796054042,78.21067821067821,,
53,0.4692058709233698,78.21067821067821,,
54,0.45111860324122,78.06637806637806,,
55,0.4628957772323751,79.50937950937951,,
56,0.46313311389686396,76.47907647907648,,
57,0.48822217259400164,76.47907647907648,,
58,0.4498101741634578,78.93217893217893,,
59,0.4641966037936025,78.21067821067821,,
60,0.46361965861327376,77.05627705627705,,
61,0.45779954299094183,77.2005772005772,,
62,0.45492792925105296,79.22077922077922,,
63,0.46228884541111076,78.93217893217893,,
64,0.4601606731376951,75.75757575757575,,
65,0.46871521256186743,76.47907647907648,,
66,0.45858516540878264,78.93217893217893,,
67,0.46988078113242143,77.2005772005772,,
68,0.4340266218089094,78.64357864357865,,
69,0.44145461977130235,80.08658008658008,,
70,0.4525178653251213,77.92207792207792,,
71,0.4357280151066498,81.0966810966811,,
72,0.4385250252906722,79.79797979797979,,
73,0.44446662614527893,81.52958152958153,,
74,0.45222394824200035,79.07647907647907,,
75,0.43060360266188696,80.95238095238095,0.5036171481206819,80.51948051948052
76,0.44077775007030495,79.94227994227994,,
77,0.43679068245068947,80.23088023088023,,
78,0.4494155999729988,79.22077922077922,,
79,0.44427959863929695,79.79797979797979,,
80,0.439003110103965,81.0966810966811,,
81,0.42870223528636997,79.50937950937951,,
82,0.42836063283174414,81.81818181818181,,
83,0.434537887401223,81.0966810966811,,
84,0.4304838107433842,80.37518037518038,,
85,0.41142704756056936,80.37518037518038,,
86,0.42669022848767807,82.1067821067821,,
87,0.43034539258841314,80.51948051948052,,
88,0.4284900953673353,80.66378066378067,,
89,0.41317956091521624,79.79797979797979,,
90,0.43275466565617926,79.94227994227994,,
91,0.42328935169210335,80.08658008658008,,
92,0.4166233368422218,78.93217893217893,,
93,0.41457016944541214,80.51948051948052,,
94,0.431449672747484,79.79797979797979,,
95,0.40261401345719505,81.52958152958153,,
96,0.42511246038377715,79.36507936507937,,
97,0.40398451978338057,81.24098124098124,,
98,0.4108378685914077,80.37518037518038,,
99,0.4108275625784848,81.24098124098124,,
100,0.43639414264010146,78.93217893217893,0.4917780625355708,76.62337662337663
101,0.4153284380188236,81.81818181818181,,
102,0.4168585851939038,79.36507936507937,,
103,0.402766098363747,81.67388167388168,,
104,0.40072053498864,82.1067821067821,,
105,0.3986904522213241,81.96248196248196,,
106,0.3943921242656474,82.82828282828282,,
107,0.38025141416001973,85.13708513708514,,
108,0.3935180099581571,80.95238095238095,,
109,0.3975542089639804,81.38528138528139,,
110,0.39495611956281235,82.82828282828282,,
111,0.3970115265740461,82.68398268398268,,
112,0.4089266096186672,82.1067821067821,,
113,0.39160558542647916,82.68398268398268,,
114,0.4065714038123644,82.1067821067821,,
115,0.38080654266420727,82.25108225108225,,
116,0.3973701506810099,81.24098124098124,,
117,0.3854326500435068,82.68398268398268,,
118,0.3970405852467811,81.38528138528139,,
119,0.39402455603233494,83.26118326118326,,
120,0.3866589396632939,83.40548340548341,,
121,0.378722914025553,83.26118326118326,,
122,0.3998010614819685,80.51948051948052,,
123,0.380127695925308,81.0966810966811,,
124,0.3713692920376556,84.27128427128427,,
125,0.3859894937079018,82.1067821067821,0.4833057762740494,84.41558441558442
126,0.3896867764460576,82.25108225108225,,
127,0.38573298146370344,83.54978354978356,,
128,0.38348282815574053,82.3953823953824,,
129,0.38590360582304895,82.3953823953824,,
130,0.376340843984403,84.12698412698413,,
131,0.412006925710868,80.8080808080808,,
132,0.3823999756084376,83.69408369408369,,
133,0.37540821002159286,83.26118326118326,,
134,0.4101542031438148,82.25108225108225,,
135,0.3754133767895884,83.11688311688312,,
136,0.3616990622933981,83.69408369408369,,
137,0.3802033221136784,82.53968253968254,,
138,0.3804462227814469,82.97258297258297,,
139,0.3631098174569325,83.69408369408369,,
140,0.3699522492990521,82.82828282828282,,
141,0.37142443897748234,83.26118326118326,,
142,0.35613556234179466,83.98268398268398,,
143,0.3719963566393391,83.40548340548341,,
144,0.34973056255308926,83.69408369408369,,
145,0.37214103147581024,83.98268398268398,,
146,0.35020349261822636,86.14718614718615,,
147,0.3738945301563021,83.40548340548341,,
148,0.353981394272346,84.99278499278499,,
149,0.33838718561899095,86.43578643578644,,
150,0.36093562948927393,82.97258297258297,0.5043499643926497,77.92207792207792
151,0.36441169861935263,83.98268398268398,,
152,0.3572710131497954,84.55988455988457,,
153,0.3859701853293877,83.83838383838383,,
154,0.3847500840779851,83.54978354978356,,
155,0.35273696576792096,84.41558441558442,,
156,0.348449421565426,84.55988455988457,,
157,0.38746165962618323,83.98268398268398,,
158,0.35794961142849613,85.28138528138528,,
159,0.375121054281232,82.53968253968254,,
160,0.3672880112780809,84.12698412698413,,
161,0.370502389612652,83.40548340548341,,
162,0.35507930021781425,84.27128427128427,,
163,0.3567943454304815,83.69408369408369,,
164,0.36199970519731917,83.83838383838383,,
165,0.36957490340971844,83.40548340548341,,
166,0.3337281604349871,85.71428571428571,,
167,0.3538051057945598,84.99278499278499,,
168,0.38390714020440075,81.96248196248196,,
169,0.35056108915788614,84.84848484848484,,
170,0.3434348806502327,85.56998556998558,,
171,0.3580073181856934,83.54978354978356,,
172,0.3564665208303223,82.68398268398268,,
173,0.36378825403223136,84.41558441558442,,
174,0.3243018252422971,86.14718614718615,,
175,0.35491984833198537,86.14718614718615,0.5030961663692028,77.92207792207792
176,0.3618128701377913,83.40548340548341,,
177,0.36156389112940424,84.99278499278499,,
178,0.35651735658253425,82.97258297258297,,
179,0.3507557505524004,83.98268398268398,,
180,0.35464737715917233,83.98268398268398,,
181,0.3482927967287589,84.55988455988457,,
182,0.33033187306804573,85.85858585858585,,
183,0.32587810176791565,87.01298701298701,,
184,0.3645858079152018,84.12698412698413,,
185,0.35583539300666744,84.84848484848484,,
186,0.3441134408481881,85.56998556998558,,
187,0.31961109567686247,86.72438672438672,,
188,0.3421583749988206,84.55988455988457,,
189,0.36348461423171374,84.12698412698413,,
190,0.3297653481213733,85.71428571428571,,
191,0.36484779904544096,84.27128427128427,,
192,0.33769164970856896,86.58008658008659,,
193,0.34172458643521064,84.41558441558442,,
194,0.3288328545692163,86.002886002886,,
195,0.34947037615129267,85.13708513708514,,
196,0.34419294103743536,84.55988455988457,,
197,0.35532800244734575,85.28138528138528,,
198,0.34267518977926237,84.27128427128427,,
199,0.34345897202195885,84.41558441558442,,
200,0.33582348108807686,84.99278499278499,0.5279140275020104,79.22077922077922
201,0.3129131153634444,86.86868686868686,,
202,0.3263346880330324,85.71428571428571,,
203,0.3387636486414019,85.13708513708514,,
204,0.34737207075046084,84.27128427128427,,
205,0.3467896853346501,85.28138528138528,,
206,0.3407214405216696,82.97258297258297,,
207,0.3283664254743127,85.71428571428571,,
208,0.32700041435325644,84.7041847041847,,
209,0.3223438745883292,86.72438672438672,,
210,0.34855889874103263,84.7041847041847,,
211,0.3287819257976345,85.71428571428571,,
212,0.33028083050577844,84.41558441558442,,
213,0.3106229830570895,87.44588744588745,,
214,0.3093918086732449,86.86868686868686,,
215,0.3225859015276938,86.72438672438672,,
216,0.33956175801729915,85.42568542568543,,
217,0.3334832883844472,85.28138528138528,,
218,0.33918025767132315,85.85858585858585,,
219,0.3328694808061677,84.84848484848484,,
220,0.34664058135916487,84.27128427128427,,
221,0.3093900169645037,86.86868686868686,,
222,0.32675625874108566,86.14718614718615,,
223,0.3264348508647682,87.5901875901876,,
224,0.3440141623025333,83.69408369408369,,
225,0.3180527581711008,86.43578643578644,0.5584277216490213,77.92207792207792
226,0.3037335414434064,88.45598845598846,,
227,0.3329570351052938,85.71428571428571,,
228,0.34584990186780734,87.01298701298701,,
229,0.3155410596818635,86.43578643578644,,
230,0.31858714223768114,87.3015873015873,,
231,0.3190782271422349,87.3015873015873,,
232,0.32423610217643506,85.85858585858585,,
233,0.29621321547771085,87.3015873015873,,
234,0.3068612770837279,87.15728715728716,,
235,0.32214503684773244,85.13708513708514,,
236,0.32154719961584044,86.14718614718615,,
237,0.3371925127583665,87.44588744588745,,
238,0.32834384791434756,87.44588744588745,,
239,0.3185262673172944,86.14718614718615,,
240,0.31644664973579617,86.86868686868686,,
241,0.31541540259750717,87.01298701298701,,
242,0.30673674153215097,86.43578643578644,,
243,0.32151013010680074,84.55988455988457,,
244,0.30760140028952865,88.02308802308802,,
245,0.2917526039855305,87.15728715728716,,
246,0.3316895454304903,84.84848484848484,,
247,0.30881036661059996,87.44588744588745,,
248,0.29682451486587524,86.58008658008659,,
249,0.30423506531020433,87.01298701298701,,
250,0.3213690020477273,86.14718614718615,0.561836281380096,81.81818181818181
251,0.30843567640707437,87.15728715728716,,
252,0.3174553562552382,85.85858585858585,,
253,0.3169169025159673,86.43578643578644,,
254,0.31696916103879097,87.5901875901876,,
255,0.29817949667637483,87.73448773448773,,
256,0.32324802170240174,87.01298701298701,,
257,0.31766376157612425,86.14718614718615,,
258,0.3176137894435018,86.43578643578644,,
259,0.3262200438314014,87.5901875901876,,
260,0.3134978568399107,86.86868686868686,,
261,0.3045265938855525,87.5901875901876,,
262,0.30701003108619784,86.72438672438672,,
263,0.3229822918536171,87.01298701298701,,
264,0.2924546602828506,88.45598845598846,,
265,0.3013555493533697,86.002886002886,,
266,0.3105562119428902,85.42568542568543,,
267,0.30243950106020784,87.15728715728716,,
268,0.2964522657112298,88.16738816738817,,
269,0.3076502388775951,85.85858585858585,,
270,0.315504509950269,85.42568542568543,,
271,0.3062966564000943,87.87878787878788,,
272,0.2932912137085225,87.87878787878788,,
273,0.2906226502438472,86.72438672438672,,
274,0.2756561850658571,89.6103896103896,,
275,0.28578069523073635,87.44588744588745,0.6025927686072016,74.02597402597402
276,0.28626875734174406,87.73448773448773,,
277,0.3020976631973385,86.002886002886,,
278,0.28276036002419214,88.16738816738817,,
279,0.2844517169490693,88.31168831168831,,
280,0.2732834192409488,89.03318903318903,,
281,0.3171766652345313,86.72438672438672,,
282,0.2783291722616936,88.02308802308802,,
283,0.2880180344566122,87.01298701298701,,
284,0.30824460254775154,89.03318903318903,,
285,0.29957353445186585,87.44588744588745,,
286,0.2825298183752173,89.32178932178932,,
287,0.2889263504339331,87.73448773448773,,
288,0.2908940359326496,87.15728715728716,,
289,0.3089395976728863,86.86868686868686,,
290,0.2790130532923199,87.5901875901876,,
291,0.30525651595637227,87.44588744588745,,
292,0.27525158989825116,88.31168831168831,,
293,0.31256691105179973,86.2914862914863,,
294,0.2811577883031633,88.02308802308802,,
295,0.2921388406430144,87.3015873015873,,
296,0.29162668773278183,88.74458874458874,,
297,0.3059969624399623,88.60028860028861,,
298,0.27672390418307263,88.02308802308802,,
299,0.2881482831198416,87.5901875901876,,
300,0.28726968534753095,87.5901875901876,0.6207242786110222,80.51948051948052
301,0.29506590109302366,86.58008658008659,,
302,0.2956245729933569,87.44588744588745,,
303,0.3041234319387232,87.01298701298701,,
304,0.29097998720656915,89.17748917748918,,
305,0.3084398734277117,86.2914862914863,,
306,0.27899961902465653,89.17748917748918,,
307,0.2874674629339408,87.3015873015873,,
308,0.29399170870603764,87.15728715728716,,
309,0.30814874834484524,87.01298701298701,,
310,0.3039401452692728,85.28138528138528,,
311,0.2704249920611086,88.88888888888889,,
312,0.28187850560632793,88.74458874458874,,
313,0.29208473437620275,87.3015873015873,,
314,0.27074309057337037,88.31168831168831,,
315,0.3053972492744396,85.71428571428571,,
316,0.2827647990220553,88.60028860028861,,
317,0.2832210400661865,87.5901875901876,,
318,0.298490173458881,85.28138528138528,,
319,0.2697522474874838,87.5901875901876,,
320,0.28521195899098467,87.5901875901876,,
321,0.28784218587486604,87.87878787878788,,
322,0.29607369551840973,87.01298701298701,,
323,0.28364280625253185,87.5901875901876,,
324,0.25401778827712995,89.32178932178932,,
325,0.27040345319593795,87.3015873015873,0.6529181986660152,80.51948051948052
326,0.2959796893820274,87.87878787878788,,
327,0.26089075194808825,88.60028860028861,,
328,0.28790421988196874,89.03318903318903,,
329,0.28455855474843605,88.31168831168831,,
330,0.2778737096473424,87.73448773448773,,
331,0.29070111954367006,87.87878787878788,,
332,0.2801914636534874,89.32178932178932,,
333,0.2669475752790425,88.88888888888889,,
334,0.2686073819624225,87.87878787878788,,
335,0.26522831440315964,88.60028860028861,,
336,0.28717315738851373,87.73448773448773,,
337,0.2678295515402399,88.88888888888889,,
338,0.278297120100492,88.31168831168831,,
339,0.2843737864240595,88.45598845598846,,
340,0.28674784479031146,88.31168831168831,,
341,0.27430697742306653,88.88888888888889,,
342,0.26595968359605576,87.73448773448773,,
343,0.26735327292830396,89.32178932178932,,
344,0.25892204158061854,89.03318903318903,,
345,0.26541759037180207,89.6103896103896,,
346,0.2909642204663798,87.5901875901876,,
347,0.24681943009942126,90.47619047619048,,
348,0.2685221072829303,88.45598845598846,,
349,0.2675051177390898,88.02308802308802,,
350,0.27221566759060645,88.02308802308802,0.6539132494431037,79.22077922077922
351,0.2847424599128368,89.6103896103896,,
352,0.24830428871607024,89.46608946608947,,
353,0.2471812419071901,90.18759018759019,,
354,0.26360956510101563,88.45598845598846,,
355,0.27183955930399173,88.02308802308802,,
356,0.26862237760514923,88.02308802308802,,
357,0.2908186076308398,87.5901875901876,,
358,0.2618400614929062,88.74458874458874,,
359,0.2655510993144901,89.32178932178932,,
360,0.26983333937017434,87.5901875901876,,
361,0.2720042717512724,88.74458874458874,,
362,0.25129916547954856,89.6103896103896,,
363,0.24838735285775487,91.1976911976912,,
364,0.2799397265111213,87.01298701298701,,
365,0.24649121884315733,89.17748917748918,,
366,0.2803899346922039,88.16738816738817,,
367,0.25557156631784866,89.75468975468975,,
368,0.2885002224164522,88.31168831168831,,
369,0.2451876617785312,88.88888888888889,,
370,0.27877110436365204,88.88888888888889,,
371,0.26363400231192125,89.6103896103896,,
372,0.24388443037577265,90.18759018759019,,
373,0.2798270672172695,87.73448773448773,,
374,0.2441101808955659,90.76479076479076,,
375,0.2504266839350801,91.05339105339105,0.654281123117967,80.51948051948052
376,0.2660036369080388,87.44588744588745,,
377,0.253716395487861,89.32178932178932,,
378,0.24560883598238187,89.8989898989899,,
379,0.27934424269509006,87.87878787878788,,
380,0.24837022772513082,90.33189033189034,,
381,0.2548529909759717,89.75468975468975,,
382,0.27158723610304136,89.03318903318903,,
383,0.26350355698776795,88.74458874458874,,
384,0.2659132248825497,89.03318903318903,,
385,0.2486196577893019,88.60028860028861,,
386,0.257203525257489,89.75468975468975,,
387,0.25101945227788813,90.47619047619048,,
388,0.24040253568994363,89.8989898989899,,
389,0.24982275986912275,89.32178932178932,,
390,0.2866993782367197,87.44588744588745,,
391,0.2597485108766033,87.87878787878788,,
392,0.25329707031814225,88.45598845598846,,
393,0.23478478820077955,90.62049062049061,,
394,0.2495498855048616,89.6103896103896,,
395,0.29402815789779885,87.15728715728716,,
396,0.2432367642118473,89.8989898989899,,
397,0.25226570474465,88.74458874458874,,
398,0.23372558324798018,91.34199134199135,,
399,0.2575005776696391,90.47619047619048,,
400,0.2444070427534728,90.47619047619048,0.6557112576125504,79.22077922077922
401,0.28308710021546046,87.3015873015873,,
402,0.2605957343292787,89.03318903318903,,
403,0.24672262200717457,89.32178932178932,,
404,0.2675707182842932,89.8989898989899,,
405,0.24309240632070953,90.18759018759019,,
406,0.24257900272354935,89.17748917748918,,
407,0.250865942622504,89.32178932178932,,
408,0.2311539455151661,91.91919191919192,,
409,0.240831408676561,89.03318903318903,,
410,0.2641207127688079,88.74458874458874,,
411,0.2366042113708383,90.47619047619048,,
412,0.2191178957363228,90.47619047619048,,
413,0.233675644984321,91.34199134199135,,
414,0.22684623367686638,91.63059163059162,,
415,0.2479389969361637,89.8989898989899,,
416,0.2429872860898187,88.88888888888889,,
417,0.23598870531821148,89.8989898989899,,
418,0.24252682154216035,90.76479076479076,,
419,0.25424085344587055,87.73448773448773,,
420,0.23634542533415565,89.6103896103896,,
421,0.23451833781741915,90.33189033189034,,
422,0.2579097261418512,88.74458874458874,,
423,0.24544415307939482,88.74458874458874,,
424,0.26307613403680175,88.45598845598846,,
425,0.21460355112993013,91.05339105339105,0.7138285559493226,80.51948051948052
426,0.22497023627011462,91.91919191919192,,
427,0.23155543698376907,91.77489177489177,,
428,0.2336424385421892,91.1976911976912,,
429,0.24246485176540555,89.46608946608947,,
430,0.250136808227495,90.18759018759019,,
431,0.23984925397288748,89.75468975468975,,
432,0.2637574908150223,88.45598845598846,,
433,0.2382303544066169,89.8989898989899,,
434,0.26148751180237334,89.17748917748918,,
435,0.2523409528133673,89.03318903318903,,
436,0.24139791825977067,89.75468975468975,,
437,0.2430127744507824,89.32178932178932,,
438,0.205965181879839,92.35209235209236,,
439,0.2409560934977786,90.04329004329004,,
440,0.23099718428879418,90.33189033189034,,
441,0.2375079541645869,90.04329004329004,,
442,0.2337125667718926,90.18759018759019,,
443,0.2510531288806838,89.32178932178932,,
444,0.2526803520678786,90.47619047619048,,
445,0.23020682078591329,89.6103896103896,,
446,0.2328854754545644,89.6103896103896,,
447,0.2511003091608807,89.03318903318903,,
448,0.23581114424255503,91.05339105339105,,
449,0.2610096476896845,90.04329004329004,,
450,0.24452668776759853,90.9090909090909,0.7179140224085225,79.22077922077922
451,0.27078450037351937,88.45598845598846,,
452,0.2043521748734759,91.77489177489177,,
453,0.2279599124907071,90.76479076479076,,
454,0.23410805909320562,90.18759018759019,,
455,0.22443030389700444,91.1976911976912,,
456,0.23989359739882948,89.75468975468975,,
457,0.221761651025362,90.04329004329004,,
458,0.2440283288171281,89.03318903318903,,
459,0.22875128918653959,90.18759018759019,,
460,0.24812333737358902,89.17748917748918,,
461,0.2561672017902867,90.04329004329004,,
462,0.2505650695784267,88.74458874458874,,
463,0.22989474424036035,91.63059163059162,,
464,0.24261033915596092,89.03318903318903,,
465,0.24664552730990608,89.6103896103896,,
466,0.2537877145525697,90.62049062049061,,
467,0.2408390288143103,90.18759018759019,,
468,0.23607998333796107,90.47619047619048,,
469,0.24410319281002832,89.32178932178932,,
470,0.22544623107191117,91.63059163059162,,
471,0.2549975343682893,88.31168831168831,,
472,0.24767666100423574,89.46608946608947,,
473,0.23065164809963232,91.1976911976912,,
474,0.23156562595914454,90.33189033189034,,
475,0.24394891589535952,89.8989898989899,0.7150942180063817,80.51948051948052
476,0.2471199668863248,89.46608946608947,,
477,0.2388284169406258,89.17748917748918,,
478,0.21739641212539756,90.76479076479076,,
479,0.2421488795445595,88.74458874458874,,
480,0.2230342325108048,91.77489177489177,,
481,0.2440471966975351,89.17748917748918,,
482,0.23135156419886138,90.47619047619048,,
483,0.2243829548874975,90.76479076479076,,
484,0.22261739213659307,90.33189033189034,,
485,0.2277527893604482,91.48629148629149,,
486,0.24178398502681506,89.8989898989899,,
487,0.24292563398679098,90.62049062049061,,
488,0.24050990271705913,90.33189033189034,,
489,0.23290829180940062,89.6103896103896,,
490,0.22492415147254305,91.63059163059162,,
491,0.23352469714603039,90.04329004329004,,
492,0.22093273972364044,91.05339105339105,,
493,0.23107100995244056,91.34199134199135,,
494,0.22442045468100566,91.05339105339105,,
495,0.203337018538003,93.07359307359307,,
496,0.2165262967907161,90.62049062049061,,
497,0.2272516427962123,90.9090909090909,,
498,0.23313412556228527,90.04329004329004,,
499,0.2200373901863291,91.34199134199135,,
500,0.20218204596169928,92.06349206349206,0.7577860030260953,80.51948051948052
501,0.21725862929100254,90.33189033189034,,
502,0.23465568222868838,89.6103896103896,,
503,0.2291121089570278,90.62049062049061,,
504,0.2289775475795135,90.18759018759019,,
505,0.22326054545536014,90.47619047619048,,
506,0.2185009688052952,90.9090909090909,,
507,0.23772358561060988,89.8989898989899,,
508,0.23828132781717512,89.75468975468975,,
509,0.19903759368054277,91.1976911976912,,
510,0.2119573594204017,91.91919191919192,,
511,0.2196122386840859,91.63059163059162,,
512,0.22354129433072834,91.91919191919192,,
513,0.23165879195386713,91.48629148629149,,
514,0.22512431870635283,90.62049062049061,,
515,0.22683649231689146,89.8989898989899,,
516,0.2116884405994828,91.48629148629149,,
517,0.20756992064470164,91.05339105339105,,
518,0.2101830868923991,92.64069264069263,,
519,0.21398224783483435,90.9090909090909,,
520,0.22466613862980667,90.76479076479076,,
521,0.2509997275484589,88.31168831168831,,
522,0.22148676047808508,91.05339105339105,,
523,0.23663130622964573,91.05339105339105,,
524,0.21435928383430877,91.05339105339105,,
525,0.21060164653377617,92.35209235209236,0.7153867359285231,80.51948051948052
526,0.2344901454655123,89.8989898989899,,
527,0.21077107699402484,90.04329004329004,,
528,0.23017897260137452,90.04329004329004,,
529,0.20466289500481466,91.77489177489177,,
530,0.2212520818969216,90.47619047619048,,
531,0.2289430657334486,89.17748917748918,,
532,0.207458093396857,91.34199134199135,,
533,0.2269451173740032,90.18759018759019,,
534,0.1969714488748133,91.63059163059162,,
535,0.21064766650162045,92.06349206349206,,
536,0.2008356500267821,90.76479076479076,,
537,0.23953384794241078,89.8989898989899,,
538,0.21352022824456854,91.1976911976912,,
539,0.2000691762884802,92.92929292929293,,
540,0.2264181665355853,90.76479076479076,,
541,0.22833167472357013,89.32178932178932,,
542,0.22084177705804678,90.47619047619048,,
543,0.22737705593587343,90.9090909090909,,
544,0.20913202602625924,91.77489177489177,,
545,0.22752616942079382,90.33189033189034,,
546,0.197362187061819,92.64069264069263,,
547,0.20105549521088428,91.48629148629149,,
548,0.22550865238019055,89.75468975468975,,
549,0.20371305599034606,90.9090909090909,,
550,0.2060437806240924,90.76479076479076,0.752329341002873,79.22077922077922
551,0.2311994613163055,89.8989898989899,,
552,0.2205410497787195,90.47619047619048,,
553,0.2068699314910784,90.9090909090909,,
554,0.20765754403102965,91.48629148629149,,
555,0.2202826633855894,90.33189033189034,,
556,0.2279865485636187,90.76479076479076,,
557,0.2100275003634834,92.35209235209236,,
558,0.20931642569203743,92.35209235209236,,
559,0.2223204146387945,91.34199134199135,,
560,0.21345731621127023,91.63059163059162,,
561,0.21313571380545396,91.48629148629149,,
562,0.20718400272800122,91.63059163059162,,
563,0.1947116135776817,93.21789321789322,,
564,0.1930008784345046,92.64069264069263,,
565,0.22881827934565827,90.04329004329004,,
566,0.21053854706139447,91.05339105339105,,
567,0.23420704447517834,89.75468975468975,,
568,0.24251142389330513,90.47619047619048,,
569,0.19941223923434082,91.05339105339105,,
570,0.17553080078671332,93.21789321789322,,
571,0.20513775115792368,91.34199134199135,,
572,0.20826578484297142,91.63059163059162,,
573,0.19062645158167354,92.4963924963925,,
574,0.1968566354627561,91.34199134199135,,
575,0.20187209379250481,92.4963924963925,0.8325427012010054,80.51948051948052
576,0.1925851313066689,91.1976911976912,,
577,0.21456116666912517,91.1976911976912,,
578,0.18915758693717086,92.20779220779221,,
579,0.2225735227955024,91.34199134199135,,
580,0.2049405738163046,91.91919191919192,,
581,0.20010932586404453,91.77489177489177,,
582,0.20939207539327906,92.20779220779221,,
583,0.1988257472477262,92.35209235209236,,
584,0.19451709572241935,92.20779220779221,,
585,0.2014091404915544,91.91919191919192,,
586,0.19197074587296958,92.35209235209236,,
587,0.19368386771771814,93.21789321789322,,
588,0.19251835870880413,91.77489177489177,,
589,0.2023249381634408,90.9090909090909,,
590,0.2231342387405825,90.47619047619048,,
591,0.19428457274581445,91.48629148629149,,
592,0.1944048602300633,91.48629148629149,,
593,0.21146500534223445,90.9090909090909,,
594,0.20750796648675057,91.34199134199135,,
595,0.19073813620411817,92.78499278499278,,
596,0.1993764006515258,92.92929292929293,,
597,0.19307039226546432,92.78499278499278,,
598,0.20580615606400873,91.48629148629149,,
599,0.1934769857153404,92.20779220779221,,
600,0.18442132960988847,92.35209235209236,0.7623116675909464,80.51948051948052
601,0.20948063545627854,91.63059163059162,,
602,0.2112246507410535,91.63059163059162,,
603,0.18147909161224854,92.92929292929293,,
604,0.19881081007270499,92.20779220779221,,
605,0.21007189556719766,91.05339105339105,,
606,0.18837927812965746,93.36219336219337,,
607,0.1908215166729422,91.77489177489177,,
608,0.2018090837875658,91.63059163059162,,
609,0.19319847223992642,92.4963924963925,,
610,0.1951647596097784,92.06349206349206,,
611,0.18995548673995474,91.91919191919192,,
612,0.2043033939333361,91.34199134199135,,
613,0.20836000413261624,91.63059163059162,,
614,0.20713983465410757,91.91919191919192,,
615,0.17292305772309696,93.79509379509379,,
616,0.18106147262548644,92.35209235209236,,
617,0.18418161672087116,93.36219336219337,,
618,0.2023419098764615,91.1976911976912,,
619,0.2139035381624021,91.34199134199135,,
620,0.18880642122692531,92.92929292929293,,
621,0.2002583576895802,92.64069264069263,,
622,0.1866231838061137,92.64069264069263,,
623,0.20106895687797713,92.92929292929293,,
624,0.19780775843373624,91.34199134199135,,
625,0.20494646626870008,91.91919191919192,0.7872881262333362,80.51948051948052
626,0.2130553365414922,91.48629148629149,,
627,0.19366872088088619,91.34199134199135,,
628,0.208765516829009,90.62049062049061,,
629,0.18557264368771476,93.50649350649351,,
630,0.2038062098093363,91.1976911976912,,
631,0.1764726322708708,93.07359307359307,,
632,0.19445082496093724,91.1976911976912,,
633,0.1809154459924409,93.21789321789322,,
634,0.1895526263104889,92.92929292929293,,
635,0.1912052384530655,91.63059163059162,,
636,0.22238771363684282,90.62049062049061,,
637,0.1683025722664715,92.92929292929293,,
638,0.1867872608602477,92.4963924963925,,
639,0.18452954954571194,92.20779220779221,,
640,0.19397154428914168,91.34199134199135,,
641,0.19030488846880017,91.91919191919192,,
642,0.17723536029092504,93.07359307359307,,
643,0.18773932488363715,91.63059163059162,,
644,0.17468380156103494,93.50649350649351,,
645,0.18115472776377184,92.20779220779221,,
646,0.18270670300588807,93.79509379509379,,
647,0.18831413261818164,92.20779220779221,,
648,0.19304944196390728,91.77489177489177,,
649,0.19829120696488697,92.78499278499278,,
650,0.1773592001431948,93.50649350649351,0.7698864108556277,81.81818181818181
651,0.18680203659795924,92.4963924963925,,
652,0.2062518270189026,90.47619047619048,,
653,0.19048956369854844,93.21789321789322,,
654,0.20403067696662175,92.4963924963925,,
655,0.1761211571626333,93.07359307359307,,
656,0.21094529414589788,91.63059163059162,,
657,0.16598721607594952,93.50649350649351,,
658,0.212648565656523,91.05339105339105,,
659,0.1849631430288242,92.78499278499278,,
660,0.17831743301079214,92.78499278499278,,
661,0.17338635076864115,93.21789321789322,,
662,0.18645942770213447,92.06349206349206,,
663,0.1861617572217223,92.92929292929293,,
664,0.17852970706177995,92.64069264069263,,
665,0.1875642765781064,91.34199134199135,,
666,0.20332128940416233,92.92929292929293,,
667,0.1863028108670469,92.4963924963925,,
668,0.1974963869410332,91.63059163059162,,
669,0.18006690820574245,93.50649350649351,,
670,0.18856332566680503,91.91919191919192,,
671,0.1796456975983335,93.50649350649351,,
672,0.18431596193478736,92.64069264069263,,
673,0.17499605766235493,93.65079365079364,,
674,0.1882380083899456,92.78499278499278,,
675,0.18139229394484735,92.20779220779221,0.8304038063272253,81.81818181818181
676,0.19415063292734205,91.63059163059162,,
677,0.16774938566258116,94.08369408369408,,
678,0.2036141614506255,91.91919191919192,,
679,0.16636354413856502,93.65079365079364,,
680,0.16131555604040193,94.66089466089466,,
681,0.17396612199356654,92.06349206349206,,
682,0.19767760981040944,91.91919191919192,,
683,0.2000053988347666,92.35209235209236,,
684,0.18772199876810738,92.20779220779221,,
685,0.18396343662797288,92.4963924963925,,
686,0.17301991388395235,93.36219336219337,,
687,0.19586470011422816,91.63059163059162,,
688,0.18139305297946517,92.06349206349206,,
689,0.17852504781486325,91.63059163059162,,
690,0.21823015649941405,90.47619047619048,,
691,0.1892473647991816,92.06349206349206,,
692,0.18275217800085336,93.07359307359307,,
693,0.20418265685009063,91.48629148629149,,
694,0.18000840048425298,92.78499278499278,,
695,0.1780873586304088,93.36219336219337,,
696,0.1511882237907268,94.22799422799423,,
697,0.18647439311249087,92.4963924963925,,
698,0.17385650794915478,92.35209235209236,,
699,0.1648797739893843,93.79509379509379,,
700,0.14654196860620813,94.51659451659452,0.8301456408067183,80.51948051948052
701,0.2024858155318712,91.48629148629149,,
702,0.17232795382216895,93.07359307359307,,
703,0.1799928584656158,93.07359307359307,,
704,0.16470764741882102,93.21789321789322,,
705,0.16209416738664262,93.36219336219337,,
706,0.17524562906178218,93.07359307359307,,
707,0.16591164065473868,93.36219336219337,,
708,0.1700370850157084,93.36219336219337,,
709,0.17507164111471107,91.63059163059162,,
710,0.15868946770138898,94.37229437229438,,
711,0.17392592569665302,91.34199134199135,,
712,0.17118909709897392,93.07359307359307,,
713,0.16436824894914723,93.50649350649351,,
714,0.17482678481467703,92.92929292929293,,
715,0.1748625926060594,93.21789321789322,,
716,0.15882623490231035,93.65079365079364,,
717,0.17732546114044273,93.93939393939394,,
718,0.19531792945202983,91.91919191919192,,
719,0.18032738614779015,92.06349206349206,,
720,0.17244432476959978,93.36219336219337,,
721,0.16837051738198702,92.78499278499278,,
722,0.17702966552727667,92.92929292929293,,
723,0.18105425700964609,92.78499278499278,,
724,0.1859935022363759,91.34199134199135,,
725,0.18017913776343691,92.64069264069263,0.7853110037840806,81.81818181818181
726,0.17964092647444463,92.4963924963925,,
727,0.16605510512127677,92.78499278499278,,
728,0.15541742750662574,93.93939393939394,,
729,0.15713649644136085,93.93939393939394,,
730,0.1796270189712746,93.50649350649351,,
731,0.16325805047029712,93.36219336219337,,
732,0.18126666427604735,92.20779220779221,,
733,0.1981099426832378,91.48629148629149,,
734,0.1848171196802698,93.36219336219337,,
735,0.16450106475131338,92.4963924963925,,
736,0.16537451756981028,93.36219336219337,,
737,0.17568953707276658,92.92929292929293,,
738,0.1721068871829761,94.08369408369408,,
739,0.17060621695601064,93.21789321789322,,
740,0.18620905405767854,91.91919191919192,,
741,0.17323158885665443,92.06349206349206,,
742,0.16766599013132794,93.65079365079364,,
743,0.1968111474319626,92.78499278499278,,
744,0.14755791825649542,94.94949494949495,,
745,0.1662154821154875,92.4963924963925,,
746,0.15913152939291916,93.93939393939394,,
747,0.145812157815669,93.93939393939394,,
748,0.17412407797308369,92.78499278499278,,
749,0.17387059776039868,93.07359307359307,,
750,0.15533862712633129,93.65079365079364,0.847490715516078,79.22077922077922
751,0.15613137698439347,93.93939393939394,,
752,0.17351991771538924,92.35209235209236,,
753,0.16819965857663025,93.79509379509379,,
754,0.19026823277339275,92.64069264069263,,
755,0.1980201200317339,90.76479076479076,,
756,0.16403423428191424,92.64069264069263,,
757,0.16738830267049878,92.4963924963925,,
758,0.16363609809036034,93.21789321789322,,
759,0.16731693258060176,92.78499278499278,,
760,0.15953880526974776,94.37229437229438,,
761,0.1667790509878643,93.93939393939394,,
762,0.1607292504795702,93.65079365079364,,
763,0.16403770145206226,94.08369408369408,,
764,0.1782389259312576,93.93939393939394,,
765,0.18019383771594985,93.36219336219337,,
766,0.14791425147791318,94.37229437229438,,
767,0.1524832404875781,94.51659451659452,,
768,0.16503358438670163,93.50649350649351,,
769,0.18774276436407328,92.06349206349206,,
770,0.17377220838186888,92.35209235209236,,
771,0.15479631814433728,93.21789321789322,,
772,0.1920962409797685,91.48629148629149,,
773,0.16561266937942215,93.50649350649351,,
774,0.19569265765029115,91.77489177489177,,
775,0.1667977420325575,94.37229437229438,0.8968226336813593,80.51948051948052
776,0.15308877279870092,93.93939393939394,,
777,0.167058543875964,93.50649350649351,,
778,0.16812990842357514,93.21789321789322,,
779,0.1553460533742781,93.65079365079364,,
780,0.16290130055661367,93.21789321789322,,
781,0.15862410471735663,93.79509379509379,,
782,0.15329573513109446,94.66089466089466,,
783,0.17392568240778097,93.36219336219337,,
784,0.1814378017040902,91.48629148629149,,
785,0.17412242052531002,92.35209235209236,,
786,0.1576220475320004,93.07359307359307,,
787,0.15282012215811452,93.65079365079364,,
788,0.14775510190100466,95.23809523809524,,
789,0.1684826516088039,93.07359307359307,,
790,0.18168926598103705,92.4963924963925,,
791,0.1527782485297576,93.93939393939394,,
792,0.16465292419179264,93.21789321789322,,
793,0.16010906419368706,92.4963924963925,,
794,0.16235695956718355,94.08369408369408,,
795,0.14148169063558483,94.22799422799423,,
796,0.15583278567760023,93.93939393939394,,
797,0.15659005529802256,93.65079365079364,,
798,0.1595810464923344,93.50649350649351,,
799,0.1619835293288699,93.65079365079364,,
800,0.14649456312603076,95.23809523809524,0.9238059273013821,79.22077922077922
801,0.1494462312041939,93.07359307359307,,
802,0.16166031417607574,94.22799422799423,,
803,0.16277929452418594,93.07359307359307,,
804,0.16504643618802486,94.66089466089466,,
805,0.14662291350388768,93.93939393939394,,
806,0.1487295942174064,94.37229437229438,,
807,0.16158251083505704,93.36219336219337,,
808,0.16369760096675218,92.78499278499278,,
809,0.1731921328288136,93.07359307359307,,
810,0.1609175389076208,93.50649350649351,,
811,0.1717228838719675,93.65079365079364,,
812,0.15545927356353398,93.36219336219337,,
813,0.15124806129571164,93.50649350649351,,
814,0.14132850461277954,94.51659451659452,,
815,0.1605531240062194,94.08369408369408,,
816,0.15876104695585383,93.50649350649351,,
817,0.1622927619136257,92.92929292929293,,
818,0.15934400188146647,93.36219336219337,,
819,0.16711255426358695,92.64069264069263,,
820,0.15302411719490094,93.21789321789322,,
821,0.18217151277681107,93.07359307359307,,
822,0.16736091914201023,93.36219336219337,,
823,0.1779372984164463,92.4963924963925,,
824,0.1507528769053938,94.22799422799423,,
825,0.1529530860687919,93.79509379509379,0.9313903814786441,80.51948051948052
826,0.162248274905427,94.08369408369408,,
827,0.14341689216733666,94.22799422799423,,
828,0.1482365063430599,94.08369408369408,,
829,0.16224867583643565,92.78499278499278,,
830,0.1616834078338884,93.21789321789322,,
831,0.17272139410521906,93.93939393939394,,
832,0.1807014670593914,92.64069264069263,,
833,0.14783726312209344,93.36219336219337,,
834,0.17626545736283966,94.22799422799423,,
835,0.1699255227096497,92.64069264069263,,
836,0.15297628431695193,95.0937950937951,,
837,0.15866203248651342,93.21789321789322,,
838,0.18928780341131174,92.20779220779221,,
839,0.1554811242940966,94.22799422799423,,
840,0.14995169560028532,94.08369408369408,,
841,0.1627682437542369,93.36219336219337,,
842,0.14708831140833328,94.66089466089466,,
843,0.18055135671796566,91.48629148629149,,
844,0.1557200633172177,94.08369408369408,,
845,0.15133688034433307,94.66089466089466,,
846,0.13761805330133026,94.66089466089466,,
847,0.15643332178286487,93.65079365079364,,
848,0.16384256535450273,93.07359307359307,,
849,0.1427090722761113,93.79509379509379,,
850,0.15698923534427434,93.93939393939394,0.9812912832606923,79.22077922077922
851,0.1410836099827068,94.37229437229438,,
852,0.15748823685154942,93.79509379509379,,
853,0.15893123185458294,93.36219336219337,,
854,0.1560195359961811,93.65079365079364,,
855,0.13110998702943755,94.37229437229438,,
856,0.15778314159890103,93.21789321789322,,
857,0.1489815976454582,94.51659451659452,,
858,0.15927868345040092,93.36219336219337,,
859,0.1590057338492523,94.22799422799423,,
860,0.15561695938760584,94.22799422799423,,
861,0.16175472495531795,93.79509379509379,,
862,0.15775772858233678,94.08369408369408,,
863,0.16225871278180015,94.08369408369408,,
864,0.14600599822715934,94.51659451659452,,
865,0.1451537124436311,94.22799422799423,,
866,0.15912970758619763,93.07359307359307,,
867,0.1538982005013102,93.79509379509379,,
868,0.1518812661649173,93.93939393939394,,
869,0.16687973615045498,92.78499278499278,,
870,0.1894401999091001,92.64069264069263,,
871,0.1714782528632991,92.92929292929293,,
872,0.15036837555048785,93.36219336219337,,
873,0.1463785913879049,93.93939393939394,,
874,0.14979179734350712,93.65079365079364,,
875,0.150715034213159,93.65079365079364,0.9132687286897139,80.51948051948052
876,0.16615322413135314,93.65079365079364,,
877,0.13596872166121676,93.93939393939394,,
878,0.1265301707632098,95.0937950937951,,
879,0.16128078290136347,93.36219336219337,,
880,0.15068945786438634,94.08369408369408,,
881,0.1577413660107237,93.79509379509379,,
882,0.1406366102730729,94.37229437229438,,
883,0.13953500788894543,94.22799422799423,,
884,0.15386978434707868,93.93939393939394,,
885,0.12727494097568773,95.0937950937951,,
886,0.15117124166449836,94.51659451659452,,
887,0.16700009325409004,93.07359307359307,,
888,0.14721043382114146,94.22799422799423,,
889,0.12917520532594162,95.38239538239539,,
890,0.15154471731117106,93.79509379509379,,
891,0.1356897551840518,94.8051948051948,,
892,0.13146353296634525,95.23809523809524,,
893,0.1351463178745209,94.66089466089466,,
894,0.15544539879507574,93.50649350649351,,
895,0.18031508042268768,92.64069264069263,,
896,0.15469847204537274,93.21789321789322,,
897,0.16947625205458328,92.35209235209236,,
898,0.16625828462858477,93.21789321789322,,
899,0.1655751649521474,92.06349206349206,,
900,0.1494500690272876,94.08369408369408,0.9325185054308408,80.51948051948052
901,0.1562992658084433,92.4963924963925,,
902,0.16656562737572245,93.79509379509379,,
903,0.13844883715543052,94.94949494949495,,
904,0.13820747355964105,94.08369408369408,,
905,0.12867685751841654,94.94949494949495,,
906,0.13092771224129252,95.0937950937951,,
907,0.1503022268070459,94.08369408369408,,
908,0.1294012571836877,95.67099567099567,,
909,0.1574472248081177,93.21789321789322,,
910,0.1470241550486172,94.66089466089466,,
911,0.14908052378832692,94.51659451659452,,
912,0.15526620313675718,93.65079365079364,,
913,0.16053308920147272,94.51659451659452,,
914,0.14261161916033185,94.66089466089466,,
915,0.15208514939461434,94.37229437229438,,
916,0.1365987720857623,95.0937950937951,,
917,0.1496445516831259,93.93939393939394,,
918,0.13791158976917617,94.37229437229438,,
919,0.13570376054463104,94.51659451659452,,
920,0.13351854419639445,94.66089466089466,,
921,0.14708036192911872,93.79509379509379,,
922,0.14869787588091984,94.51659451659452,,
923,0.14292087632770317,93.93939393939394,,
924,0.14057459968208064,94.94949494949495,,
925,0.13908277672391606,94.66089466089466,0.9780344003206723,80.51948051948052
926,0.1482852605342177,93.50649350649351,,
927,0.1323449957502998,95.38239538239539,,
928,0.1563162450042982,94.51659451659452,,
929,0.14465656981925773,94.37229437229438,,
930,0.1399685504804614,95.0937950937951,,
931,0.129516095009029,94.8051948051948,,
932,0.1471136198291746,94.22799422799423,,
933,0.14273002177132846,94.94949494949495,,
934,0.12588175207720517,94.51659451659452,,
935,0.13088631070747134,94.94949494949495,,
936,0.1457468442360818,93.50649350649351,,
937,0.15915044189617575,93.50649350649351,,
938,0.13621728369511912,94.22799422799423,,
939,0.11887989355544164,95.0937950937951,,
940,0.1260527545615794,95.38239538239539,,
941,0.15360837191085278,93.50649350649351,,
942,0.14409925077986752,93.79509379509379,,
943,0.14131054553656178,94.51659451659452,,
944,0.15420764097124123,93.93939393939394,,
945,0.15151109252276884,93.93939393939394,,
946,0.13594657678323735,94.22799422799423,,
947,0.13824086052514775,94.66089466089466,,
948,0.1357194794166207,93.93939393939394,,
949,0.12494280259158533,95.67099567099567,,
950,0.1407444477188811,94.22799422799423,1.0409133341405299,79.22077922077922
951,0.13141873246663577,94.66089466089466,,
952,0.14036018822831337,94.37229437229438,,
953,0.15147514566026551,94.51659451659452,,
954,0.1481571151494636,93.50649350649351,,
955,0.14666458600419768,94.22799422799423,,
956,0.11397080377018426,95.23809523809524,,
957,0.18245752966421164,93.79509379509379,,
958,0.1383226720823182,92.35209235209236,,
959,0.14823743049458507,94.51659451659452,,
960,0.13456006685720723,94.66089466089466,,
961,0.13115216935695853,94.37229437229438,,
962,0.13413756453629697,94.94949494949495,,
963,0.13888250433263324,94.08369408369408,,
964,0.13105149268243907,94.66089466089466,,
965,0.12958553130234474,95.67099567099567,,
966,0.13595560190911588,95.23809523809524,,
967,0.13342952328326899,95.67099567099567,,
968,0.12620521567675888,94.94949494949495,,
969,0.1469026001070829,94.66089466089466,,
970,0.12632418250259211,95.38239538239539,,
971,0.15118546098535196,94.51659451659452,,
972,0.14075139155248542,94.08369408369408,,
973,0.12989708097466143,95.0937950937951,,
974,0.1387632115492745,94.22799422799423,,
975,0.15460603747619006,93.36219336219337,1.0049358126404997,79.22077922077922
976,0.13833874758617876,93.93939393939394,,
977,0.13044739556518983,94.8051948051948,,
978,0.13663604309376529,94.66089466089466,,
979,0.13309437445597389,93.65079365079364,,
980,0.12931543936977138,95.52669552669553,,
981,0.15157733892304298,94.08369408369408,,
982,0.13111600877574683,95.38239538239539,,
983,0.1268929670770447,94.08369408369408,,
984,0.1385311573141753,94.51659451659452,,
985,0.12118518814742887,95.81529581529581,,
986,0.11427101832922026,95.67099567099567,,
987,0.12988032026466353,94.37229437229438,,
988,0.12386134460374906,94.66089466089466,,
989,0.15996809546737617,93.36219336219337,,
990,0.12461827962537005,94.8051948051948,,
991,0.13559230340142098,93.21789321789322,,
992,0.13255600879052157,94.37229437229438,,
993,0.15271904681840157,93.79509379509379,,
994,0.15217015368818249,93.21789321789322,,
995,0.13020388200384542,94.8051948051948,,
996,0.12427607419111728,95.95959595959596,,
997,0.14096021281238136,93.93939393939394,,
998,0.13721713802171132,94.51659451659452,,
999,0.1457370116253092,93.93939393939394,,
1000,0.13667150953459362,95.23809523809524,1.024822727426306,79.22077922077922
