epoch,train_loss,train_acc,test_loss,test_acc
1,0.6924443965694433,53.246753246753244,0.6858944312318579,55.84415584415584
2,0.6859707184684225,55.699855699855696,,
3,0.6888108503766907,54.256854256854254,,
4,0.6907709042231241,55.41125541125541,,
5,0.6870146322387981,55.98845598845599,,
6,0.6880837324549798,54.4011544011544,,
7,0.6864891733442035,56.132756132756136,,
8,0.6865984972937282,56.132756132756136,,
9,0.6859164828861947,55.266955266955264,,
10,0.6839892696508597,56.42135642135642,,
11,0.6879125210801932,56.70995670995671,,
12,0.6879260729229639,55.98845598845599,,
13,0.6838415356253477,56.132756132756136,,
14,0.6823247352031746,57.142857142857146,,
15,0.6831843328338337,55.98845598845599,,
16,0.6821913652949863,55.55555555555556,,
17,0.6790014927693432,56.998556998557,,
18,0.6836020830389741,55.84415584415584,,
19,0.6801962035386937,56.56565656565657,,
20,0.6781229227996319,55.98845598845599,,
21,0.6784702554925696,56.277056277056275,,
22,0.6800604409297651,55.122655122655125,,
23,0.675730936282985,56.132756132756136,,
24,0.6803865922993911,55.41125541125541,,
25,0.6751613646186619,56.42135642135642,0.677193739197471,54.54545454545455
26,0.6723534560306764,56.56565656565657,,
27,0.6730320368494306,56.277056277056275,,
28,0.6716680535334357,57.142857142857146,,
29,0.667970638082485,59.01875901875902,,
30,0.6677543141625144,59.16305916305916,,
31,0.6646599609614451,57.86435786435786,,
32,0.666567744802775,58.44155844155844,,
33,0.6638787561680848,59.01875901875902,,
34,0.6628721993722957,57.57575757575758,,
35,0.6595906469040963,58.44155844155844,,
36,0.6594232389593193,60.17316017316017,,
37,0.6556443836953905,59.74025974025974,,
38,0.6480549718394424,60.60606060606061,,
39,0.6484995990948588,60.17316017316017,,
40,0.6480976317352031,61.61616161616162,,
41,0.6410905326599683,60.317460317460316,,
42,0.6390557818512552,62.62626262626262,,
43,0.6384288176657662,61.18326118326118,,
44,0.6376134852138261,62.914862914862915,,
45,0.6346519931742295,64.06926406926407,,
46,0.6345346741174035,62.914862914862915,,
47,0.6391649949774254,63.05916305916306,,
48,0.631136959679371,63.34776334776335,,
49,0.6277097684652431,65.07936507936508,,
50,0.6200688718717335,65.94516594516594,0.6356709173747471,54.54545454545455
51,0.6223076419396834,64.06926406926407,,
52,0.6206318536964158,65.65656565656566,,
53,0.6160178660142301,63.492063492063494,,
54,0.6081546230233593,67.24386724386724,,
55,0.6108044143362995,66.81096681096682,,
56,0.6055563715801267,67.82106782106783,,
57,0.5986286990054241,69.40836940836941,,
58,0.6052097766774386,67.67676767676768,,
59,0.5984033470029955,69.11976911976912,,
60,0.5930580317027985,69.55266955266956,,
61,0.5924437409011488,70.85137085137085,,
62,0.5929551841032625,69.40836940836941,,
63,0.5815873464292606,70.27417027417027,,
64,0.5789188799403963,71.86147186147186,,
65,0.5769637461864587,71.71717171717172,,
66,0.575718614102098,71.42857142857143,,
67,0.573600970649444,72.72727272727273,,
68,0.5768484471508263,71.57287157287158,,
69,0.5720551056951327,72.87157287157287,,
70,0.5706896945339605,72.43867243867244,,
71,0.5670285848484067,73.01587301587301,,
72,0.5632253298683773,75.03607503607503,,
73,0.5575905127872808,72.43867243867244,,
74,0.5647423530553842,73.01587301587301,,
75,0.5587279566094645,73.44877344877345,0.5613947452662827,70.12987012987013
76,0.5473271143040788,76.19047619047619,,
77,0.5593094834345588,74.02597402597402,,
78,0.5347474750244257,75.9018759018759,,
79,0.5363182489146058,76.04617604617604,,
80,0.5288496218718491,75.18037518037518,,
81,0.533708472358544,75.9018759018759,,
82,0.5440865285468824,76.76767676767676,,
83,0.5174305820017838,78.06637806637806,,
84,0.5271740071529262,75.18037518037518,,
85,0.5143554141855171,77.92207792207792,,
86,0.5118320761476932,76.33477633477634,,
87,0.5153809859811141,77.4891774891775,,
88,0.519319728597418,76.33477633477634,,
89,0.5015801974877306,76.47907647907648,,
90,0.4796498017049627,77.4891774891775,,
91,0.4961568773394883,78.78787878787878,,
92,0.4960011935337281,79.94227994227994,,
93,0.49041731223399504,79.50937950937951,,
94,0.4956291878722275,77.4891774891775,,
95,0.4886229338411989,79.79797979797979,,
96,0.47958789995910456,80.08658008658008,,
97,0.48342829375039964,79.50937950937951,,
98,0.47039727215127,80.37518037518038,,
99,0.47849690019654334,77.2005772005772,,
100,0.4582119160916382,81.52958152958153,0.4752134278223112,79.22077922077922
101,0.45247845459208,79.50937950937951,,
102,0.46726391390288546,79.65367965367966,,
103,0.4388895696203774,80.08658008658008,,
104,0.4613943033748203,79.94227994227994,,
105,0.44468057645863784,81.0966810966811,,
106,0.4297928231705147,80.66378066378067,,
107,0.45123219524455105,81.38528138528139,,
108,0.4386734865272544,81.0966810966811,,
109,0.4281376153015643,81.67388167388168,,
110,0.42515299429453124,81.67388167388168,,
111,0.4371935680917159,81.52958152958153,,
112,0.42985305590030953,81.52958152958153,,
113,0.4284833805557625,81.0966810966811,,
114,0.4277573660080567,81.38528138528139,,
115,0.4216824056954267,82.82828282828282,,
116,0.43178962414054817,83.11688311688312,,
117,0.4054605496824218,82.1067821067821,,
118,0.4018122899583924,82.82828282828282,,
119,0.3930447827943992,84.55988455988457,,
120,0.4063860255402404,83.98268398268398,,
121,0.4022808666267092,83.54978354978356,,
122,0.40426867301501923,81.81818181818181,,
123,0.4331063418333321,81.38528138528139,,
124,0.3882297891559023,84.41558441558442,,
125,0.39531209716549165,83.26118326118326,0.4402301052174011,79.22077922077922
126,0.39745263817678456,83.11688311688312,,
127,0.3763106886894156,85.56998556998558,,
128,0.39317084044691114,83.69408369408369,,
129,0.39098017930468437,84.55988455988457,,
130,0.39103007695031544,84.55988455988457,,
131,0.37751878709848136,85.28138528138528,,
132,0.3767478118555198,83.98268398268398,,
133,0.3736776840291154,85.42568542568543,,
134,0.3650462510867896,84.7041847041847,,
135,0.38104102578858107,84.27128427128427,,
136,0.3691748335075929,83.40548340548341,,
137,0.3586716585689121,85.42568542568543,,
138,0.37441956789419595,84.99278499278499,,
139,0.37364363274705015,84.7041847041847,,
140,0.33883362122600386,87.15728715728716,,
141,0.36540952632351525,83.98268398268398,,
142,0.3523433125466323,86.86868686868686,,
143,0.33720438098494626,87.44588744588745,,
144,0.35938127586163826,86.43578643578644,,
145,0.34806484203317983,86.58008658008659,,
146,0.36307702543587567,85.13708513708514,,
147,0.3522076859618678,84.84848484848484,,
148,0.35461612619878924,85.85858585858585,,
149,0.3332720323644503,87.15728715728716,,
150,0.3352956482428321,86.58008658008659,0.4084963968821934,81.81818181818181
151,0.35006644266078313,85.85858585858585,,
152,0.3230651921524114,88.45598845598846,,
153,0.34425654624619695,87.73448773448773,,
154,0.3252890003794027,87.44588744588745,,
155,0.3481115654949502,86.14718614718615,,
156,0.3594401582838997,86.43578643578644,,
157,0.3346195013664158,86.002886002886,,
158,0.3250425367429315,86.72438672438672,,
159,0.32314615710645184,87.87878787878788,,
160,0.34149391138536417,86.58008658008659,,
161,0.3195827115235735,86.86868686868686,,
162,0.31878556747629183,87.73448773448773,,
163,0.34948077673175804,85.28138528138528,,
164,0.33465453558755986,86.72438672438672,,
165,0.3459893169384154,86.43578643578644,,
166,0.3410788352183277,87.15728715728716,,
167,0.3129286301170421,88.45598845598846,,
168,0.3188140233615776,87.73448773448773,,
169,0.3166617143893827,88.16738816738817,,
170,0.3135531172693894,88.02308802308802,,
171,0.3181758140244697,87.5901875901876,,
172,0.3219086983030149,89.03318903318903,,
173,0.3303602979038701,84.55988455988457,,
174,0.31909359331426856,87.01298701298701,,
175,0.2960149241560293,89.17748917748918,0.39799546498756905,79.22077922077922
176,0.3309049812746254,87.01298701298701,,
177,0.291564087116013,90.18759018759019,,
178,0.3313380056645447,85.71428571428571,,
179,0.2903215547252183,90.04329004329004,,
180,0.3151890343917913,86.86868686868686,,
181,0.29675290404589144,89.46608946608947,,
182,0.3181706814022807,87.01298701298701,,
183,0.2930095920186022,88.02308802308802,,
184,0.29899039457069676,88.02308802308802,,
185,0.288661372782004,87.87878787878788,,
186,0.30135745721806007,88.88888888888889,,
187,0.304387667585933,88.16738816738817,,
188,0.2981112151047884,88.88888888888889,,
189,0.29001885660605514,89.32178932178932,,
190,0.3031967619452814,89.46608946608947,,
191,0.28441435735119025,89.8989898989899,,
192,0.2837146781653725,89.17748917748918,,
193,0.2951780466677307,89.32178932178932,,
194,0.2883188361127311,88.74458874458874,,
195,0.28651664096426654,89.17748917748918,,
196,0.28707320607585823,89.8989898989899,,
197,0.2961779660175717,88.88888888888889,,
198,0.2791897902886073,88.88888888888889,,
199,0.2850674737841536,89.17748917748918,,
200,0.2848114680719238,90.47619047619048,0.3926002185840111,83.11688311688312
201,0.26568252015939525,90.18759018759019,,
202,0.2611290646493865,90.47619047619048,,
203,0.269959941785917,90.04329004329004,,
204,0.2785849901504847,89.8989898989899,,
205,0.26783443408955054,88.16738816738817,,
206,0.24896006688239083,92.20779220779221,,
207,0.2916774545913135,89.32178932178932,,
208,0.26229908665666335,90.04329004329004,,
209,0.2619839232592356,89.75468975468975,,
210,0.2778592663366901,89.03318903318903,,
211,0.26263008106494534,89.6103896103896,,
212,0.26637572948894805,89.46608946608947,,
213,0.2592410564121574,91.77489177489177,,
214,0.30403000660358914,86.43578643578644,,
215,0.2607933482394418,89.32178932178932,,
216,0.250717852904339,89.8989898989899,,
217,0.26151513855522673,90.62049062049061,,
218,0.26832631174448074,90.04329004329004,,
219,0.27557556324706967,90.18759018759019,,
220,0.25470587448855325,90.76479076479076,,
221,0.2791325026561344,88.88888888888889,,
222,0.2516503282439657,90.18759018759019,,
223,0.26081850093723546,89.17748917748918,,
224,0.2609083859564422,91.48629148629149,,
225,0.2651349872909755,89.8989898989899,0.3842430774654661,83.11688311688312
226,0.2494201682303719,90.76479076479076,,
227,0.25175829810153527,90.47619047619048,,
228,0.27145363250680127,88.88888888888889,,
229,0.2587481626184472,90.18759018759019,,
230,0.24098128262063298,90.62049062049061,,
231,0.2389440614122677,91.1976911976912,,
232,0.24482682889158075,90.62049062049061,,
233,0.25519324069329324,90.33189033189034,,
234,0.24628801952407817,90.76479076479076,,
235,0.25320569059205433,91.48629148629149,,
236,0.24507319168180958,91.48629148629149,,
237,0.2646220086886941,89.6103896103896,,
238,0.2493556368918646,91.34199134199135,,
239,0.26481230180672927,89.6103896103896,,
240,0.24046567368386973,92.06349206349206,,
241,0.2585214621146864,88.31168831168831,,
242,0.2383174000450371,90.33189033189034,,
243,0.2484487458568975,91.1976911976912,,
244,0.2317922336800618,91.05339105339105,,
245,0.23200734706883136,91.1976911976912,,
246,0.24085580896247516,91.05339105339105,,
247,0.22339661967971539,92.06349206349206,,
248,0.24851893832501223,90.33189033189034,,
249,0.2131373401715126,93.93939393939394,,
250,0.21724084205656685,91.1976911976912,0.39330587952167956,84.41558441558442
251,0.21752282943775472,92.06349206349206,,
252,0.235516043861019,90.04329004329004,,
253,0.21574156332497646,91.48629148629149,,
254,0.2312618661752511,90.76479076479076,,
255,0.2186544665698537,93.21789321789322,,
256,0.2138834786406499,91.63059163059162,,
257,0.2383952545053171,90.18759018759019,,
258,0.23329833668117744,89.8989898989899,,
259,0.20982985022178116,93.50649350649351,,
260,0.2188152666559811,91.63059163059162,,
261,0.2011956050561964,92.20779220779221,,
262,0.21076411948489593,92.06349206349206,,
263,0.22823029803851294,91.91919191919192,,
264,0.23243809176385832,92.20779220779221,,
265,0.2229133185542163,91.63059163059162,,
266,0.22251568268043825,91.1976911976912,,
267,0.21510261112305337,92.64069264069263,,
268,0.2026221254440011,93.07359307359307,,
269,0.23865993499411822,90.76479076479076,,
270,0.23641426076448668,91.48629148629149,,
271,0.24650507509536385,90.04329004329004,,
272,0.21845672310237244,92.92929292929293,,
273,0.23486361879462975,91.48629148629149,,
274,0.215301608701719,91.63059163059162,,
275,0.21643112875080384,91.48629148629149,0.39033282809443287,83.11688311688312
276,0.20394121316862313,91.77489177489177,,
277,0.21116481512827961,92.35209235209236,,
278,0.21945221668370013,91.91919191919192,,
279,0.21808233508816013,91.48629148629149,,
280,0.21588163871269722,91.77489177489177,,
281,0.21110013338050457,92.06349206349206,,
282,0.21880746670443602,91.1976911976912,,
283,0.20505567348708667,92.35209235209236,,
284,0.2282526498233085,92.64069264069263,,
285,0.2219300509832294,90.76479076479076,,
286,0.2060466893393584,92.20779220779221,,
287,0.20492697484565503,92.78499278499278,,
288,0.2007880285059735,92.4963924963925,,
289,0.2091703498346293,93.07359307359307,,
290,0.2056450533423933,92.78499278499278,,
291,0.19450168676061547,92.78499278499278,,
292,0.21682700493291,91.48629148629149,,
293,0.19438196673537744,92.92929292929293,,
294,0.2064801479486848,92.78499278499278,,
295,0.20037345371033033,92.78499278499278,,
296,0.19874022245235085,92.92929292929293,,
297,0.2030568647092211,91.91919191919192,,
298,0.2091502578120039,91.77489177489177,,
299,0.18315057311352198,93.21789321789322,,
300,0.21978773544361066,90.76479076479076,0.3827194470863838,84.41558441558442
301,0.20898143153148468,91.63059163059162,,
302,0.20256003309551943,92.64069264069263,,
303,0.1882503970403864,93.65079365079364,,
304,0.1995012720167895,92.92929292929293,,
305,0.2155745690540662,91.77489177489177,,
306,0.20051899856604194,93.50649350649351,,
307,0.21352344725555156,92.64069264069263,,
308,0.18388183707368666,93.07359307359307,,
309,0.2042559874264193,91.91919191919192,,
310,0.17946182030103938,93.36219336219337,,
311,0.20367619474814913,92.78499278499278,,
312,0.19921281756389708,92.06349206349206,,
313,0.1974303638414731,92.4963924963925,,
314,0.19098214499792152,93.21789321789322,,
315,0.1929759056257651,93.21789321789322,,
316,0.1829401706634318,92.35209235209236,,
317,0.2065941836969849,92.06349206349206,,
318,0.2024719071336639,93.07359307359307,,
319,0.192351366448368,92.64069264069263,,
320,0.17660910399660232,94.22799422799423,,
321,0.186759153636331,92.92929292929293,,
322,0.18075437177225281,93.50649350649351,,
323,0.17887980053617927,92.78499278499278,,
324,0.19695049259827765,92.92929292929293,,
325,0.17791773763473157,95.23809523809524,0.364370932439705,85.71428571428571
326,0.18451852905113802,92.20779220779221,,
327,0.17157064526628107,94.51659451659452,,
328,0.18012474823479702,91.91919191919192,,
329,0.19012661219116242,92.20779220779221,,
330,0.17792746984812433,93.65079365079364,,
331,0.17835148105674664,92.64069264069263,,
332,0.19721003971230588,92.06349206349206,,
333,0.19059564711856636,92.4963924963925,,
334,0.18293267775536615,92.64069264069263,,
335,0.19677810158048356,93.79509379509379,,
336,0.189200137858783,92.92929292929293,,
337,0.1792825172086815,93.36219336219337,,
338,0.2001676034574729,92.78499278499278,,
339,0.191113845427745,93.79509379509379,,
340,0.2105920518631543,92.92929292929293,,
341,0.18283963518440294,92.64069264069263,,
342,0.17718864801040116,93.21789321789322,,
343,0.17561857658203203,92.92929292929293,,
344,0.20554572319098538,92.06349206349206,,
345,0.15618526579712722,94.51659451659452,,
346,0.19731500766322038,92.4963924963925,,
347,0.1823300617984879,92.20779220779221,,
348,0.16289411966848855,94.94949494949495,,
349,0.16850543961810516,93.65079365079364,,
350,0.15827312064054724,93.65079365079364,0.38517926072145436,85.71428571428571
351,0.17873971134123176,94.08369408369408,,
352,0.1717494514355541,93.21789321789322,,
353,0.17496267197624085,92.92929292929293,,
354,0.1766558080954641,93.36219336219337,,
355,0.18764890185295247,93.36219336219337,,
356,0.17783122416182515,92.64069264069263,,
357,0.18395957364707455,92.78499278499278,,
358,0.15285232491135425,95.23809523809524,,
359,0.17194473861701906,94.37229437229438,,
360,0.17360214388043677,93.79509379509379,,
361,0.19312230447068016,93.21789321789322,,
362,0.16432651537665385,94.51659451659452,,
363,0.1695424969836231,94.08369408369408,,
364,0.16363838130089456,93.65079365079364,,
365,0.15845975744259821,93.50649350649351,,
366,0.18686908509308126,92.64069264069263,,
367,0.16511702055882926,94.8051948051948,,
368,0.15079537706522197,94.8051948051948,,
369,0.15980277480329097,94.37229437229438,,
370,0.15440186570582623,94.51659451659452,,
371,0.17700011063834806,93.21789321789322,,
372,0.15150241576360934,94.94949494949495,,
373,0.17634754513980333,93.07359307359307,,
374,0.16818124805220966,93.79509379509379,,
375,0.16358539330924915,93.07359307359307,0.35783114874517763,88.31168831168831
376,0.15715850345672122,95.67099567099567,,
377,0.1465673458266568,94.22799422799423,,
378,0.1653142390802266,93.07359307359307,,
379,0.17170547734822375,93.65079365079364,,
380,0.1599940403242304,94.8051948051948,,
381,0.16010518986758646,93.65079365079364,,
382,0.17160342012304935,94.08369408369408,,
383,0.1717964480234603,93.93939393939394,,
384,0.16582078034055525,93.07359307359307,,
385,0.16672849007660434,93.79509379509379,,
386,0.14891414906598444,94.66089466089466,,
387,0.16554382104765286,93.65079365079364,,
388,0.15765322949656677,95.0937950937951,,
389,0.15405963306432163,94.66089466089466,,
390,0.15118751845834574,94.51659451659452,,
391,0.15352522031891913,94.08369408369408,,
392,0.15019724968535902,93.79509379509379,,
393,0.14213490081899954,94.66089466089466,,
394,0.15897483750909008,94.37229437229438,,
395,0.1449664028692039,95.23809523809524,,
396,0.18245257867277098,93.50649350649351,,
397,0.1556730361340882,94.08369408369408,,
398,0.15312632406600798,94.8051948051948,,
399,0.13118968168636422,95.52669552669553,,
400,0.15073101097801203,94.51659451659452,0.361317285082557,88.31168831168831
401,0.18628289306490625,93.65079365079364,,
402,0.14850472754558272,95.23809523809524,,
403,0.1514564458990381,95.23809523809524,,
404,0.1439728814689241,94.51659451659452,,
405,0.14960755690566732,94.37229437229438,,
406,0.14280766652948068,95.0937950937951,,
407,0.148970831846778,94.22799422799423,,
408,0.13802163481368304,95.52669552669553,,
409,0.14295763014123639,94.51659451659452,,
410,0.1446580198441577,94.22799422799423,,
411,0.1634268370197621,94.8051948051948,,
412,0.15340045712683967,95.0937950937951,,
413,0.13317671943923612,95.52669552669553,,
414,0.15400062090734726,94.66089466089466,,
415,0.14254992096960373,95.23809523809524,,
416,0.15393252049480036,94.37229437229438,,
417,0.15545815484756859,93.36219336219337,,
418,0.1451214581787113,94.08369408369408,,
419,0.15098399414128555,94.08369408369408,,
420,0.12396353941201131,95.23809523809524,,
421,0.14244420843637007,94.37229437229438,,
422,0.1659839100823946,92.92929292929293,,
423,0.13667265092483674,95.38239538239539,,
424,0.13961102762951652,94.94949494949495,,
425,0.15810252814237863,93.79509379509379,0.3614955459322248,85.71428571428571
426,0.13907876947268435,95.23809523809524,,
427,0.15476677789316548,94.66089466089466,,
428,0.16294905913168561,95.95959595959596,,
429,0.15858706562614544,93.65079365079364,,
430,0.1594591418450529,94.08369408369408,,
431,0.13155406129695638,95.38239538239539,,
432,0.14465322154123889,94.66089466089466,,
433,0.1482806011152818,94.8051948051948,,
434,0.12896085149927056,95.0937950937951,,
435,0.14950464326151866,93.93939393939394,,
436,0.13272932121290962,95.52669552669553,,
437,0.13086963611591773,96.1038961038961,,
438,0.14597887082447394,94.66089466089466,,
439,0.14260019226507706,94.94949494949495,,
440,0.14383239578052517,94.94949494949495,,
441,0.1505607267650863,94.66089466089466,,
442,0.15104900165037674,94.51659451659452,,
443,0.133725188317753,95.38239538239539,,
444,0.14979197646385062,94.08369408369408,,
445,0.18328813122636484,93.50649350649351,,
446,0.1379661982258161,94.94949494949495,,
447,0.14494370399271428,94.37229437229438,,
448,0.1322263556103858,95.81529581529581,,
449,0.12624266864073397,95.0937950937951,,
450,0.13466765655373986,95.38239538239539,0.38458568206081145,88.31168831168831
451,0.12386600214660082,95.0937950937951,,
452,0.15350609411408891,94.22799422799423,,
453,0.14851776225570304,95.67099567099567,,
454,0.10808413012375219,96.24819624819625,,
455,0.13014004554217856,94.8051948051948,,
456,0.15857813897452613,93.65079365079364,,
457,0.11427502245420501,96.3924963924964,,
458,0.14026511430573713,94.8051948051948,,
459,0.14864347946613726,94.8051948051948,,
460,0.1296387349254039,95.52669552669553,,
461,0.11402744643422433,95.38239538239539,,
462,0.1506016475254667,94.51659451659452,,
463,0.13731261696478334,94.37229437229438,,
464,0.13004829293227127,96.24819624819625,,
465,0.131778035339769,95.95959595959596,,
466,0.12569460565221602,95.81529581529581,,
467,0.12759744523235558,96.1038961038961,,
468,0.1322300120231307,94.66089466089466,,
469,0.13075792742153955,94.94949494949495,,
470,0.11724531431218763,96.68109668109668,,
471,0.14938455049491461,93.65079365079364,,
472,0.14917356472242016,94.8051948051948,,
473,0.14705871855154698,94.66089466089466,,
474,0.14523066122294503,94.51659451659452,,
475,0.13624544147654702,95.23809523809524,0.41604426000025363,85.71428571428571
476,0.12283618014956278,95.95959595959596,,
477,0.12377902927766803,94.8051948051948,,
478,0.11252107418546772,96.82539682539682,,
479,0.12357637820453592,95.52669552669553,,
480,0.1252612133697213,95.67099567099567,,
481,0.1211945859615894,94.94949494949495,,
482,0.11936086368401673,94.94949494949495,,
483,0.12037426853299807,95.95959595959596,,
484,0.15355033938158813,94.51659451659452,,
485,0.12672160824957004,95.0937950937951,,
486,0.1433766454909787,94.51659451659452,,
487,0.10994549275175662,96.1038961038961,,
488,0.1338554032289384,95.0937950937951,,
489,0.14225675178285888,94.37229437229438,,
490,0.11833315859797369,96.1038961038961,,
491,0.14541839215834593,95.0937950937951,,
492,0.15018912225499384,94.66089466089466,,
493,0.11853645895681685,96.24819624819625,,
494,0.1070948452574522,95.95959595959596,,
495,0.11559508545498913,95.81529581529581,,
496,0.13221304512127138,95.38239538239539,,
497,0.12220357438014527,95.95959595959596,,
498,0.13201716094994098,94.8051948051948,,
499,0.12127871729949594,95.0937950937951,,
500,0.11457772387936174,96.1038961038961,0.4492118010273227,85.71428571428571
501,0.13158991939319678,94.94949494949495,,
502,0.13321658956024038,95.38239538239539,,
503,0.12866346456357755,95.67099567099567,,
504,0.11247135507423985,96.3924963924964,,
505,0.11030321045204847,96.3924963924964,,
506,0.1275605648368984,95.67099567099567,,
507,0.1497812338205643,94.22799422799423,,
508,0.12154935044471664,95.52669552669553,,
509,0.11306957807391882,96.53679653679653,,
510,0.12743366838662656,95.0937950937951,,
511,0.12465721550484929,95.52669552669553,,
512,0.11882296473346919,96.53679653679653,,
513,0.12142187217183271,95.52669552669553,,
514,0.1076215048781549,97.11399711399712,,
515,0.11919299546430294,95.23809523809524,,
516,0.09165955273082418,97.25829725829726,,
517,0.1291103024481867,95.38239538239539,,
518,0.12355439812159985,95.38239538239539,,
519,0.10698647382245823,96.96969696969697,,
520,0.12974565897693302,94.94949494949495,,
521,0.10677878157616005,96.3924963924964,,
522,0.099626822743839,96.82539682539682,,
523,0.11792981961115787,96.3924963924964,,
524,0.11950557295120123,95.52669552669553,,
525,0.12374740727729612,95.95959595959596,0.4347286530129321,87.01298701298701
526,0.1254650941011086,95.0937950937951,,
527,0.11672303161192767,94.94949494949495,,
528,0.11238878208493429,95.81529581529581,,
529,0.11709255468729254,95.67099567099567,,
530,0.1102321543347784,96.24819624819625,,
531,0.12447172876925867,95.23809523809524,,
532,0.12298253593323981,95.52669552669553,,
533,0.12272449499627772,95.95959595959596,,
534,0.10980824347784336,95.95959595959596,,
535,0.10916222101090876,96.24819624819625,,
536,0.10484069757819348,96.24819624819625,,
537,0.13576261730915712,95.81529581529581,,
538,0.1178221001006222,96.3924963924964,,
539,0.10254819626405212,96.3924963924964,,
540,0.1290817182957266,95.23809523809524,,
541,0.11596527213985329,95.81529581529581,,
542,0.09998100365459661,96.3924963924964,,
543,0.10934564580907037,96.53679653679653,,
544,0.10557872624893123,96.68109668109668,,
545,0.12214843604127738,95.81529581529581,,
546,0.13540315735563743,95.52669552669553,,
547,0.12087838489073094,95.23809523809524,,
548,0.11356730224271701,95.95959595959596,,
549,0.1069081122052962,96.3924963924964,,
550,0.11839148979553413,95.52669552669553,0.46888624151031694,89.6103896103896
551,0.11800041670600574,95.23809523809524,,
552,0.11241346202027402,96.1038961038961,,
553,0.10718708186750374,96.24819624819625,,
554,0.09903078280056021,96.24819624819625,,
555,0.10164641541352262,96.82539682539682,,
556,0.11083001958294994,96.1038961038961,,
557,0.11960965807551,95.67099567099567,,
558,0.10475972165793052,96.24819624819625,,
559,0.0968278461871037,96.82539682539682,,
560,0.09273384188464473,96.24819624819625,,
561,0.1146429010799953,95.0937950937951,,
562,0.11309696555481673,95.52669552669553,,
563,0.10695071160406261,96.1038961038961,,
564,0.09712213385328758,97.25829725829726,,
565,0.11259596580894822,95.52669552669553,,
566,0.12061551127254877,94.66089466089466,,
567,0.12886839482562368,95.95959595959596,,
568,0.12374942649752546,95.38239538239539,,
569,0.10881755353740455,96.1038961038961,,
570,0.09202322333750099,97.11399711399712,,
571,0.11998270697149879,96.1038961038961,,
572,0.10347706082170832,96.3924963924964,,
573,0.10837346759408412,95.95959595959596,,
574,0.10670331278533647,96.3924963924964,,
575,0.10935917626770716,96.53679653679653,0.4901426434516907,83.11688311688312
576,0.1168280535042931,95.81529581529581,,
577,0.09596518133558644,97.25829725829726,,
578,0.11040457448832057,95.38239538239539,,
579,0.09727407925228708,97.11399711399712,,
580,0.10547312820924266,95.81529581529581,,
581,0.10939163730774092,96.53679653679653,,
582,0.1450316952194025,94.94949494949495,,
583,0.11699680261539691,94.37229437229438,,
584,0.11157910659919999,95.23809523809524,,
585,0.09427674361981699,95.95959595959596,,
586,0.09625572483303915,96.1038961038961,,
587,0.07526944043359371,97.40259740259741,,
588,0.10096562164600449,95.52669552669553,,
589,0.0909126697035579,97.40259740259741,,
590,0.11380628430826151,95.38239538239539,,
591,0.10505318835184171,95.67099567099567,,
592,0.10185353503620298,96.82539682539682,,
593,0.08674402803741664,97.40259740259741,,
594,0.11636018756277118,95.81529581529581,,
595,0.084577936931778,97.69119769119769,,
596,0.12077723595730001,96.1038961038961,,
597,0.09911537599920539,96.1038961038961,,
598,0.08872981767289738,96.53679653679653,,
599,0.10483623747035195,95.0937950937951,,
600,0.10622195410307007,95.81529581529581,0.498959329995242,88.31168831168831
601,0.10456476669656421,96.96969696969697,,
602,0.09697602693566684,96.3924963924964,,
603,0.08831906140597824,96.82539682539682,,
604,0.08249701665442916,97.40259740259741,,
605,0.11840198427696765,96.82539682539682,,
606,0.10796722786401601,95.81529581529581,,
607,0.09003947561265414,97.11399711399712,,
608,0.10390291159803217,96.68109668109668,,
609,0.09680028628520292,96.68109668109668,,
610,0.10189530846876499,95.81529581529581,,
611,0.11795290216567024,95.81529581529581,,
612,0.10556565712153654,96.53679653679653,,
613,0.0864123430581492,97.11399711399712,,
614,0.1003922007730685,96.68109668109668,,
615,0.09140421508194564,96.96969696969697,,
616,0.10910613341646708,95.67099567099567,,
617,0.09290421074108472,96.96969696969697,,
618,0.09881962412191504,95.95959595959596,,
619,0.11312872844964567,95.23809523809524,,
620,0.09716225447721812,96.53679653679653,,
621,0.10541149813138906,96.1038961038961,,
622,0.09590886309635416,95.67099567099567,,
623,0.09842554977617911,95.81529581529581,,
624,0.07930591220001208,98.26839826839827,,
625,0.0975705190987728,97.11399711399712,0.5255490030561175,84.41558441558442
626,0.07900338527487126,97.11399711399712,,
627,0.09414245470186419,95.95959595959596,,
628,0.08570268645904108,97.40259740259741,,
629,0.10982447965836628,96.53679653679653,,
630,0.10294944269133767,95.23809523809524,,
631,0.12242613906984205,96.1038961038961,,
632,0.09468951861644204,96.3924963924964,,
633,0.09392282496170178,96.82539682539682,,
634,0.10656247054284484,96.68109668109668,,
635,0.10963937239976758,96.82539682539682,,
636,0.08852538951332607,97.11399711399712,,
637,0.10997460794891802,95.95959595959596,,
638,0.10867476804130866,96.24819624819625,,
639,0.09980378315003231,96.24819624819625,,
640,0.09579658839706477,96.3924963924964,,
641,0.07859512936212337,97.54689754689754,,
642,0.1024244630609842,96.1038961038961,,
643,0.1033685150546859,95.23809523809524,,
644,0.09143838054173953,96.68109668109668,,
645,0.08182859380996932,97.54689754689754,,
646,0.09346732704713404,96.96969696969697,,
647,0.08832533767213037,96.24819624819625,,
648,0.10712350039470075,96.24819624819625,,
649,0.09843951704794969,96.1038961038961,,
650,0.07352288243660507,97.69119769119769,0.5476664614367794,84.41558441558442
651,0.07751615143221136,97.25829725829726,,
652,0.10519720947243606,96.53679653679653,,
653,0.10124236807592675,95.95959595959596,,
654,0.10617336575990115,97.25829725829726,,
655,0.09395257422826851,96.24819624819625,,
656,0.09226037278330601,96.82539682539682,,
657,0.08460377835672656,96.68109668109668,,
658,0.09276049559422557,96.68109668109668,,
659,0.09650252998133242,96.68109668109668,,
660,0.08000234834054246,96.96969696969697,,
661,0.09467001996859155,96.53679653679653,,
662,0.08876013916931928,96.68109668109668,,
663,0.10833193061800746,97.11399711399712,,
664,0.09970582219601365,96.53679653679653,,
665,0.08368753268239645,97.40259740259741,,
666,0.08547963738484472,97.97979797979798,,
667,0.10032244543524789,95.95959595959596,,
668,0.08924195158576208,96.68109668109668,,
669,0.08858884507077941,96.82539682539682,,
670,0.0911989128714344,96.68109668109668,,
671,0.07868104380478849,97.54689754689754,,
672,0.11098042576645016,95.38239538239539,,
673,0.1037486025749089,95.81529581529581,,
674,0.08804432461831133,97.40259740259741,,
675,0.0768680591969435,96.96969696969697,0.5876299765976992,83.11688311688312
676,0.09261051091810012,96.24819624819625,,
677,0.083203207911093,97.54689754689754,,
678,0.07655182036989157,97.25829725829726,,
679,0.10297339203435535,96.24819624819625,,
680,0.07672243737877706,97.69119769119769,,
681,0.08926905305118099,96.82539682539682,,
682,0.08329054308970543,97.11399711399712,,
683,0.10238809513215723,96.53679653679653,,
684,0.0949190328217516,96.53679653679653,,
685,0.08231823507583502,96.68109668109668,,
686,0.0817683476519275,96.96969696969697,,
687,0.09418181389097184,96.3924963924964,,
688,0.08972460871984346,96.24819624819625,,
689,0.09235029984776248,97.11399711399712,,
690,0.09791053427332236,95.23809523809524,,
691,0.08464030703747427,96.96969696969697,,
692,0.10763824253220751,96.3924963924964,,
693,0.10158933899103305,96.96969696969697,,
694,0.09169511915242345,96.82539682539682,,
695,0.10085956382551425,95.81529581529581,,
696,0.09033806814474805,96.24819624819625,,
697,0.09347458747128215,95.95959595959596,,
698,0.07701915498247738,97.11399711399712,,
699,0.09017309570123279,96.96969696969697,,
700,0.08668848755534249,97.25829725829726,0.6357259990332963,83.11688311688312
701,0.07573008205618005,96.96969696969697,,
702,0.0960952223400877,96.68109668109668,,
703,0.10266561820447273,95.95959595959596,,
704,0.07307491049474216,97.25829725829726,,
705,0.07745778630252438,97.54689754689754,,
706,0.07895747349633798,97.11399711399712,,
707,0.08169218192540895,97.83549783549783,,
708,0.10269998339734553,96.1038961038961,,
709,0.09542952860943425,97.11399711399712,,
710,0.084614148565056,96.82539682539682,,
711,0.09440451298274562,96.24819624819625,,
712,0.09906371669980871,96.96969696969697,,
713,0.09140560062922011,96.68109668109668,,
714,0.08296520666126565,96.53679653679653,,
715,0.08137135109817138,97.40259740259741,,
716,0.08823916340222607,96.3924963924964,,
717,0.0785772025499165,97.54689754689754,,
718,0.09002258939316435,97.25829725829726,,
719,0.08159817070908533,97.11399711399712,,
720,0.10341912087639,96.3924963924964,,
721,0.07162994514172426,97.11399711399712,,
722,0.08924419171624369,96.3924963924964,,
723,0.10641572846994772,96.1038961038961,,
724,0.08105545829105343,97.25829725829726,,
725,0.08168061832328896,96.96969696969697,0.5811186115463058,83.11688311688312
726,0.10852322064630397,96.3924963924964,,
727,0.08911222391755119,96.1038961038961,,
728,0.057886212483629004,98.84559884559884,,
729,0.0839342021129348,97.54689754689754,,
730,0.07515096911437498,97.11399711399712,,
731,0.07319461772269414,97.54689754689754,,
732,0.07197149796713773,97.40259740259741,,
733,0.07460971348643475,97.69119769119769,,
734,0.09123908970263098,96.82539682539682,,
735,0.07282818904385767,97.40259740259741,,
736,0.05490076781652362,98.7012987012987,,
737,0.08689511295281684,96.68109668109668,,
738,0.09144773779364375,96.82539682539682,,
739,0.0665779190103041,97.69119769119769,,
740,0.08362800662350689,96.53679653679653,,
741,0.08329229590094622,97.83549783549783,,
742,0.07497393508195813,97.69119769119769,,
743,0.08340601522517814,97.40259740259741,,
744,0.07259019808897488,97.40259740259741,,
745,0.07837552266547518,97.69119769119769,,
746,0.07245639560026523,97.54689754689754,,
747,0.08457143423710048,96.68109668109668,,
748,0.06979466872598873,98.12409812409813,,
749,0.05641286077399833,98.55699855699855,,
750,0.07115682902575227,97.83549783549783,0.6454093015039122,83.11688311688312
751,0.07016705081382871,97.97979797979798,,
752,0.08282858016127975,96.3924963924964,,
753,0.0686913359679099,97.54689754689754,,
754,0.0758390042146004,97.69119769119769,,
755,0.09146354257157355,96.96969696969697,,
756,0.07718896717478187,96.96969696969697,,
757,0.05972292354870668,98.55699855699855,,
758,0.06933943452622639,97.40259740259741,,
759,0.08021615942588015,97.11399711399712,,
760,0.07360005762540933,97.54689754689754,,
761,0.07129750840908822,97.25829725829726,,
762,0.08440286265135155,96.82539682539682,,
763,0.0732779951811826,97.83549783549783,,
764,0.05582624375497624,98.55699855699855,,
765,0.06211279870197715,98.26839826839827,,
766,0.06984392821272731,97.54689754689754,,
767,0.08732306216487293,96.68109668109668,,
768,0.0812719754154376,97.69119769119769,,
769,0.05602346810083541,97.69119769119769,,
770,0.08621030544907844,95.81529581529581,,
771,0.07055792951093608,97.69119769119769,,
772,0.07200323053989102,97.25829725829726,,
773,0.07188333941067195,97.54689754689754,,
774,0.07406232400137452,96.82539682539682,,
775,0.07538403076096875,97.69119769119769,0.6765838133824336,84.41558441558442
776,0.058584875681855504,97.69119769119769,,
777,0.08308454480393108,96.24819624819625,,
778,0.06346973944536019,98.26839826839827,,
779,0.06446281703213205,97.69119769119769,,
780,0.07296225538243463,97.54689754689754,,
781,0.07340086500925075,97.83549783549783,,
782,0.0644188259565641,97.54689754689754,,
783,0.0640256998880429,97.83549783549783,,
784,0.06113898397045691,97.69119769119769,,
785,0.06308965167248404,97.83549783549783,,
786,0.06367131077898142,97.97979797979798,,
787,0.06077183390635604,97.69119769119769,,
788,0.06847861505410544,97.69119769119769,,
789,0.07066085521792953,97.83549783549783,,
790,0.07205141013492206,96.96969696969697,,
791,0.08297630589761776,97.25829725829726,,
792,0.07272935705528222,97.40259740259741,,
793,0.06863984482263417,97.97979797979798,,
794,0.07056578097231336,98.41269841269842,,
795,0.07477934856349427,97.54689754689754,,
796,0.07524880272313458,97.25829725829726,,
797,0.07233996378609972,98.12409812409813,,
798,0.06766902632852762,97.69119769119769,,
799,0.06966912165864722,97.25829725829726,,
800,0.06874007351083673,97.69119769119769,0.6847911709314817,84.41558441558442
801,0.05686844742358333,97.97979797979798,,
802,0.06914103169848909,97.54689754689754,,
803,0.05589098534996999,98.12409812409813,,
804,0.052882203469415766,98.41269841269842,,
805,0.07308628005587091,96.82539682539682,,
806,0.08874110833433971,96.53679653679653,,
807,0.05349219594322801,98.26839826839827,,
808,0.062395541709652884,96.96969696969697,,
809,0.07248103007953749,97.54689754689754,,
810,0.07463957129038258,97.54689754689754,,
811,0.06914593280974404,97.69119769119769,,
812,0.0506064509851979,98.55699855699855,,
813,0.05603069913792619,97.97979797979798,,
814,0.06231672451313999,97.97979797979798,,
815,0.06872459140627726,97.25829725829726,,
816,0.07070037001182163,97.11399711399712,,
817,0.08314756800731023,96.68109668109668,,
818,0.058014860435847256,98.26839826839827,,
819,0.08018971592978094,96.82539682539682,,
820,0.05265504435715393,98.41269841269842,,
821,0.06202989387155267,98.12409812409813,,
822,0.09199903169203372,96.82539682539682,,
823,0.06336131497067204,98.12409812409813,,
824,0.06533391404665824,97.54689754689754,,
825,0.05364604248607485,98.12409812409813,0.7384911930406248,85.71428571428571
826,0.053249854476205886,98.26839826839827,,
827,0.0829969168268413,96.96969696969697,,
828,0.0574362501878329,97.69119769119769,,
829,0.10642560345656944,96.68109668109668,,
830,0.06309687776267958,97.97979797979798,,
831,0.06052070984839963,97.97979797979798,,
832,0.07829534458628121,97.11399711399712,,
833,0.06769143965452759,97.83549783549783,,
834,0.0696846821478435,98.26839826839827,,
835,0.08006405377757841,97.69119769119769,,
836,0.07113244203907071,97.40259740259741,,
837,0.06293177043731508,98.12409812409813,,
838,0.08191168527918483,97.25829725829726,,
839,0.06766969982056219,96.96969696969697,,
840,0.062433659011016975,98.41269841269842,,
841,0.05994937304154705,97.83549783549783,,
842,0.07129933896325368,96.82539682539682,,
843,0.05731063310297483,98.26839826839827,,
844,0.06178638100366056,97.69119769119769,,
845,0.07189021685764108,98.26839826839827,,
846,0.06277143403694227,98.12409812409813,,
847,0.08842137237690915,97.97979797979798,,
848,0.05245298745505737,98.26839826839827,,
849,0.08589015895444335,96.96969696969697,,
850,0.07199504366211733,97.54689754689754,0.7614199929423147,83.11688311688312
851,0.06037362031692378,97.83549783549783,,
852,0.05966312358421939,98.41269841269842,,
853,0.06155439429415167,98.12409812409813,,
854,0.0964394828861023,96.24819624819625,,
855,0.08675515272185572,97.25829725829726,,
856,0.06610469643193234,97.83549783549783,,
857,0.0573031400124748,97.69119769119769,,
858,0.06700839263536197,97.54689754689754,,
859,0.06925404080879186,97.83549783549783,,
860,0.08456405862886324,97.40259740259741,,
861,0.06447270789693015,97.40259740259741,,
862,0.06210180149449931,98.12409812409813,,
863,0.058373738934983425,97.97979797979798,,
864,0.06672575545442139,97.40259740259741,,
865,0.06386720527818193,98.12409812409813,,
866,0.07897228032886756,96.82539682539682,,
867,0.08025883677083606,96.96969696969697,,
868,0.08567417708587058,96.82539682539682,,
869,0.07927446494155804,96.82539682539682,,
870,0.06272247325008114,97.54689754689754,,
871,0.06531966878652229,97.69119769119769,,
872,0.0830343317611393,96.96969696969697,,
873,0.054700023395884215,98.7012987012987,,
874,0.06326634265901722,98.12409812409813,,
875,0.06655847352175485,97.25829725829726,0.7526779019987428,83.11688311688312
876,0.0625265430159125,98.41269841269842,,
877,0.06569229402414067,97.83549783549783,,
878,0.06076181502031729,98.12409812409813,,
879,0.06502492963786614,97.11399711399712,,
880,0.05933166380224462,98.41269841269842,,
881,0.06127344610365739,97.97979797979798,,
882,0.05458975128001637,98.12409812409813,,
883,0.06173782505922847,97.97979797979798,,
884,0.06839522466730073,97.40259740259741,,
885,0.059966829792202636,98.12409812409813,,
886,0.07058578073806406,97.54689754689754,,
887,0.0515381537087552,98.7012987012987,,
888,0.0658705642213037,97.97979797979798,,
889,0.05062329197641124,98.41269841269842,,
890,0.05799066002008977,97.54689754689754,,
891,0.07372553003642811,96.96969696969697,,
892,0.05008669439461324,98.26839826839827,,
893,0.061457409831180546,97.83549783549783,,
894,0.07135112498702768,97.54689754689754,,
895,0.05420876437634187,98.41269841269842,,
896,0.0666999440548826,97.25829725829726,,
897,0.0589836509777354,97.54689754689754,,
898,0.056714705305784124,97.97979797979798,,
899,0.06299124575995478,97.54689754689754,,
900,0.06349200409169149,98.41269841269842,0.7585264901062111,83.11688311688312
901,0.06576209529309734,97.69119769119769,,
902,0.08054673493252516,96.24819624819625,,
903,0.050819892145731606,98.41269841269842,,
904,0.07613569698571987,97.69119769119769,,
905,0.05883426569714002,97.54689754689754,,
906,0.05978700654476365,98.26839826839827,,
907,0.08937800900599399,96.82539682539682,,
908,0.04625089491165175,97.97979797979798,,
909,0.05825625644918816,98.26839826839827,,
910,0.05768849366327041,98.12409812409813,,
911,0.07164855416283591,98.12409812409813,,
912,0.05867036734136496,97.97979797979798,,
913,0.05554885326644129,97.54689754689754,,
914,0.05482102252145178,98.26839826839827,,
915,0.08797505979586129,97.11399711399712,,
916,0.0572523452408972,98.41269841269842,,
917,0.06646665282988273,97.54689754689754,,
918,0.06482088261164327,97.54689754689754,,
919,0.06809296332095437,97.54689754689754,,
920,0.0716876911112305,96.82539682539682,,
921,0.049831216372710804,98.12409812409813,,
922,0.061522525217798024,98.7012987012987,,
923,0.05096916451211615,98.26839826839827,,
924,0.056329704321179036,98.55699855699855,,
925,0.0530297521066356,98.12409812409813,0.8108801446951829,81.81818181818181
926,0.07031858469457682,96.96969696969697,,
927,0.06475579520905173,98.26839826839827,,
928,0.07512814957449619,97.25829725829726,,
929,0.06352982590509872,98.55699855699855,,
930,0.06457997977862627,97.97979797979798,,
931,0.07360050205039169,97.69119769119769,,
932,0.07819590347049311,96.96969696969697,,
933,0.05723826639343478,98.41269841269842,,
934,0.058975053217374916,97.97979797979798,,
935,0.06651420633256178,97.25829725829726,,
936,0.0634197047004452,97.97979797979798,,
937,0.05816385483242904,97.83549783549783,,
938,0.04052062784986837,98.41269841269842,,
939,0.08240097294031397,97.25829725829726,,
940,0.06763630933403797,97.25829725829726,,
941,0.054884155846669905,98.26839826839827,,
942,0.05273951716118991,98.55699855699855,,
943,0.06801891635329306,97.25829725829726,,
944,0.06386426710463189,97.69119769119769,,
945,0.05074014544788033,97.83549783549783,,
946,0.051977090069870925,98.26839826839827,,
947,0.060331145846412595,97.69119769119769,,
948,0.044696021948713936,98.98989898989899,,
949,0.08223185430766013,97.54689754689754,,
950,0.051306393572692406,98.12409812409813,0.7980281795774188,81.81818181818181
951,0.05971055694494241,98.12409812409813,,
952,0.062245422963141686,98.12409812409813,,
953,0.05216169502978545,98.26839826839827,,
954,0.059608729690592874,97.83549783549783,,
955,0.056377746401325105,98.12409812409813,,
956,0.06255978384844066,96.96969696969697,,
957,0.05533841757767687,98.7012987012987,,
958,0.05550831004918095,97.54689754689754,,
959,0.05030464796513362,97.97979797979798,,
960,0.07340065648303533,96.82539682539682,,
961,0.04390369698641792,98.84559884559884,,
962,0.05344663061534859,98.12409812409813,,
963,0.08161159610029035,97.97979797979798,,
964,0.04127502310241628,99.13419913419914,,
965,0.04097871823185278,98.55699855699855,,
966,0.04596605638517833,98.26839826839827,,
967,0.06914705602575798,97.69119769119769,,
968,0.05992771245601008,98.55699855699855,,
969,0.0519186518172509,98.84559884559884,,
970,0.05275010871721101,98.12409812409813,,
971,0.06105054888073328,98.55699855699855,,
972,0.05346662637711776,98.41269841269842,,
973,0.058895466968478985,97.83549783549783,,
974,0.053637709645997914,97.97979797979798,,
975,0.04856754124465615,98.41269841269842,0.8020858865279656,81.81818181818181
976,0.06960429252269121,97.40259740259741,,
977,0.0524445062968208,97.97979797979798,,
978,0.044417122477050035,98.98989898989899,,
979,0.05944195137027258,98.12409812409813,,
980,0.038660817756754326,98.84559884559884,,
981,0.05869858970121087,98.12409812409813,,
982,0.05176569514170096,98.26839826839827,,
983,0.056798623571062155,97.54689754689754,,
984,0.057386178480297284,97.69119769119769,,
985,0.06360221338629035,97.54689754689754,,
986,0.0496594924305016,97.83549783549783,,
987,0.09189987228662555,97.54689754689754,,
988,0.06844570101904017,97.69119769119769,,
989,0.06447333275927782,98.41269841269842,,
990,0.05995232809716661,97.83549783549783,,
991,0.06489258518235551,98.12409812409813,,
992,0.060101856712741084,97.83549783549783,,
993,0.0726678241311803,97.83549783549783,,
994,0.0823076514884679,97.83549783549783,,
995,0.053808563054253016,98.12409812409813,,
996,0.04239857644595281,98.84559884559884,,
997,0.052066256220937635,97.97979797979798,,
998,0.06733599763691511,98.26839826839827,,
999,0.06709697060053496,98.12409812409813,,
1000,0.058291784865300546,97.69119769119769,0.8600132209914071,83.11688311688312
