epoch,train_loss,train_acc,test_loss,test_acc
1,2.264547961577297,15.45338441890166,2.2568506284524465,22.519083969465647
2,2.0584359208590532,32.05619412515964,,
3,1.8898938101065723,39.20817369093231,,
4,1.7500687129652819,45.21072796934866,,
5,1.58899077769288,54.533844189016605,,
6,1.4803455434692012,56.06641123882503,,
7,1.377203173259818,58.876117496807154,,
8,1.2885633364491078,66.28352490421456,,
9,1.1889582354751431,68.96551724137932,,
10,1.1062012787522941,71.13665389527459,,
11,1.0542525652115677,69.60408684546616,,
12,0.9924492919734307,72.03065134099617,,
13,0.9141752799047517,75.73435504469987,,
14,0.8666248823947833,76.24521072796935,,
15,0.8867213509091929,76.37292464878672,,
16,0.8458896966729584,75.86206896551724,,
17,0.8103301305880491,77.13920817369093,,
18,0.7398826677832719,78.79948914431674,,
19,0.7189498743182703,79.82120051085569,,
20,0.7118974761944621,79.82120051085569,,
21,0.6706207785113104,81.09833971902937,,
22,0.6266006378226201,82.6309067688378,,
23,0.6351932990216052,80.84291187739464,,
24,0.5789450755673502,85.05747126436782,,
25,0.5826249577837733,83.39719029374201,0.5930829520216425,85.49618320610686
26,0.5608913903796657,83.52490421455938,,
27,0.5166856901551268,85.44061302681992,,
28,0.5205010357639951,85.05747126436782,,
29,0.5363149725157639,84.2911877394636,,
30,0.5167315429502368,84.67432950191571,,
31,0.4972442154074385,86.97318007662835,,
32,0.4455137599169218,88.25031928480205,,
33,0.47647245253030673,86.97318007662835,,
34,0.45084085660875983,88.88888888888889,,
35,0.4305713429837696,89.01660280970626,,
36,0.4174592015006381,87.9948914431673,,
37,0.4264995444323368,88.88888888888889,,
38,0.3897461747301036,89.52745849297574,,
39,0.4023545451395661,89.14431673052363,,
40,0.41202940141941546,88.50574712643679,,
41,0.36677805670224234,91.82630906768838,,
42,0.3897748953385676,90.16602809706258,,
43,0.36343994435983906,90.54916985951469,,
44,0.3616692540669959,89.91060025542784,,
45,0.34786062972146736,90.54916985951469,,
46,0.34860632653285106,90.29374201787995,,
47,0.35454950357001097,89.78288633461047,,
48,0.3041760086404257,93.10344827586206,,
49,0.2917160352794299,92.9757343550447,,
50,0.32287510323646273,92.84802043422734,0.44295137321562256,88.54961832061069
