epoch,train_loss,train_acc,test_loss,test_acc
1,0.6895745263299212,55.98845598845599,0.6863401238020365,55.84415584415584
2,0.6864983688013206,55.98845598845599,,
3,0.6869323071291265,55.98845598845599,,
4,0.684058380161357,55.98845598845599,,
5,0.6803737326617881,55.98845598845599,,
6,0.682945916576991,55.98845598845599,,
7,0.6779067474182205,55.98845598845599,,
8,0.6731364101730556,55.98845598845599,,
9,0.6725666506637914,55.98845598845599,,
10,0.6670276067645691,55.98845598845599,,
11,0.6621400432669239,55.98845598845599,,
12,0.6559649655141183,55.98845598845599,,
13,0.6516169991672125,56.56565656565657,,
14,0.6506935207530705,56.277056277056275,,
15,0.6428416391127726,58.44155844155844,,
16,0.6419200396640993,60.17316017316017,,
17,0.6328265834680368,65.65656565656566,,
18,0.6278931167390611,62.77056277056277,,
19,0.6179423593683504,66.81096681096682,,
20,0.6115016120164769,65.65656565656566,,
21,0.6090846558841964,67.82106782106783,,
22,0.5955772426565317,67.96536796536796,,
23,0.5984416681450683,68.68686868686869,,
24,0.5960580932801592,71.57287157287158,,
25,0.5848422969918574,70.85137085137085,0.5945130455029475,70.12987012987013
26,0.559143837095167,70.70707070707071,,
27,0.5671900258349822,72.43867243867244,,
28,0.5519274819808949,73.01587301587301,,
29,0.5539698534541659,72.58297258297259,,
30,0.5544392250661038,71.28427128427128,,
31,0.5385728739470802,74.02597402597402,,
32,0.5286828497959594,73.5930735930736,,
33,0.5306960426023685,73.88167388167388,,
34,0.5395993901709629,72.87157287157287,,
35,0.5127381477693115,74.31457431457432,,
36,0.526256272029051,72.72727272727273,,
37,0.4983411315199617,76.62337662337663,,
38,0.5099315448928877,75.61327561327562,,
39,0.508275091390073,76.19047619047619,,
40,0.514948021969926,74.45887445887446,,
41,0.4959831294344273,76.47907647907648,,
42,0.5153004466025172,74.02597402597402,,
43,0.4993236421850681,76.19047619047619,,
44,0.4925401463653102,76.62337662337663,,
45,0.48434814015164174,76.47907647907648,,
46,0.4742358395719597,77.05627705627705,,
47,0.47988096890167414,78.21067821067821,,
48,0.4767206950707181,78.35497835497836,,
49,0.48145624737202863,76.76767676767676,,
50,0.469276504556166,78.35497835497836,0.5301283768245152,71.42857142857143
51,0.480356375892441,76.91197691197691,,
52,0.47702867515159375,76.33477633477634,,
53,0.4537755548523962,79.07647907647907,,
54,0.4724936194578119,76.91197691197691,,
55,0.4571938645013999,79.79797979797979,,
56,0.46946051953330875,78.21067821067821,,
57,0.4649780791301232,77.2005772005772,,
58,0.45473118573642224,77.77777777777777,,
59,0.4519319474095046,77.63347763347764,,
60,0.4708564110304542,76.47907647907648,,
61,0.4668293787975504,79.07647907647907,,
62,0.44831921936457636,78.64357864357865,,
63,0.4523701635102001,78.64357864357865,,
64,0.47042317634709124,78.06637806637806,,
65,0.4559680522778334,77.77777777777777,,
66,0.44254972855594077,80.23088023088023,,
67,0.4558504277149492,77.77777777777777,,
68,0.44112910740991346,78.78787878787878,,
69,0.47283667373278787,78.35497835497836,,
70,0.4547388222482469,79.79797979797979,,
71,0.43435538993425354,77.92207792207792,,
72,0.43583798236489124,77.92207792207792,,
73,0.4370904800523755,79.79797979797979,,
74,0.4334860969587494,79.94227994227994,,
75,0.42776902559687735,79.94227994227994,0.4903550720834113,76.62337662337663
76,0.43631837189111533,79.65367965367966,,
77,0.44219663081231053,76.91197691197691,,
78,0.40462418298356634,81.24098124098124,,
79,0.44823118820678964,78.21067821067821,,
80,0.4448324787668336,79.22077922077922,,
81,0.42798256487041325,80.95238095238095,,
82,0.44504209514304155,80.23088023088023,,
83,0.43015225558483927,81.81818181818181,,
84,0.4329470045122749,80.8080808080808,,
85,0.40549375699540063,82.68398268398268,,
86,0.4219830970657508,80.37518037518038,,
87,0.42172917366715906,80.23088023088023,,
88,0.4465014815846563,79.50937950937951,,
89,0.4189834978329327,81.38528138528139,,
90,0.42824104948649333,79.07647907647907,,
91,0.40916786062252986,80.08658008658008,,
92,0.41016351363875647,82.1067821067821,,
93,0.42469415657792087,80.8080808080808,,
94,0.40405215780972403,81.81818181818181,,
95,0.4116191723818043,81.81818181818181,,
96,0.38757984058509487,82.25108225108225,,
97,0.40054640040597184,82.25108225108225,,
98,0.4155258053825015,80.37518037518038,,
99,0.41195800924111925,80.23088023088023,,
100,0.40093959564770454,82.3953823953824,0.46671477618155544,79.22077922077922
101,0.38203470398165273,84.12698412698413,,
102,0.41007749196598886,81.24098124098124,,
103,0.39877058073211713,81.24098124098124,,
104,0.41460786663092575,80.95238095238095,,
105,0.4056934407263091,81.81818181818181,,
106,0.39133409757978815,82.97258297258297,,
107,0.40470698187705584,80.95238095238095,,
108,0.4143654353174812,80.66378066378067,,
109,0.4011333748203679,82.82828282828282,,
110,0.38618866086522224,82.3953823953824,,
111,0.38720097890577965,81.96248196248196,,
112,0.38019561786930284,83.11688311688312,,
113,0.426480043502081,80.37518037518038,,
114,0.4053468218269458,81.24098124098124,,
115,0.3818311643978906,82.53968253968254,,
116,0.39922869575316083,81.52958152958153,,
117,0.385549208818576,82.53968253968254,,
118,0.4003316757482884,83.11688311688312,,
119,0.3986764824579632,82.25108225108225,,
120,0.3893842064112984,83.98268398268398,,
121,0.384968143563938,81.81818181818181,,
122,0.3974999249368519,82.25108225108225,,
123,0.3789206034521348,83.40548340548341,,
124,0.3991392979030141,82.53968253968254,,
125,0.3607171378911488,84.41558441558442,0.48217893730510364,80.51948051948052
126,0.3725974386474615,82.68398268398268,,
127,0.3994137133870806,82.3953823953824,,
128,0.37425095311663026,83.83838383838383,,
129,0.3785032966264227,81.67388167388168,,
130,0.356745062989934,84.41558441558442,,
131,0.39422508317326743,82.82828282828282,,
132,0.3965503995724743,81.96248196248196,,
133,0.3837053269620926,81.81818181818181,,
134,0.36699270509710213,83.11688311688312,,
135,0.38168915265480335,82.82828282828282,,
136,0.3917488721972076,83.40548340548341,,
137,0.36188335297427654,84.99278499278499,,
138,0.38837533569955207,82.53968253968254,,
139,0.3650682485550857,83.26118326118326,,
140,0.3744017972058548,82.97258297258297,,
141,0.384600296982095,81.24098124098124,,
142,0.3543326725476404,85.13708513708514,,
143,0.37245833478104673,83.54978354978356,,
144,0.3606199949635744,83.69408369408369,,
145,0.3673350728435434,84.41558441558442,,
146,0.34614438764632693,84.7041847041847,,
147,0.38542782331441905,82.97258297258297,,
148,0.342112637013412,85.42568542568543,,
149,0.3747671028924367,82.1067821067821,,
150,0.36739225098581024,83.11688311688312,0.44087032993118486,83.11688311688312
151,0.3842457877351092,83.11688311688312,,
152,0.36604492359863217,84.7041847041847,,
153,0.3572845267182993,84.55988455988457,,
154,0.3442282355128429,86.58008658008659,,
155,0.3731814358829592,82.3953823953824,,
156,0.3546081716020042,85.56998556998558,,
157,0.37062488008199146,83.11688311688312,,
158,0.36192186183227604,83.83838383838383,,
159,0.3589655922518836,83.54978354978356,,
160,0.37204020983212954,83.11688311688312,,
161,0.36589647674715364,83.69408369408369,,
162,0.34811411146477705,84.7041847041847,,
163,0.352680857692446,85.71428571428571,,
164,0.3474344489894388,83.98268398268398,,
165,0.36921505842890057,83.11688311688312,,
166,0.36456669301525685,83.40548340548341,,
167,0.33983610744600173,85.71428571428571,,
168,0.35623414586546787,84.27128427128427,,
169,0.35529427094893024,84.41558441558442,,
170,0.34683418162113316,84.7041847041847,,
171,0.34873636516313705,84.84848484848484,,
172,0.3326885330492112,85.56998556998558,,
173,0.3722012062781473,84.55988455988457,,
174,0.33468720953357856,84.55988455988457,,
175,0.3448078857699858,84.84848484848484,0.4563865800956627,79.22077922077922
176,0.3331936589008114,85.42568542568543,,
177,0.3509743150006469,85.71428571428571,,
178,0.3512538474101525,84.55988455988457,,
179,0.3485004969618537,83.26118326118326,,
180,0.35657622786655396,83.83838383838383,,
181,0.34862361940814646,85.42568542568543,,
182,0.34017388507573293,84.7041847041847,,
183,0.34982360819889524,84.7041847041847,,
184,0.3659595949266208,82.82828282828282,,
185,0.34613923388728157,84.7041847041847,,
186,0.3397341023103843,84.12698412698413,,
187,0.3443938402558474,84.84848484848484,,
188,0.3490167554322775,84.41558441558442,,
189,0.35107137428389656,83.40548340548341,,
190,0.34681452062480894,84.55988455988457,,
191,0.3519794648515886,85.71428571428571,,
192,0.32000927526025374,87.01298701298701,,
193,0.3401577073817301,84.55988455988457,,
194,0.3225819922628857,85.42568542568543,,
195,0.3347445865300139,86.58008658008659,,
196,0.34736846858288817,85.13708513708514,,
197,0.31903740518536916,86.58008658008659,,
198,0.35437118217972624,84.99278499278499,,
199,0.31231562993227147,88.31168831168831,,
200,0.33547351921103563,84.84848484848484,0.4517759661395828,83.11688311688312
201,0.33325570090680584,85.85858585858585,,
202,0.3365678187744614,85.28138528138528,,
203,0.32971732901116296,85.56998556998558,,
204,0.34700205870521017,85.13708513708514,,
205,0.325203541080329,87.01298701298701,,
206,0.3185902056519431,86.58008658008659,,
207,0.31780852973031104,85.28138528138528,,
208,0.3383962160667128,86.14718614718615,,
209,0.34194198652865393,84.84848484848484,,
210,0.3027847375597101,87.44588744588745,,
211,0.3085052067626262,88.31168831168831,,
212,0.33415224042977776,85.13708513708514,,
213,0.33512619554910483,86.14718614718615,,
214,0.35484439078691543,84.12698412698413,,
215,0.3238653110563325,85.56998556998558,,
216,0.31612252303188154,87.44588744588745,,
217,0.34998172977442005,83.98268398268398,,
218,0.30413557023541066,87.5901875901876,,
219,0.33242070808211105,86.2914862914863,,
220,0.31084888351041,86.86868686868686,,
221,0.3182116488873701,86.14718614718615,,
222,0.31796936744563337,87.15728715728716,,
223,0.3201767371330426,87.3015873015873,,
224,0.30786322128205074,86.58008658008659,,
225,0.3303378205880802,84.7041847041847,0.4669392136010257,80.51948051948052
226,0.3267412747311558,85.42568542568543,,
227,0.3193800379273523,87.01298701298701,,
228,0.31179499415436174,87.87878787878788,,
229,0.31099267908160994,87.3015873015873,,
230,0.31832376178380906,86.2914862914863,,
231,0.3245972280550485,86.86868686868686,,
232,0.3102134479932799,87.44588744588745,,
233,0.3219412748001699,85.71428571428571,,
234,0.3166974216140538,87.15728715728716,,
235,0.32064328926466246,87.3015873015873,,
236,0.3031459113564154,85.56998556998558,,
237,0.30028471552792396,86.2914862914863,,
238,0.3132669877524328,86.14718614718615,,
239,0.31298740223200633,87.73448773448773,,
240,0.30891518094838955,88.45598845598846,,
241,0.3366687143003786,84.27128427128427,,
242,0.32104617761499094,86.2914862914863,,
243,0.3021403384028059,86.86868686868686,,
244,0.3297957094415786,84.7041847041847,,
245,0.31655765650592327,86.14718614718615,,
246,0.32015248918086076,86.72438672438672,,
247,0.2967430681721301,87.15728715728716,,
248,0.30515199568536544,88.60028860028861,,
249,0.3038032839308569,86.2914862914863,,
250,0.31294651933734724,86.72438672438672,0.5218050286367342,81.81818181818181
251,0.30984009852872096,85.71428571428571,,
252,0.29668798393329326,87.15728715728716,,
253,0.3034848802189462,87.73448773448773,,
254,0.2949442843252102,86.43578643578644,,
255,0.3062604097232846,87.44588744588745,,
256,0.29192065902344594,88.16738816738817,,
257,0.31312990257406303,85.13708513708514,,
258,0.3093206493068395,86.72438672438672,,
259,0.3108308186262717,86.86868686868686,,
260,0.29959448668863864,86.86868686868686,,
261,0.30193751491337456,87.15728715728716,,
262,0.29743157097099493,86.43578643578644,,
263,0.31963795281591867,86.58008658008659,,
264,0.2937545609508586,88.88888888888889,,
265,0.2940054115278896,87.44588744588745,,
266,0.3164066497295622,85.28138528138528,,
267,0.29663735886156817,88.45598845598846,,
268,0.30173088448904295,86.002886002886,,
269,0.2806382594471542,88.02308802308802,,
270,0.30249925325443217,87.01298701298701,,
271,0.29670295557934484,87.01298701298701,,
272,0.28952454072981,87.3015873015873,,
273,0.30604240225163026,86.86868686868686,,
274,0.2899801021530515,87.73448773448773,,
275,0.33019876969282075,86.43578643578644,0.5082915866529787,81.81818181818181
276,0.27085700927874745,88.88888888888889,,
277,0.29612340843694723,87.73448773448773,,
278,0.27961252266903974,88.60028860028861,,
279,0.28395491219186164,89.75468975468975,,
280,0.3215218431505806,87.5901875901876,,
281,0.2700758074957227,88.02308802308802,,
282,0.29026071256373354,87.73448773448773,,
283,0.28481042761393266,88.16738816738817,,
284,0.28242906214182856,88.45598845598846,,
285,0.3112026124031513,86.002886002886,,
286,0.31272197010541203,87.44588744588745,,
287,0.2720791409262503,87.5901875901876,,
288,0.3177864287924801,87.73448773448773,,
289,0.30404447513655325,86.86868686868686,,
290,0.3030228399783158,86.58008658008659,,
291,0.29239548495493584,88.16738816738817,,
292,0.2963967423074345,86.002886002886,,
293,0.3072816898769459,86.43578643578644,,
294,0.30094397704494635,86.43578643578644,,
295,0.281652571232976,89.17748917748918,,
296,0.2849224313642039,87.15728715728716,,
297,0.2679529892654302,89.17748917748918,,
298,0.29754864711524087,86.2914862914863,,
299,0.2737638982171448,89.03318903318903,,
300,0.2825957909118906,88.31168831168831,0.5262967998331244,80.51948051948052
301,0.28947043057644006,88.16738816738817,,
302,0.28399179026505994,87.73448773448773,,
303,0.2776507049755961,88.88888888888889,,
304,0.2840097448741547,88.74458874458874,,
305,0.281134452396657,88.45598845598846,,
306,0.27864904127595747,88.45598845598846,,
307,0.2712586294176947,89.17748917748918,,
308,0.278232236058165,87.73448773448773,,
309,0.27888236475455297,88.31168831168831,,
310,0.28792482420995635,87.87878787878788,,
311,0.286205356083219,87.15728715728716,,
312,0.27783221875090275,88.60028860028861,,
313,0.2817626601087755,88.88888888888889,,
314,0.2881544535122221,87.44588744588745,,
315,0.28994247199050965,86.43578643578644,,
316,0.2683354068284083,88.60028860028861,,
317,0.2667655920741534,87.87878787878788,,
318,0.2581829492212374,88.31168831168831,,
319,0.29866015543142527,87.15728715728716,,
320,0.29595975945522257,86.72438672438672,,
321,0.27498395063660364,88.02308802308802,,
322,0.28580056556633543,86.58008658008659,,
323,0.2811564913215747,88.02308802308802,,
324,0.2736783063342905,87.73448773448773,,
325,0.27337099717120933,89.03318903318903,0.5040475373918359,84.41558441558442
326,0.27983448952221424,88.31168831168831,,
327,0.2740801494530957,87.87878787878788,,
328,0.27271135992129986,88.02308802308802,,
329,0.2629524293486002,88.31168831168831,,
330,0.26518521469736855,88.60028860028861,,
331,0.2763146452315442,87.5901875901876,,
332,0.25793465774124663,89.6103896103896,,
333,0.26337059734531637,88.88888888888889,,
334,0.28688724827112744,87.87878787878788,,
335,0.2737064782159153,88.02308802308802,,
336,0.27224519515805173,87.87878787878788,,
337,0.2810347353741204,88.45598845598846,,
338,0.28356683315523773,87.01298701298701,,
339,0.2740430034170247,87.01298701298701,,
340,0.2796781744920846,88.88888888888889,,
341,0.2696694027912006,87.73448773448773,,
342,0.2794792487421765,87.5901875901876,,
343,0.27637356291773685,89.32178932178932,,
344,0.2754690684109367,87.5901875901876,,
345,0.273339993327125,88.74458874458874,,
346,0.2699104000694652,89.17748917748918,,
347,0.2722508821308527,88.88888888888889,,
348,0.2628307236307455,89.46608946608947,,
349,0.26352222287465654,89.32178932178932,,
350,0.26429844770747174,90.04329004329004,0.5165734488468665,80.51948051948052
351,0.25167402375656117,91.48629148629149,,
352,0.2759854598736866,87.15728715728716,,
353,0.25684509248960585,89.32178932178932,,
354,0.25995741954441537,89.46608946608947,,
355,0.2622474587668932,88.16738816738817,,
356,0.25648724288823455,88.60028860028861,,
357,0.27480408536407336,88.16738816738817,,
358,0.2468677886464723,88.74458874458874,,
359,0.2630206598089887,88.45598845598846,,
360,0.2585148514392228,89.6103896103896,,
361,0.25674206173265135,88.74458874458874,,
362,0.2642815727176088,89.03318903318903,,
363,0.25432021036464586,88.31168831168831,,
364,0.2653159786440421,88.88888888888889,,
365,0.2789036274429352,89.75468975468975,,
366,0.2514872949833822,89.46608946608947,,
367,0.26044618971592076,91.05339105339105,,
368,0.2676494765333283,87.73448773448773,,
369,0.24844624383797034,89.17748917748918,,
370,0.2353643148091019,90.04329004329004,,
371,0.25276559961134565,89.03318903318903,,
372,0.2479161350069968,89.46608946608947,,
373,0.26298601856565407,88.31168831168831,,
374,0.27441164631864207,87.15728715728716,,
375,0.23902849975602453,89.75468975468975,0.49097020440287403,80.51948051948052
376,0.2518553575568041,89.17748917748918,,
377,0.24214772652151953,90.47619047619048,,
378,0.2539864298585173,89.6103896103896,,
379,0.26646533978277814,89.46608946608947,,
380,0.26092035239522077,88.45598845598846,,
381,0.254133376982305,89.8989898989899,,
382,0.26290600036215817,88.88888888888889,,
383,0.2550834897276643,90.76479076479076,,
384,0.2555726711970215,90.76479076479076,,
385,0.25800965896244515,88.60028860028861,,
386,0.24337695945392956,90.62049062049061,,
387,0.2546681843450747,88.60028860028861,,
388,0.2515488444984733,90.18759018759019,,
389,0.2632294807470206,90.04329004329004,,
390,0.25291241994624875,89.6103896103896,,
391,0.227890013917356,89.6103896103896,,
392,0.23836619253196414,89.32178932178932,,
393,0.25694115537327605,89.17748917748918,,
394,0.22867167030406033,90.18759018759019,,
395,0.2365174422532449,89.32178932178932,,
396,0.2536613684023958,89.46608946608947,,
397,0.25472427011181265,90.18759018759019,,
398,0.24500132411245315,90.18759018759019,,
399,0.225453281210679,92.06349206349206,,
400,0.23114328497071976,90.62049062049061,0.5406295421061578,80.51948051948052
401,0.2401926623923438,89.03318903318903,,
402,0.24535884608179975,89.03318903318903,,
403,0.26052743037369686,89.8989898989899,,
404,0.2490544169926196,89.32178932178932,,
405,0.25135467447673776,88.74458874458874,,
406,0.24356940961718387,89.6103896103896,,
407,0.24851797357696132,89.32178932178932,,
408,0.25452391762410065,88.31168831168831,,
409,0.2340183670042569,90.62049062049061,,
410,0.24436607363420132,90.18759018759019,,
411,0.22373754921413602,90.04329004329004,,
412,0.2386871154862221,89.75468975468975,,
413,0.2522785769826578,89.6103896103896,,
414,0.24553336695503192,89.6103896103896,,
415,0.24876057422178305,89.46608946608947,,
416,0.2512546968666506,88.88888888888889,,
417,0.25045749360176733,89.8989898989899,,
418,0.23413175627223684,89.03318903318903,,
419,0.2505902372311376,90.76479076479076,,
420,0.2668883855337704,87.87878787878788,,
421,0.23382253514825868,91.1976911976912,,
422,0.23934779898901867,89.17748917748918,,
423,0.24853021791272006,89.8989898989899,,
424,0.23835742086559147,90.33189033189034,,
425,0.24245184462135833,89.6103896103896,0.5586555104751092,80.51948051948052
426,0.23711230005923803,88.74458874458874,,
427,0.2460452743078895,88.45598845598846,,
428,0.2603000807475089,88.31168831168831,,
429,0.2260068322156931,91.1976911976912,,
430,0.2473297215471364,89.8989898989899,,
431,0.23942721474910367,89.8989898989899,,
432,0.24685908580927277,89.75468975468975,,
433,0.23834340594719672,91.05339105339105,,
434,0.2512043152235631,88.45598845598846,,
435,0.22637664120305667,91.1976911976912,,
436,0.23707099746466542,90.76479076479076,,
437,0.24155640915240476,88.60028860028861,,
438,0.2486485747719912,89.8989898989899,,
439,0.23783357439275082,90.62049062049061,,
440,0.23669236339359917,88.88888888888889,,
441,0.22806239343136764,91.1976911976912,,
442,0.214206420858142,91.1976911976912,,
443,0.2391795049600228,88.45598845598846,,
444,0.2448837227721579,90.33189033189034,,
445,0.22909215613017006,90.47619047619048,,
446,0.22700515064756246,89.75468975468975,,
447,0.23060957951979202,90.9090909090909,,
448,0.2490147202561944,88.88888888888889,,
449,0.25594080027735766,90.18759018759019,,
450,0.2752869441288202,88.31168831168831,0.5877571268515154,80.51948051948052
451,0.24384063336068246,89.32178932178932,,
452,0.23757082662541112,89.46608946608947,,
453,0.2332246858212683,89.8989898989899,,
454,0.23612090484017417,89.8989898989899,,
455,0.22640566366575496,89.75468975468975,,
456,0.24511818017966475,90.62049062049061,,
457,0.24290359759915614,89.75468975468975,,
458,0.2190950961856099,90.62049062049061,,
459,0.2382392824572359,90.62049062049061,,
460,0.2137967956186545,91.34199134199135,,
461,0.2283218845746562,90.62049062049061,,
462,0.23831159581697692,89.03318903318903,,
463,0.23923359314600626,90.04329004329004,,
464,0.24771806688019724,90.04329004329004,,
465,0.2365238197137095,89.6103896103896,,
466,0.20852140194237834,90.62049062049061,,
467,0.23135881704341454,90.04329004329004,,
468,0.2230039370416907,89.75468975468975,,
469,0.23227086594438484,89.32178932178932,,
470,0.22044415393519023,90.04329004329004,,
471,0.2562220312525958,88.60028860028861,,
472,0.21694332346169634,91.63059163059162,,
473,0.22643266435481424,90.04329004329004,,
474,0.23309233810478475,89.46608946608947,,
475,0.21520069222171584,90.33189033189034,0.5686263488484667,83.11688311688312
476,0.21596422677249533,90.33189033189034,,
477,0.21889080487804496,90.76479076479076,,
478,0.2238569263944034,90.9090909090909,,
479,0.22572416775627396,90.47619047619048,,
480,0.21652181167021115,90.9090909090909,,
481,0.21047023569823686,91.91919191919192,,
482,0.22197058743126635,92.06349206349206,,
483,0.22937090864773266,89.8989898989899,,
484,0.22336936470062013,90.76479076479076,,
485,0.21364602711573136,91.05339105339105,,
486,0.22657195443198794,90.9090909090909,,
487,0.22895838198229176,89.46608946608947,,
488,0.20076402905699495,92.4963924963925,,
489,0.21521190707645718,91.34199134199135,,
490,0.23293623414218512,89.32178932178932,,
491,0.2076566910201853,91.1976911976912,,
492,0.19550991922745972,92.06349206349206,,
493,0.22748527410312477,91.05339105339105,,
494,0.23022758762901824,91.34199134199135,,
495,0.20376429172477337,91.34199134199135,,
496,0.2229375553036493,91.34199134199135,,
497,0.22987623733682033,89.46608946608947,,
498,0.2127803039198142,90.18759018759019,,
499,0.22959490070955405,90.47619047619048,,
500,0.21179119793195572,91.48629148629149,0.5712014831505813,81.81818181818181
501,0.19842558129439278,91.48629148629149,,
502,0.238123008258329,90.04329004329004,,
503,0.2284147624748868,90.76479076479076,,
504,0.22132551380867221,91.05339105339105,,
505,0.20304631552568933,91.48629148629149,,
506,0.21188595777036134,91.1976911976912,,
507,0.23571494899012826,89.8989898989899,,
508,0.1902299177810055,92.06349206349206,,
509,0.21514346432290207,91.48629148629149,,
510,0.20180575052897134,90.33189033189034,,
511,0.21632813869788706,91.34199134199135,,
512,0.2119094023284802,91.34199134199135,,
513,0.23967592080606182,89.32178932178932,,
514,0.21513815394039623,91.34199134199135,,
515,0.2143631438586275,91.63059163059162,,
516,0.2189666937827032,90.47619047619048,,
517,0.22144073951037932,90.18759018759019,,
518,0.21914782587164666,91.77489177489177,,
519,0.19813366877224195,92.92929292929293,,
520,0.20362580308225678,91.34199134199135,,
521,0.21010873353842532,90.9090909090909,,
522,0.2192013758983232,91.63059163059162,,
523,0.18626690035602575,92.35209235209236,,
524,0.21508336632712752,91.05339105339105,,
525,0.23281284756044632,89.6103896103896,0.540975699177036,84.41558441558442
526,0.21621825913717221,91.63059163059162,,
527,0.2074802199225405,90.76479076479076,,
528,0.20010034486242875,91.63059163059162,,
529,0.21372360113637273,90.76479076479076,,
530,0.2066977040205167,91.77489177489177,,
531,0.2029133900505468,91.05339105339105,,
532,0.20998297491974988,90.76479076479076,,
533,0.19792141263275093,92.06349206349206,,
534,0.19196823480153324,92.78499278499278,,
535,0.1760051426024836,93.79509379509379,,
536,0.21881165401674108,89.75468975468975,,
537,0.1964347805682715,91.91919191919192,,
538,0.22994902366060027,90.62049062049061,,
539,0.19603810129313587,92.20779220779221,,
540,0.2114333686073449,90.9090909090909,,
541,0.21620341898903014,92.64069264069263,,
542,0.19749776328662558,92.4963924963925,,
543,0.2000333396516321,91.91919191919192,,
544,0.19869482338302172,91.91919191919192,,
545,0.20595201663941703,92.20779220779221,,
546,0.2151911397602995,91.34199134199135,,
547,0.20401882659039133,91.63059163059162,,
548,0.23140404041195328,90.18759018759019,,
549,0.20926420633583015,91.63059163059162,,
550,0.19150925491107318,92.35209235209236,0.5833738051451646,80.51948051948052
551,0.2129370943840706,91.48629148629149,,
552,0.18845732006665003,92.78499278499278,,
553,0.20776829005233824,91.48629148629149,,
554,0.21404365385636623,91.77489177489177,,
555,0.20950232297827154,92.35209235209236,,
556,0.19941490647768734,92.4963924963925,,
557,0.20272165528279534,91.34199134199135,,
558,0.2023091728424097,91.63059163059162,,
559,0.2025982437582759,92.78499278499278,,
560,0.20750022699994614,91.48629148629149,,
561,0.2210395197245638,90.18759018759019,,
562,0.20340862156336786,91.34199134199135,,
563,0.2204943900769321,91.34199134199135,,
564,0.19889806544281877,91.77489177489177,,
565,0.2016865291550734,91.63059163059162,,
566,0.19497623220408633,91.48629148629149,,
567,0.2079684164961007,91.05339105339105,,
568,0.19909479945338993,91.77489177489177,,
569,0.18510746338752784,91.91919191919192,,
570,0.18316392392500655,93.07359307359307,,
571,0.19899617249218673,91.05339105339105,,
572,0.21794430113802052,91.1976911976912,,
573,0.20072467926174703,91.34199134199135,,
574,0.21780676372123486,91.05339105339105,,
575,0.19717654314908115,92.64069264069263,0.555259019523472,83.11688311688312
576,0.22569281994371876,90.47619047619048,,
577,0.1955900350303361,92.4963924963925,,
578,0.1953335812941602,92.20779220779221,,
579,0.2118251682574959,91.63059163059162,,
580,0.19773995807504585,92.06349206349206,,
581,0.20525947573875625,91.48629148629149,,
582,0.1826127375547289,92.4963924963925,,
583,0.19763836748414226,92.06349206349206,,
584,0.19969024121073245,91.05339105339105,,
585,0.17757568356794712,91.34199134199135,,
586,0.18547547842990098,92.92929292929293,,
587,0.18437260217846385,93.36219336219337,,
588,0.20130024342911929,91.34199134199135,,
589,0.19701232532144108,93.21789321789322,,
590,0.18299776393097716,91.91919191919192,,
591,0.19984444032972853,91.34199134199135,,
592,0.20413908655896332,91.48629148629149,,
593,0.23584857020758276,90.9090909090909,,
594,0.19435983006056254,91.91919191919192,,
595,0.19671930220047976,92.20779220779221,,
596,0.20093828119326806,92.06349206349206,,
597,0.18295223879779743,93.50649350649351,,
598,0.2007297408064185,91.91919191919192,,
599,0.1878377508377444,92.35209235209236,,
600,0.19414615424680504,91.77489177489177,0.5761001667419037,81.81818181818181
601,0.18907468984223375,92.92929292929293,,
602,0.19014613414223577,92.35209235209236,,
603,0.1891816740944272,91.91919191919192,,
604,0.19351770110632607,91.91919191919192,,
605,0.18818761619052501,93.21789321789322,,
606,0.22034687500495415,90.04329004329004,,
607,0.20327440177293396,92.92929292929293,,
608,0.19529695273477793,92.20779220779221,,
609,0.1935637150316608,92.64069264069263,,
610,0.1809543375070993,92.20779220779221,,
611,0.17897826437482242,93.21789321789322,,
612,0.18963525870554204,92.4963924963925,,
613,0.19812399677900008,91.05339105339105,,
614,0.19668987814826194,91.77489177489177,,
615,0.17615847257308628,93.65079365079364,,
616,0.1610036746936099,93.50649350649351,,
617,0.1989673259110334,91.91919191919192,,
618,0.19225769368515042,92.35209235209236,,
619,0.18923005401486098,92.64069264069263,,
620,0.19871908745595387,91.34199134199135,,
621,0.1831868342506937,92.4963924963925,,
622,0.18537904947867126,93.07359307359307,,
623,0.19653721822460665,91.91919191919192,,
624,0.18020486418819015,92.20779220779221,,
625,0.2041813228467498,91.34199134199135,0.5401018463171922,83.11688311688312
626,0.1887581306758295,92.78499278499278,,
627,0.19572231762681,91.77489177489177,,
628,0.18836418184496106,93.21789321789322,,
629,0.2020977446097144,91.05339105339105,,
630,0.18693027272282914,92.4963924963925,,
631,0.20592825222239006,91.77489177489177,,
632,0.1862692508475605,92.35209235209236,,
633,0.2010308521051191,91.63059163059162,,
634,0.16768557837429157,92.35209235209236,,
635,0.17585292028755078,93.21789321789322,,
636,0.19299470724653545,92.06349206349206,,
637,0.19313124085616584,92.4963924963925,,
638,0.20811481030945483,90.9090909090909,,
639,0.1688084386041842,93.21789321789322,,
640,0.18662964526838038,92.35209235209236,,
641,0.19713826673199433,91.34199134199135,,
642,0.1819253953289332,92.92929292929293,,
643,0.1851732223623931,91.1976911976912,,
644,0.1789877223117011,92.92929292929293,,
645,0.18284396167097325,92.64069264069263,,
646,0.193195859526659,92.78499278499278,,
647,0.181378259636666,93.36219336219337,,
648,0.1855467850769753,91.77489177489177,,
649,0.1881499606981594,92.92929292929293,,
650,0.18791937251799723,92.06349206349206,0.5589028883289981,84.41558441558442
651,0.20138260227605206,91.77489177489177,,
652,0.18581667563959978,91.91919191919192,,
653,0.1757692185917286,93.65079365079364,,
654,0.198099236387066,93.36219336219337,,
655,0.1672483186464633,93.93939393939394,,
656,0.1968129424735753,92.06349206349206,,
657,0.1645821708847176,93.79509379509379,,
658,0.17870790376979723,92.92929292929293,,
659,0.17155872466523753,92.92929292929293,,
660,0.17603361884247604,92.64069264069263,,
661,0.19086589148969618,92.92929292929293,,
662,0.16567905854654175,93.36219336219337,,
663,0.1690252036135778,92.06349206349206,,
664,0.19121643116033782,91.48629148629149,,
665,0.17764792309651986,92.92929292929293,,
666,0.15573751819985254,94.08369408369408,,
667,0.1694270759648919,93.36219336219337,,
668,0.18096224243334705,92.4963924963925,,
669,0.15881342762304418,93.50649350649351,,
670,0.1793430054944659,93.07359307359307,,
671,0.19214861234717212,91.34199134199135,,
672,0.16538140328243525,92.4963924963925,,
673,0.16350409599265667,93.36219336219337,,
674,0.17830651059940264,92.4963924963925,,
675,0.16740622385142945,93.65079365079364,0.5792780425641444,80.51948051948052
676,0.1627233573712656,94.08369408369408,,
677,0.17384635350662908,93.65079365079364,,
678,0.18400114413463708,92.78499278499278,,
679,0.2007985565096441,91.48629148629149,,
680,0.1726955914383413,93.36219336219337,,
681,0.17523786499236224,93.07359307359307,,
682,0.177878485011504,93.07359307359307,,
683,0.18022550238245322,93.07359307359307,,
684,0.18634356884621783,92.92929292929293,,
685,0.1631293177690685,93.79509379509379,,
686,0.17548656924311906,92.78499278499278,,
687,0.19881262073312142,91.91919191919192,,
688,0.16607820049121783,93.65079365079364,,
689,0.18709122259465474,92.92929292929293,,
690,0.18856187758249637,92.4963924963925,,
691,0.16216885058738797,92.64069264069263,,
692,0.19272481229742197,91.63059163059162,,
693,0.15342438945608566,93.93939393939394,,
694,0.17715846116064604,91.63059163059162,,
695,0.18438518883776012,91.91919191919192,,
696,0.16741279780348658,93.21789321789322,,
697,0.18696108652872784,92.78499278499278,,
698,0.17496884099246793,94.08369408369408,,
699,0.16033292237083288,93.65079365079364,,
700,0.17733518863137152,92.35209235209236,0.6113530118744095,80.51948051948052
701,0.19921882397899723,91.91919191919192,,
702,0.19274547838029407,93.21789321789322,,
703,0.18731818375584883,92.92929292929293,,
704,0.17697428139988305,92.4963924963925,,
705,0.17347303841365191,92.4963924963925,,
706,0.1665201433121212,93.50649350649351,,
707,0.16060557308866177,93.65079365079364,,
708,0.16340115487919568,93.21789321789322,,
709,0.18656577533688853,92.06349206349206,,
710,0.17312604077106603,93.50649350649351,,
711,0.17922340903275286,92.64069264069263,,
712,0.1462240945467185,95.0937950937951,,
713,0.1615555440579658,93.21789321789322,,
714,0.17459099368336053,92.06349206349206,,
715,0.1800197016066115,91.91919191919192,,
716,0.16368608322924522,93.07359307359307,,
717,0.18134211533276895,93.21789321789322,,
718,0.18674801859848772,92.4963924963925,,
719,0.17154050780753208,92.92929292929293,,
720,0.1920084130948928,92.64069264069263,,
721,0.18039885648186244,92.20779220779221,,
722,0.17897539697641246,91.91919191919192,,
723,0.1638694904196314,94.37229437229438,,
724,0.18217238581713832,92.78499278499278,,
725,0.1582879859733719,93.21789321789322,0.5686830793108258,79.22077922077922
726,0.1603311797843179,93.93939393939394,,
727,0.17837189389513686,92.4963924963925,,
728,0.1525107335734677,95.23809523809524,,
729,0.16557167589793473,93.50649350649351,,
730,0.1580073485556791,93.65079365079364,,
731,0.16339030702199256,92.78499278499278,,
732,0.1634851313299603,92.64069264069263,,
733,0.19869085140042492,90.9090909090909,,
734,0.15262578660017484,94.22799422799423,,
735,0.1433480205430957,94.66089466089466,,
736,0.17376004334157508,91.91919191919192,,
737,0.17854548971374312,93.65079365079364,,
738,0.15524828773728352,94.22799422799423,,
739,0.14970559098933856,94.08369408369408,,
740,0.16681513388091523,92.64069264069263,,
741,0.15799335212934584,93.65079365079364,,
742,0.16236804823510748,93.79509379509379,,
743,0.1514915231760446,93.79509379509379,,
744,0.15975815167416743,93.93939393939394,,
745,0.17466168545863844,92.35209235209236,,
746,0.14987541793228745,93.21789321789322,,
747,0.16834173303145866,92.64069264069263,,
748,0.18382155573234757,92.35209235209236,,
749,0.16244654821885096,93.65079365079364,,
750,0.16266231142081222,94.94949494949495,0.5571062142972822,81.81818181818181
751,0.15732557308278214,94.22799422799423,,
752,0.1858797664733934,91.48629148629149,,
753,0.16637589996425275,93.07359307359307,,
754,0.15216490080174258,93.93939393939394,,
755,0.14694009424008506,94.51659451659452,,
756,0.1628108276605262,93.50649350649351,,
757,0.1763781610806439,92.92929292929293,,
758,0.15604012830432876,93.65079365079364,,
759,0.16309423794134012,93.07359307359307,,
760,0.17295358361189844,92.78499278499278,,
761,0.1381817948594582,94.8051948051948,,
762,0.15490311870155224,94.22799422799423,,
763,0.13521519237739527,94.37229437229438,,
764,0.16123290370725107,94.22799422799423,,
765,0.16736638559361794,92.64069264069263,,
766,0.14823768923292943,94.66089466089466,,
767,0.16577756797833015,92.4963924963925,,
768,0.16690840383972785,93.65079365079364,,
769,0.16629702178559777,93.07359307359307,,
770,0.1558496109485454,93.93939393939394,,
771,0.17071410547001192,93.21789321789322,,
772,0.16093851838793075,93.79509379509379,,
773,0.16291918843167513,93.65079365079364,,
774,0.1567067244583351,93.50649350649351,,
775,0.16126882963280312,93.36219336219337,0.5860575538176995,81.81818181818181
776,0.1611213314133289,93.21789321789322,,
777,0.16786009205631577,92.78499278499278,,
778,0.1761847941734402,92.4963924963925,,
779,0.14027307873852496,94.94949494949495,,
780,0.1375617774130849,94.22799422799423,,
781,0.14959242436347778,94.94949494949495,,
782,0.17274036911863183,93.07359307359307,,
783,0.14799327482865832,94.08369408369408,,
784,0.14871119814259665,93.79509379509379,,
785,0.16507798983765198,94.51659451659452,,
786,0.1533271919944005,94.08369408369408,,
787,0.16657553430415506,92.78499278499278,,
788,0.1646620791115157,93.36219336219337,,
789,0.15964092885131959,93.65079365079364,,
790,0.1455887381906633,95.0937950937951,,
791,0.14968487483679088,93.93939393939394,,
792,0.15817397604945074,94.22799422799423,,
793,0.13982098250721095,94.37229437229438,,
794,0.15314590103096432,94.08369408369408,,
795,0.14671880718788285,94.8051948051948,,
796,0.14228038857509565,94.37229437229438,,
797,0.1580457968037968,94.22799422799423,,
798,0.15883036007268778,93.93939393939394,,
799,0.16213371316548894,93.93939393939394,,
800,0.16246155390319714,93.36219336219337,0.6341403792430829,80.51948051948052
801,0.15360453285435302,93.50649350649351,,
802,0.15315282035183597,94.22799422799423,,
803,0.15271063594074993,93.93939393939394,,
804,0.1594687680381889,93.36219336219337,,
805,0.1418863744790764,93.79509379509379,,
806,0.14799530469257421,94.22799422799423,,
807,0.16264639646459966,92.92929292929293,,
808,0.14528205008131773,94.8051948051948,,
809,0.18028304487208782,92.92929292929293,,
810,0.14417928036350708,94.94949494949495,,
811,0.14518805200833435,94.8051948051948,,
812,0.13553074036669766,94.51659451659452,,
813,0.1476294944038639,94.22799422799423,,
814,0.12557939458289016,95.81529581529581,,
815,0.14743535964605956,93.79509379509379,,
816,0.14807551602253752,94.51659451659452,,
817,0.17165789808029736,93.93939393939394,,
818,0.16362413954833713,93.07359307359307,,
819,0.1625283331453026,94.22799422799423,,
820,0.15043885857041545,94.08369408369408,,
821,0.15308881816044342,93.65079365079364,,
822,0.13264869753416483,95.23809523809524,,
823,0.18973100653071423,91.63059163059162,,
824,0.16406522561160344,93.07359307359307,,
825,0.1448420331387379,94.37229437229438,0.6284106845979567,84.41558441558442
826,0.1595100626499966,93.50649350649351,,
827,0.1337446179482844,95.67099567099567,,
828,0.14178386816558727,94.94949494949495,,
829,0.14579702785553098,93.50649350649351,,
830,0.16134608185528893,94.22799422799423,,
831,0.16408386554509874,93.36219336219337,,
832,0.14693610352957232,94.22799422799423,,
833,0.1457351166083011,94.51659451659452,,
834,0.13837014461234534,94.08369408369408,,
835,0.14450894177906096,95.0937950937951,,
836,0.14586109500297736,94.66089466089466,,
837,0.13752907263531658,94.8051948051948,,
838,0.13699907748751655,94.08369408369408,,
839,0.14583893887924426,94.08369408369408,,
840,0.12847903403110836,95.23809523809524,,
841,0.16569442072988072,93.50649350649351,,
842,0.15074054508175685,93.50649350649351,,
843,0.17075355462783687,92.4963924963925,,
844,0.13734458930908688,95.23809523809524,,
845,0.15913344653051825,93.21789321789322,,
846,0.15474545181571664,94.37229437229438,,
847,0.15838142641528388,93.79509379509379,,
848,0.16972602007192966,93.36219336219337,,
849,0.1270634721410911,95.0937950937951,,
850,0.1418365322048057,94.08369408369408,0.5851106132779803,85.71428571428571
851,0.16393712084487747,93.36219336219337,,
852,0.1632912972509259,92.64069264069263,,
853,0.1465142471299199,94.22799422799423,,
854,0.1610423509692733,93.93939393939394,,
855,0.17448829389936565,92.92929292929293,,
856,0.14965525817752293,93.93939393939394,,
857,0.15955393934490705,94.51659451659452,,
858,0.14048818717099198,94.8051948051948,,
859,0.15693782087184305,93.50649350649351,,
860,0.12180554517914378,95.52669552669553,,
861,0.150491379136905,93.36219336219337,,
862,0.15071077554514914,94.22799422799423,,
863,0.15573067941620924,94.08369408369408,,
864,0.153139577950062,94.37229437229438,,
865,0.13376361996064454,95.52669552669553,,
866,0.15629194379067868,94.66089466089466,,
867,0.14829043779538306,94.08369408369408,,
868,0.14956575513832152,94.08369408369408,,
869,0.1365911081691325,95.23809523809524,,
870,0.1423014553766402,94.51659451659452,,
871,0.13575837837026855,95.0937950937951,,
872,0.1467430293560028,94.8051948051948,,
873,0.1478282186333063,94.51659451659452,,
874,0.13963235595396586,95.81529581529581,,
875,0.14057124380834002,94.94949494949495,0.6232891175654027,80.51948051948052
876,0.1428220420968309,93.65079365079364,,
877,0.15967734974055064,93.93939393939394,,
878,0.13447303966784374,94.66089466089466,,
879,0.14291047248962466,94.08369408369408,,
880,0.1535986057478628,94.51659451659452,,
881,0.14139233794047204,94.94949494949495,,
882,0.1357075951437091,94.66089466089466,,
883,0.15148450079418363,93.36219336219337,,
884,0.13038101752556075,94.94949494949495,,
885,0.13718800627307975,94.37229437229438,,
886,0.155956724181524,94.22799422799423,,
887,0.16445401678611707,93.07359307359307,,
888,0.14043980937929554,94.66089466089466,,
889,0.16158746862125517,93.65079365079364,,
890,0.13748152651871093,94.51659451659452,,
891,0.11454271525144577,95.81529581529581,,
892,0.1496838206293607,93.65079365079364,,
893,0.1285485066634752,94.94949494949495,,
894,0.14830740796560676,94.08369408369408,,
895,0.14942059041273714,93.93939393939394,,
896,0.13602892888916862,94.8051948051948,,
897,0.15484785820756639,94.51659451659452,,
898,0.14273812921790333,94.37229437229438,,
899,0.13698361292588934,94.8051948051948,,
900,0.14170399521078383,94.94949494949495,0.6023774433445621,83.11688311688312
901,0.14152267513982145,95.52669552669553,,
902,0.14322250796559913,93.79509379509379,,
903,0.14521745008565648,95.52669552669553,,
904,0.1267393875308066,94.94949494949495,,
905,0.13889969219178133,95.0937950937951,,
906,0.14454581995977123,94.22799422799423,,
907,0.1265466469104844,95.23809523809524,,
908,0.1325338880489829,94.51659451659452,,
909,0.13066098315461203,94.51659451659452,,
910,0.13592262834869595,94.51659451659452,,
911,0.14393960923214497,94.94949494949495,,
912,0.14183785412312735,93.93939393939394,,
913,0.1417408731334653,94.51659451659452,,
914,0.14332185967316016,94.66089466089466,,
915,0.1323013725229586,94.8051948051948,,
916,0.1262913766339916,94.66089466089466,,
917,0.14811424541180956,93.50649350649351,,
918,0.13804941525491973,94.22799422799423,,
919,0.1305291649346572,95.67099567099567,,
920,0.11178058835249098,96.1038961038961,,
921,0.14659231836661632,94.8051948051948,,
922,0.14470192954524772,94.08369408369408,,
923,0.1566527010913277,94.37229437229438,,
924,0.1516801214697643,93.50649350649351,,
925,0.1333280612296636,95.0937950937951,0.6223204236525994,81.81818181818181
926,0.1405704461903584,93.50649350649351,,
927,0.15088226326874324,93.65079365079364,,
928,0.14688306243775726,94.94949494949495,,
929,0.14197077431204,93.93939393939394,,
930,0.1573810822949953,93.65079365079364,,
931,0.13752458944733956,95.81529581529581,,
932,0.12331929633294435,94.94949494949495,,
933,0.13773669874964856,94.51659451659452,,
934,0.12517910830214254,94.8051948051948,,
935,0.13858426394798454,95.23809523809524,,
936,0.14496507150528234,93.36219336219337,,
937,0.15164116422765356,94.22799422799423,,
938,0.14075153160834897,95.52669552669553,,
939,0.13039078290371323,94.66089466089466,,
940,0.1325061015924506,94.37229437229438,,
941,0.16768335541347404,93.36219336219337,,
942,0.1305381470449903,94.94949494949495,,
943,0.14076693639868781,94.51659451659452,,
944,0.14194196457255626,95.0937950937951,,
945,0.13840785001177464,94.51659451659452,,
946,0.12077519862575277,95.0937950937951,,
947,0.13146139278706878,95.0937950937951,,
948,0.13531989458018395,94.8051948051948,,
949,0.1366533116137805,94.66089466089466,,
950,0.13173375608773114,94.66089466089466,0.623041209075358,84.41558441558442
951,0.12375877888988795,94.8051948051948,,
952,0.11864844838380384,95.67099567099567,,
953,0.15125319453071895,93.93939393939394,,
954,0.1556024895752491,93.07359307359307,,
955,0.15378397182812767,94.51659451659452,,
956,0.1299504460975216,95.38239538239539,,
957,0.11695289390341716,95.95959595959596,,
958,0.14755719691557972,94.66089466089466,,
959,0.14738880930008827,94.66089466089466,,
960,0.1435428618051617,94.08369408369408,,
961,0.12229114403198292,94.51659451659452,,
962,0.12870611379414926,95.0937950937951,,
963,0.11340687555109095,95.67099567099567,,
964,0.11651037852743487,95.52669552669553,,
965,0.14428704508283266,94.51659451659452,,
966,0.13672158095722248,95.38239538239539,,
967,0.12169900181478838,95.38239538239539,,
968,0.15989602403379277,93.65079365079364,,
969,0.1379114662069951,94.51659451659452,,
970,0.12181337068091223,95.23809523809524,,
971,0.13835228016280166,94.08369408369408,,
972,0.12939009126033876,94.94949494949495,,
973,0.14955835026106964,94.22799422799423,,
974,0.1253535430045183,94.66089466089466,,
975,0.12867342057391937,94.94949494949495,0.7065075326275516,84.41558441558442
976,0.14573803537593774,93.50649350649351,,
977,0.13049171733821796,95.0937950937951,,
978,0.1580907004478174,95.23809523809524,,
979,0.14560117976253512,93.93939393939394,,
980,0.11854794410744099,95.52669552669553,,
981,0.14638704515746317,94.08369408369408,,
982,0.14033757561540922,94.94949494949495,,
983,0.12632010502990706,95.52669552669553,,
984,0.13880905418684988,94.66089466089466,,
985,0.12115880555619753,95.52669552669553,,
986,0.14958739278550442,93.65079365079364,,
987,0.14129258909976328,94.66089466089466,,
988,0.1155454193901749,96.3924963924964,,
989,0.13825113008344414,93.93939393939394,,
990,0.14439377348085874,94.08369408369408,,
991,0.12944256915599323,95.0937950937951,,
992,0.15370435025784876,93.79509379509379,,
993,0.12972367820457634,95.0937950937951,,
994,0.1569738072836382,94.66089466089466,,
995,0.14374913327922725,93.93939393939394,,
996,0.11668468235547064,95.67099567099567,,
997,0.14233458026017978,94.66089466089466,,
998,0.1176543046718982,95.67099567099567,,
999,0.11836602204461806,95.81529581529581,,
1000,0.1360273291941458,94.37229437229438,0.641935957716657,81.81818181818181
