epoch,train_loss,train_acc,test_loss,test_acc
1,0.6894774006042645,55.699855699855696,0.6870885220440951,55.84415584415584
2,0.686017138273341,55.98845598845599,,
3,0.6890204431002618,55.98845598845599,,
4,0.6866583652138538,55.98845598845599,,
5,0.6859605061199414,55.98845598845599,,
6,0.6892905266253979,55.98845598845599,,
7,0.685755022504457,55.98845598845599,,
8,0.6861278168738835,55.98845598845599,,
9,0.6867754209953297,55.98845598845599,,
10,0.6856260730590655,55.98845598845599,,
11,0.6841765321350373,55.98845598845599,,
12,0.6834473277067209,55.98845598845599,,
13,0.6847429800171184,55.98845598845599,,
14,0.6838680818827465,55.98845598845599,,
15,0.6830707719659737,55.98845598845599,,
16,0.6828268224542792,55.98845598845599,,
17,0.6816608597017814,55.98845598845599,,
18,0.6814887287124755,55.98845598845599,,
19,0.6782829973088714,55.98845598845599,,
20,0.6793096577278291,55.98845598845599,,
21,0.6774809431892109,55.98845598845599,,
22,0.6749293427446704,55.98845598845599,,
23,0.6750806541669936,55.98845598845599,,
24,0.6736151429825875,55.98845598845599,,
25,0.6753286963589435,55.98845598845599,0.6757734534028289,55.84415584415584
26,0.6738242503540512,55.98845598845599,,
27,0.6722358718922988,55.98845598845599,,
28,0.6704192051467786,55.98845598845599,,
29,0.6671296939533338,55.98845598845599,,
30,0.6714814894471162,55.98845598845599,,
31,0.663942034798439,55.98845598845599,,
32,0.6678292178488398,55.98845598845599,,
33,0.6651138792306314,55.98845598845599,,
34,0.660783840894355,55.98845598845599,,
35,0.6580236172263241,55.98845598845599,,
36,0.6554017155545443,55.98845598845599,,
37,0.6553147220164323,55.699855699855696,,
38,0.6495060439061637,58.152958152958156,,
39,0.6541844720792289,58.00865800865801,,
40,0.6424460027469013,60.317460317460316,,
41,0.6450027914618345,64.5021645021645,,
42,0.6421154328066894,62.77056277056277,,
43,0.6342572941408529,61.904761904761905,,
44,0.6330732617199335,63.05916305916306,,
45,0.6314294295221524,66.08946608946609,,
46,0.6330021099438743,63.78066378066378,,
47,0.6217815431337508,66.08946608946609,,
48,0.6218255780648015,66.37806637806638,,
49,0.6231173835103474,66.23376623376623,,
50,0.6187852326065603,66.23376623376623,0.6184398872511727,62.33766233766234
51,0.6084681618609298,68.1096681096681,,
52,0.6065105306465732,65.22366522366522,,
53,0.5967761723682133,67.67676767676768,,
54,0.593777818898274,72.2943722943723,,
55,0.5866811120664919,69.55266955266956,,
56,0.5954442279249387,69.98556998556998,,
57,0.5798307421575549,70.12987012987013,,
58,0.5782567347368981,71.71717171717172,,
59,0.5741998769160129,71.13997113997114,,
60,0.5624460479053756,73.16017316017316,,
61,0.5682183739770886,71.42857142857143,,
62,0.5578566316144291,74.31457431457432,,
63,0.5445257688497568,75.03607503607503,,
64,0.5510562936120907,73.88167388167388,,
65,0.5528658181213886,72.58297258297259,,
66,0.5394803989157189,74.60317460317461,,
67,0.5388872481527782,72.58297258297259,,
68,0.5453381051576843,73.16017316017316,,
69,0.5314466453991927,74.31457431457432,,
70,0.541381249352107,73.3044733044733,,
71,0.5290247298250295,74.74747474747475,,
72,0.5244127842254969,75.03607503607503,,
73,0.5138955050044589,75.03607503607503,,
74,0.5097180844471396,76.91197691197691,,
75,0.5070505446685857,75.9018759018759,0.5115709850540409,74.02597402597402
76,0.5038500183072441,77.34487734487735,,
77,0.5070345646461195,78.21067821067821,,
78,0.5023390128671005,77.2005772005772,,
79,0.502910775109631,75.61327561327562,,
80,0.5013890474561661,76.62337662337663,,
81,0.4867035599498006,78.78787878787878,,
82,0.49358136769152994,78.06637806637806,,
83,0.4865585220668567,76.91197691197691,,
84,0.4838301403525932,77.34487734487735,,
85,0.48754908890607207,77.92207792207792,,
86,0.48491411184163663,77.77777777777777,,
87,0.4828741389177578,77.05627705627705,,
88,0.476150458251243,78.93217893217893,,
89,0.4777774888199645,79.07647907647907,,
90,0.48508767317039797,78.06637806637806,,
91,0.45809822472573014,80.8080808080808,,
92,0.46045722873696,80.95238095238095,,
93,0.4616128269040051,81.67388167388168,,
94,0.46036459425999143,79.79797979797979,,
95,0.4575587413441739,81.0966810966811,,
96,0.4541467046539849,80.8080808080808,,
97,0.44482240695801994,79.65367965367966,,
98,0.4621444101113434,80.08658008658008,,
99,0.44122935519762024,81.96248196248196,,
100,0.4427435366278259,81.81818181818181,0.44281781416434746,79.22077922077922
101,0.4501952004295063,81.0966810966811,,
102,0.4572482499553356,81.24098124098124,,
103,0.4439816370842949,80.8080808080808,,
104,0.437652452683552,82.53968253968254,,
105,0.4425378009182378,80.95238095238095,,
106,0.4472336494303369,79.65367965367966,,
107,0.4257298256411697,83.54978354978356,,
108,0.4440437157518764,81.24098124098124,,
109,0.42105910745362013,82.53968253968254,,
110,0.41538189362309885,83.69408369408369,,
111,0.4237849874929948,83.11688311688312,,
112,0.42495313539434476,82.97258297258297,,
113,0.42916885487100953,81.96248196248196,,
114,0.4313099885743762,81.67388167388168,,
115,0.4245179249094678,83.11688311688312,,
116,0.42232471300237967,83.26118326118326,,
117,0.42891245297711306,80.51948051948052,,
118,0.4170814079123658,83.40548340548341,,
119,0.4114128020074632,83.26118326118326,,
120,0.3886237385297062,84.84848484848484,,
121,0.3903228376936947,83.98268398268398,,
122,0.40403602299150104,83.26118326118326,,
123,0.39292268689404664,83.98268398268398,,
124,0.40471624674391093,82.53968253968254,,
125,0.39580511293154946,84.84848484848484,0.42412667266734233,77.92207792207792
126,0.3739157271763635,84.84848484848484,,
127,0.39750401804715524,83.69408369408369,,
128,0.3999578992353717,83.40548340548341,,
129,0.3860473565294973,85.71428571428571,,
130,0.3898575773830882,83.83838383838383,,
131,0.39425355935681605,84.41558441558442,,
132,0.3849632889032364,83.69408369408369,,
133,0.38808421259490616,83.98268398268398,,
134,0.3937477603834257,85.13708513708514,,
135,0.38130312211929807,84.27128427128427,,
136,0.38635637665981853,84.84848484848484,,
137,0.3601912490346215,86.58008658008659,,
138,0.37353315532293496,84.84848484848484,,
139,0.3766027169052141,84.7041847041847,,
140,0.39056773270879475,84.12698412698413,,
141,0.3568077298985931,86.002886002886,,
142,0.35807758879351925,86.2914862914863,,
143,0.3717078548489195,85.13708513708514,,
144,0.3729693903379454,83.83838383838383,,
145,0.3721787143407274,84.99278499278499,,
146,0.36848166683879596,84.99278499278499,,
147,0.3588422808747787,86.43578643578644,,
148,0.34549472557345856,86.58008658008659,,
149,0.36378420431376535,86.002886002886,,
150,0.3525743032946731,86.2914862914863,0.4110373014753515,84.41558441558442
151,0.35121881471567856,86.2914862914863,,
152,0.3525937700168395,87.3015873015873,,
153,0.34508784543212184,86.58008658008659,,
154,0.34809576435092554,86.2914862914863,,
155,0.3654308689793123,85.56998556998558,,
156,0.32639475250656985,88.74458874458874,,
157,0.35290055142508614,85.13708513708514,,
158,0.3476258407939564,85.85858585858585,,
159,0.3477337299960344,86.43578643578644,,
160,0.34932204027368563,86.14718614718615,,
161,0.3342737140507581,88.88888888888889,,
162,0.3421528942313201,86.2914862914863,,
163,0.33276642671911233,87.73448773448773,,
164,0.3409059750397312,87.44588744588745,,
165,0.32685438147914014,87.3015873015873,,
166,0.3314049801269135,87.01298701298701,,
167,0.34431738315034566,86.86868686868686,,
168,0.33102758342741545,87.01298701298701,,
169,0.32911591472649815,87.15728715728716,,
170,0.3308472171060279,86.72438672438672,,
171,0.34325605547015287,85.42568542568543,,
172,0.3133952171685548,88.60028860028861,,
173,0.31702183088096875,88.16738816738817,,
174,0.32992410771602504,87.5901875901876,,
175,0.32281366141155515,87.01298701298701,0.42774842098935856,83.11688311688312
176,0.304109670189552,87.87878787878788,,
177,0.30183410094069885,89.17748917748918,,
178,0.33379662963649065,86.14718614718615,,
179,0.3284395124661114,87.3015873015873,,
180,0.31026576908807907,88.16738816738817,,
181,0.3120621814356222,88.74458874458874,,
182,0.30533752714056644,88.88888888888889,,
183,0.3156286890888627,87.87878787878788,,
184,0.3312640685969789,83.69408369408369,,
185,0.3104249258320053,88.16738816738817,,
186,0.3084318810727173,87.73448773448773,,
187,0.30277844257168957,88.31168831168831,,
188,0.3312203501382087,87.3015873015873,,
189,0.30878714036631894,89.03318903318903,,
190,0.31795292617524684,89.17748917748918,,
191,0.29239113061201005,88.88888888888889,,
192,0.30581312780342407,88.02308802308802,,
193,0.31033420687458046,88.02308802308802,,
194,0.3162262410484523,88.45598845598846,,
195,0.3006470418638653,88.31168831168831,,
196,0.2906280840716149,89.32178932178932,,
197,0.29851155982905136,89.32178932178932,,
198,0.2940836509348338,89.03318903318903,,
199,0.2636913771796192,90.62049062049061,,
200,0.30127198473801686,89.03318903318903,0.43205967197170503,80.51948051948052
201,0.2809612349557326,89.8989898989899,,
202,0.3076979220343531,87.44588744588745,,
203,0.27802677663287734,88.45598845598846,,
204,0.2965666919645637,88.74458874458874,,
205,0.28842385605644183,89.75468975468975,,
206,0.29122334296182123,88.60028860028861,,
207,0.27820651626690124,89.46608946608947,,
208,0.27605610055926905,89.8989898989899,,
209,0.29056298363991456,87.44588744588745,,
210,0.2701763924087625,90.33189033189034,,
211,0.27681456777182495,89.32178932178932,,
212,0.2848363005237662,88.02308802308802,,
213,0.2830877982692801,89.32178932178932,,
214,0.2979286045567126,89.75468975468975,,
215,0.2783458643575423,89.6103896103896,,
216,0.2712146567145811,90.33189033189034,,
217,0.2834147071253514,89.6103896103896,,
218,0.278820989279864,88.88888888888889,,
219,0.29982315079130306,88.02308802308802,,
220,0.28735052115817433,88.31168831168831,,
221,0.2774415302156198,90.04329004329004,,
222,0.27786395063389946,89.32178932178932,,
223,0.27515069566247785,90.47619047619048,,
224,0.28188995967523706,88.45598845598846,,
225,0.2672159807678597,89.6103896103896,0.43690836952104195,81.81818181818181
226,0.26278725270757086,90.62049062049061,,
227,0.2864296195913015,87.87878787878788,,
228,0.2627204903018423,90.47619047619048,,
229,0.28039375330290583,89.03318903318903,,
230,0.2594985142672733,90.47619047619048,,
231,0.2617844950628143,90.33189033189034,,
232,0.25487404515560913,90.9090909090909,,
233,0.2676708448576119,89.46608946608947,,
234,0.2388393141404547,92.64069264069263,,
235,0.28217569320404856,88.74458874458874,,
236,0.24944764670269487,91.63059163059162,,
237,0.2562417970032231,90.18759018759019,,
238,0.24760787995346697,91.63059163059162,,
239,0.25064914191913124,90.47619047619048,,
240,0.26484909720321065,90.47619047619048,,
241,0.2543097023151998,90.33189033189034,,
242,0.2553973886228743,90.18759018759019,,
243,0.24766289065410566,90.9090909090909,,
244,0.2678159009262081,90.76479076479076,,
245,0.25561890038318963,90.33189033189034,,
246,0.2561780060782577,91.77489177489177,,
247,0.24940074849094318,90.9090909090909,,
248,0.22034667359200047,92.4963924963925,,
249,0.22698595487710202,91.77489177489177,,
250,0.24316360781031082,91.05339105339105,0.4605475927328134,84.41558441558442
251,0.25560213083570654,91.91919191919192,,
252,0.24850791245483905,90.62049062049061,,
253,0.2623143533263544,89.6103896103896,,
254,0.2581104530185504,90.76479076479076,,
255,0.24025270157906228,91.1976911976912,,
256,0.2380990574262703,91.48629148629149,,
257,0.24094845027720602,90.33189033189034,,
258,0.23038726813908436,91.05339105339105,,
259,0.25099931541201354,89.75468975468975,,
260,0.23678955903430005,91.77489177489177,,
261,0.25204754596062723,90.76479076479076,,
262,0.2519731359800907,90.9090909090909,,
263,0.2088089713270401,92.20779220779221,,
264,0.22631284846113875,92.4963924963925,,
265,0.2297070539874948,92.20779220779221,,
266,0.24807092285087443,90.18759018759019,,
267,0.2300006565765557,92.20779220779221,,
268,0.23635128802723354,91.77489177489177,,
269,0.2197321763458362,91.63059163059162,,
270,0.25061811986251653,89.75468975468975,,
271,0.22570754379077046,90.76479076479076,,
272,0.23748506892682153,90.9090909090909,,
273,0.23382933547486476,91.34199134199135,,
274,0.24093904360204205,91.05339105339105,,
275,0.22667449639645146,91.63059163059162,0.4830799869128636,83.11688311688312
276,0.22960832330141576,91.34199134199135,,
277,0.2212486777341727,91.91919191919192,,
278,0.22136014523616257,91.1976911976912,,
279,0.2245514409302117,92.06349206349206,,
280,0.23200675668826523,92.78499278499278,,
281,0.2408441828313844,89.6103896103896,,
282,0.22819498576449626,91.48629148629149,,
283,0.21768429448551257,92.20779220779221,,
284,0.22750430825081738,92.78499278499278,,
285,0.22629952004977635,90.47619047619048,,
286,0.218312264434875,91.63059163059162,,
287,0.22156650853621496,92.20779220779221,,
288,0.22334280205839468,92.06349206349206,,
289,0.21164129487363806,91.48629148629149,,
290,0.2317166601080571,91.77489177489177,,
291,0.21494283356191793,92.64069264069263,,
292,0.21764861091347829,92.20779220779221,,
293,0.2143955509168933,91.91919191919192,,
294,0.20499990554728034,92.78499278499278,,
295,0.22318199053299204,91.34199134199135,,
296,0.21688318780984886,93.21789321789322,,
297,0.18572151981304907,94.8051948051948,,
298,0.211970075034949,92.78499278499278,,
299,0.19801790451074575,92.78499278499278,,
300,0.22332471714477348,91.1976911976912,0.4785200365177997,81.81818181818181
301,0.241423502929971,89.46608946608947,,
302,0.21849966305072863,92.06349206349206,,
303,0.22684683712013873,90.04329004329004,,
304,0.21910726983223813,92.4963924963925,,
305,0.20152902510689105,93.50649350649351,,
306,0.21669398844349608,91.91919191919192,,
307,0.21621598077542853,91.48629148629149,,
308,0.21988767751023539,92.20779220779221,,
309,0.22507023049886696,91.48629148629149,,
310,0.19659484714312642,93.65079365079364,,
311,0.19655693313819161,92.35209235209236,,
312,0.19512813178147762,92.06349206349206,,
313,0.1766954360349698,94.22799422799423,,
314,0.21434576850260836,91.1976911976912,,
315,0.2075193708421176,92.35209235209236,,
316,0.19076554143927657,93.65079365079364,,
317,0.20274961566684221,93.07359307359307,,
318,0.19052487293535153,93.79509379509379,,
319,0.2343512691562783,92.35209235209236,,
320,0.18590178793298906,93.65079365079364,,
321,0.2010513407703688,92.78499278499278,,
322,0.2070989233547819,92.20779220779221,,
323,0.19652670965910302,92.92929292929293,,
324,0.20336954061796655,93.36219336219337,,
325,0.19951465102329227,93.50649350649351,0.5095745520545291,80.51948051948052
326,0.2072602537330267,92.4963924963925,,
327,0.18555953055835217,93.21789321789322,,
328,0.1952579002961796,92.4963924963925,,
329,0.21239133159835616,92.20779220779221,,
330,0.1853923536998369,92.92929292929293,,
331,0.1985742405035451,93.21789321789322,,
332,0.2019565909842908,92.64069264069263,,
333,0.20488444555545438,92.35209235209236,,
334,0.19354086824051744,93.21789321789322,,
335,0.20367665120103487,92.35209235209236,,
336,0.18683285570419883,93.36219336219337,,
337,0.17261119057863822,94.22799422799423,,
338,0.1854837726516727,92.06349206349206,,
339,0.1856248700644547,93.65079365079364,,
340,0.19150609552086173,92.64069264069263,,
341,0.1831599846603228,94.22799422799423,,
342,0.19450200586693972,93.07359307359307,,
343,0.18286000620063078,93.93939393939394,,
344,0.188730639855755,92.4963924963925,,
345,0.19801773581906487,92.92929292929293,,
346,0.17440565070204578,93.79509379509379,,
347,0.20367162654238175,92.20779220779221,,
348,0.1742970131197877,93.07359307359307,,
349,0.18415856458149948,92.4963924963925,,
350,0.20880310261060323,91.63059163059162,0.49026351064056545,79.22077922077922
351,0.17498646360455136,93.93939393939394,,
352,0.16174991856749785,94.08369408369408,,
353,0.18277151871897268,94.37229437229438,,
354,0.17893229486235293,93.36219336219337,,
355,0.18208943662189303,93.93939393939394,,
356,0.20769184525695886,92.4963924963925,,
357,0.1661628730283327,94.08369408369408,,
358,0.15467013767013302,94.94949494949495,,
359,0.17759277907026794,94.37229437229438,,
360,0.18551083505798727,92.92929292929293,,
361,0.1762585821433845,93.07359307359307,,
362,0.16443483765851197,94.51659451659452,,
363,0.17086745586789187,94.22799422799423,,
364,0.20963854591051737,92.20779220779221,,
365,0.16129091003046922,94.66089466089466,,
366,0.17196912756310656,94.66089466089466,,
367,0.1779997611437181,93.50649350649351,,
368,0.16045735642034425,94.94949494949495,,
369,0.18185091729330982,92.92929292929293,,
370,0.1500283664959741,94.08369408369408,,
371,0.1787535942349083,93.65079365079364,,
372,0.17603956112667682,93.65079365079364,,
373,0.19763542990728375,92.78499278499278,,
374,0.15325152542856005,95.0937950937951,,
375,0.16491803853714793,94.94949494949495,0.4908131564205343,79.22077922077922
376,0.17091655024847427,92.78499278499278,,
377,0.16796410159029143,93.79509379509379,,
378,0.18194422566615487,94.08369408369408,,
379,0.18852488381027488,93.36219336219337,,
380,0.17748049755203088,93.21789321789322,,
381,0.1668803882590276,93.79509379509379,,
382,0.15740254090246872,93.50649350649351,,
383,0.17392400186643284,94.51659451659452,,
384,0.17839210080506998,92.92929292929293,,
385,0.20297925778453657,92.20779220779221,,
386,0.15410704865600122,94.66089466089466,,
387,0.17588897793409972,93.21789321789322,,
388,0.19414847811837216,93.36219336219337,,
389,0.14466896438151383,95.0937950937951,,
390,0.1839743974533948,93.36219336219337,,
391,0.15207408523404753,94.8051948051948,,
392,0.14891803985217003,95.81529581529581,,
393,0.17201718189693116,93.65079365079364,,
394,0.14729731049372521,94.37229437229438,,
395,0.16903689697191313,93.93939393939394,,
396,0.16948439398025195,93.21789321789322,,
397,0.15597765085329052,94.8051948051948,,
398,0.15217588306505442,94.37229437229438,,
399,0.1730965061373955,93.93939393939394,,
400,0.15961926616459526,93.65079365079364,0.47051326427366824,79.22077922077922
401,0.16560365949874317,94.22799422799423,,
402,0.16719104136739457,94.37229437229438,,
403,0.17369793882811224,93.50649350649351,,
404,0.15841153114604056,94.8051948051948,,
405,0.15062898116839396,95.23809523809524,,
406,0.15656659870931253,94.66089466089466,,
407,0.14508489187145646,94.37229437229438,,
408,0.1497954817577487,94.94949494949495,,
409,0.14614314445083448,94.94949494949495,,
410,0.1586895650642431,93.65079365079364,,
411,0.140679957815493,95.67099567099567,,
412,0.15594371130305623,93.07359307359307,,
413,0.16884485123649476,93.36219336219337,,
414,0.1511890043169905,94.94949494949495,,
415,0.16859471344242535,92.92929292929293,,
416,0.15998702316745192,93.79509379509379,,
417,0.16188423716144645,94.51659451659452,,
418,0.15694696799157157,94.51659451659452,,
419,0.1713288099347771,94.22799422799423,,
420,0.1443946281122783,94.51659451659452,,
421,0.1538924698275749,94.37229437229438,,
422,0.13984401543419084,95.67099567099567,,
423,0.15879340510691745,93.65079365079364,,
424,0.1345507742522599,95.38239538239539,,
425,0.13616116940545142,94.8051948051948,0.5218638417782722,77.92207792207792
426,0.15362475044799573,94.66089466089466,,
427,0.1441216292437623,95.67099567099567,,
428,0.1535260903892278,94.51659451659452,,
429,0.15790382451223262,94.22799422799423,,
430,0.15131633381478887,93.50649350649351,,
431,0.14700199553976842,94.51659451659452,,
432,0.13319692105957956,94.66089466089466,,
433,0.14429974796796086,94.22799422799423,,
434,0.1357129569854829,95.95959595959596,,
435,0.14343208444410932,95.38239538239539,,
436,0.1381638486147959,95.38239538239539,,
437,0.15716392833949167,93.93939393939394,,
438,0.1376892959303928,94.66089466089466,,
439,0.16197756074723743,94.22799422799423,,
440,0.13255181951612277,94.94949494949495,,
441,0.13347977518089235,96.1038961038961,,
442,0.1516435533589959,94.37229437229438,,
443,0.1424117111110412,94.51659451659452,,
444,0.16049486291184914,93.79509379509379,,
445,0.17444282464822822,94.37229437229438,,
446,0.1490418246556154,94.08369408369408,,
447,0.1442151828460707,94.8051948051948,,
448,0.1606664162607592,94.08369408369408,,
449,0.12462185514609707,95.81529581529581,,
450,0.16627361196997706,94.8051948051948,0.529516485991416,80.51948051948052
451,0.1332305096960687,95.38239538239539,,
452,0.12650462066348842,95.38239538239539,,
453,0.15265000692177644,94.8051948051948,,
454,0.13974757576132835,95.23809523809524,,
455,0.14875056666105685,94.94949494949495,,
456,0.14925118621766653,94.8051948051948,,
457,0.12574931439469214,95.81529581529581,,
458,0.15756879923636735,94.37229437229438,,
459,0.15228478672334986,93.93939393939394,,
460,0.15087813013172768,94.51659451659452,,
461,0.1563242186629583,95.0937950937951,,
462,0.14660673899223967,94.37229437229438,,
463,0.14732272013441308,94.08369408369408,,
464,0.14320305344604312,94.94949494949495,,
465,0.14480024034595507,94.22799422799423,,
466,0.13735893893379497,95.38239538239539,,
467,0.14938743762983733,94.37229437229438,,
468,0.15700421442545165,94.51659451659452,,
469,0.14185706787295155,94.94949494949495,,
470,0.13462833772059987,95.23809523809524,,
471,0.1278805954631789,95.23809523809524,,
472,0.1433576319103289,94.66089466089466,,
473,0.14417521377641057,93.79509379509379,,
474,0.14630881635657636,94.8051948051948,,
475,0.15342101813824835,93.93939393939394,0.48937522881216816,79.22077922077922
476,0.14228863016437487,95.0937950937951,,
477,0.11804468651311566,95.95959595959596,,
478,0.14364816203261865,94.94949494949495,,
479,0.13629267371191092,95.67099567099567,,
480,0.13660252059864963,95.38239538239539,,
481,0.11889065884075209,95.52669552669553,,
482,0.13736350944031886,94.8051948051948,,
483,0.1701150932611325,93.93939393939394,,
484,0.15093508914306566,94.51659451659452,,
485,0.13730321125722722,95.38239538239539,,
486,0.1222365465536606,95.52669552669553,,
487,0.11993378927611341,95.95959595959596,,
488,0.1302433285706315,94.8051948051948,,
489,0.12982757055451946,95.38239538239539,,
490,0.13321788280041186,95.23809523809524,,
491,0.11842137562248098,96.24819624819625,,
492,0.11363643824968159,96.53679653679653,,
493,0.1313879144516428,95.81529581529581,,
494,0.13289815618039727,95.52669552669553,,
495,0.14799871900445455,95.81529581529581,,
496,0.1285752516944085,96.1038961038961,,
497,0.14762493980373828,94.37229437229438,,
498,0.13856066314538493,94.37229437229438,,
499,0.14141216817141267,94.08369408369408,,
500,0.14845594356285374,94.37229437229438,0.5175818394530903,80.51948051948052
501,0.12717420198184587,95.67099567099567,,
502,0.12777506096710547,95.38239538239539,,
503,0.14133111535992157,93.93939393939394,,
504,0.13195609128368752,95.52669552669553,,
505,0.1511232377947839,95.67099567099567,,
506,0.12695617270676088,95.95959595959596,,
507,0.14083008314408954,95.23809523809524,,
508,0.11146534584774427,96.53679653679653,,
509,0.11963226703703833,96.53679653679653,,
510,0.11929115360605425,96.1038961038961,,
511,0.12398904303967695,95.67099567099567,,
512,0.11543036200923235,95.81529581529581,,
513,0.1301726993733767,94.8051948051948,,
514,0.13574538539562905,94.51659451659452,,
515,0.11962537567465853,95.67099567099567,,
516,0.12677838224890772,95.52669552669553,,
517,0.11382594493904499,96.53679653679653,,
518,0.13037670365014634,95.81529581529581,,
519,0.11509528824949333,95.95959595959596,,
520,0.13153653626275097,94.51659451659452,,
521,0.1141265816126465,94.94949494949495,,
522,0.11861568263061291,95.52669552669553,,
523,0.12141484899169525,94.66089466089466,,
524,0.1265879369100279,95.67099567099567,,
525,0.11075358910951091,95.95959595959596,0.4891782029495611,81.81818181818181
526,0.11744545229198612,95.67099567099567,,
527,0.1340917841051564,95.0937950937951,,
528,0.1300845118790521,95.0937950937951,,
529,0.1272593509959538,95.67099567099567,,
530,0.11100716508312143,95.95959595959596,,
531,0.11509716816106744,96.1038961038961,,
532,0.13279428338419652,95.95959595959596,,
533,0.13639621068904925,95.0937950937951,,
534,0.1390882743385447,95.38239538239539,,
535,0.1158993151616762,96.24819624819625,,
536,0.12713788050894786,95.23809523809524,,
537,0.1110392650629664,96.53679653679653,,
538,0.10277943613617795,95.81529581529581,,
539,0.11623102993654655,95.67099567099567,,
540,0.1321434292184326,94.66089466089466,,
541,0.12137644417573192,95.38239538239539,,
542,0.12178059567900275,96.3924963924964,,
543,0.1267636213317234,95.23809523809524,,
544,0.11955210397189314,95.95959595959596,,
545,0.12440891453155019,95.81529581529581,,
546,0.12533447408744955,95.38239538239539,,
547,0.1255660363366158,96.1038961038961,,
548,0.11475234894783466,95.81529581529581,,
549,0.13131363850361083,94.94949494949495,,
550,0.10753225568483059,95.52669552669553,0.5363475200417754,79.22077922077922
551,0.11621324368920527,95.38239538239539,,
552,0.12479334920349103,95.81529581529581,,
553,0.13916636477688174,95.67099567099567,,
554,0.10133850669103955,96.53679653679653,,
555,0.11595603837638363,96.1038961038961,,
556,0.124063661625719,96.24819624819625,,
557,0.11227380176992686,96.96969696969697,,
558,0.11913696372233772,95.38239538239539,,
559,0.11751910696319516,95.81529581529581,,
560,0.10487993528144528,95.95959595959596,,
561,0.11955982294272292,95.0937950937951,,
562,0.10725329200835283,96.3924963924964,,
563,0.09892951820077964,96.53679653679653,,
564,0.10388812494785411,96.96969696969697,,
565,0.11838884145279467,95.67099567099567,,
566,0.11837390000282814,95.95959595959596,,
567,0.10455687609628854,96.53679653679653,,
568,0.1297614180454702,95.95959595959596,,
569,0.12150173480548555,95.67099567099567,,
570,0.11888402741816309,95.67099567099567,,
571,0.1224459084167453,96.1038961038961,,
572,0.10518955960762277,95.95959595959596,,
573,0.11788192724682724,95.52669552669553,,
574,0.10715234354890958,96.3924963924964,,
575,0.10906061112966717,95.95959595959596,0.5617432033086752,80.51948051948052
576,0.12115430896416371,95.38239538239539,,
577,0.1101368157163499,96.53679653679653,,
578,0.11101650072511657,96.24819624819625,,
579,0.12974014697652875,95.0937950937951,,
580,0.10714638912660562,95.95959595959596,,
581,0.11500189386168427,95.67099567099567,,
582,0.1221930163080601,95.38239538239539,,
583,0.12526780406139457,94.94949494949495,,
584,0.10335003036312211,96.53679653679653,,
585,0.1123104024030709,95.0937950937951,,
586,0.09247621719713335,96.68109668109668,,
587,0.10570383149308044,95.95959595959596,,
588,0.09664463966783851,96.82539682539682,,
589,0.12122204585852905,95.52669552669553,,
590,0.11377207473629997,95.52669552669553,,
591,0.10732836442936379,96.1038961038961,,
592,0.1171968804046103,96.3924963924964,,
593,0.1114133686730356,96.3924963924964,,
594,0.10126336811252831,96.96969696969697,,
595,0.11804971725157157,95.52669552669553,,
596,0.09289011128601574,96.96969696969697,,
597,0.08541755228804647,96.68109668109668,,
598,0.10440658076974049,95.67099567099567,,
599,0.11492771386003597,95.81529581529581,,
600,0.10385708910820288,96.53679653679653,0.4979356283491308,80.51948051948052
601,0.08161652040456839,97.69119769119769,,
602,0.10129965990136712,95.81529581529581,,
603,0.10102708889292432,96.3924963924964,,
604,0.11371447211521185,95.67099567099567,,
605,0.09725779390518928,96.68109668109668,,
606,0.10317528129301289,95.67099567099567,,
607,0.09506422503277509,96.96969696969697,,
608,0.10720685606050973,96.24819624819625,,
609,0.1019691408680373,96.68109668109668,,
610,0.09130775547904886,96.3924963924964,,
611,0.0960363567327008,96.1038961038961,,
612,0.10778712458951563,95.95959595959596,,
613,0.09344284338029948,97.25829725829726,,
614,0.09619321539718523,96.1038961038961,,
615,0.10265359467414206,96.68109668109668,,
616,0.10198759161806725,96.68109668109668,,
617,0.09744621329493337,97.11399711399712,,
618,0.09988855738810991,96.96969696969697,,
619,0.1048185189306994,96.1038961038961,,
620,0.10404345049142494,96.53679653679653,,
621,0.13986238897448838,95.38239538239539,,
622,0.1312815131321227,94.66089466089466,,
623,0.10844698384898738,95.81529581529581,,
624,0.11098261183990545,96.82539682539682,,
625,0.12298584124140581,95.0937950937951,0.5499718553060061,81.81818181818181
626,0.09151136868164308,96.82539682539682,,
627,0.10136501161007998,95.52669552669553,,
628,0.08417356907676309,97.25829725829726,,
629,0.1019809634934084,96.3924963924964,,
630,0.09181375706952716,96.3924963924964,,
631,0.0969289421529911,96.96969696969697,,
632,0.09304160732254493,96.53679653679653,,
633,0.08048256654641758,96.96969696969697,,
634,0.11380702024124144,95.52669552669553,,
635,0.09406714640224478,96.68109668109668,,
636,0.12905321816388318,95.81529581529581,,
637,0.09856941922423987,96.24819624819625,,
638,0.09516322665174544,96.96969696969697,,
639,0.09821719387048938,96.3924963924964,,
640,0.11373200696526152,95.95959595959596,,
641,0.12017412223513164,96.24819624819625,,
642,0.10720175653050988,96.24819624819625,,
643,0.10310734180574982,96.3924963924964,,
644,0.11006168545389072,95.95959595959596,,
645,0.09835216392256309,95.67099567099567,,
646,0.09772691524299977,96.1038961038961,,
647,0.09440456595255699,97.40259740259741,,
648,0.11043326227695911,95.81529581529581,,
649,0.10063348438531633,97.11399711399712,,
650,0.1071246111870328,95.95959595959596,0.49505757898479313,83.11688311688312
651,0.09538765015110137,97.40259740259741,,
652,0.11452126171853808,95.67099567099567,,
653,0.11062451246668938,95.95959595959596,,
654,0.09102057774173578,96.53679653679653,,
655,0.08328026146083684,96.68109668109668,,
656,0.09829968844055269,96.24819624819625,,
657,0.09544588239463032,96.3924963924964,,
658,0.11631169375489113,96.3924963924964,,
659,0.10391889938286372,95.38239538239539,,
660,0.11483218432988697,95.81529581529581,,
661,0.0954293217429351,95.81529581529581,,
662,0.08196199025211569,97.69119769119769,,
663,0.09537636796966689,96.68109668109668,,
664,0.09321457023959483,96.82539682539682,,
665,0.09359658201067865,97.25829725829726,,
666,0.09678127542998195,96.53679653679653,,
667,0.08384783520843044,97.11399711399712,,
668,0.08973514202519886,96.82539682539682,,
669,0.07896974841925661,97.11399711399712,,
670,0.09944793463699401,96.1038961038961,,
671,0.09701687967321401,96.53679653679653,,
672,0.10618341698016955,95.23809523809524,,
673,0.07440307672964717,97.25829725829726,,
674,0.09432845443223763,97.40259740259741,,
675,0.11829241123292353,96.1038961038961,0.5237979354796471,83.11688311688312
676,0.10128883844373202,96.1038961038961,,
677,0.082401066319681,97.54689754689754,,
678,0.10278952242148043,96.68109668109668,,
679,0.0997348813633038,96.96969696969697,,
680,0.09401859086635825,96.68109668109668,,
681,0.10734045494772483,97.11399711399712,,
682,0.11030057831674084,95.23809523809524,,
683,0.094530924939662,96.53679653679653,,
684,0.1004630983477891,96.82539682539682,,
685,0.08356748656793074,96.96969696969697,,
686,0.09252611940127259,97.69119769119769,,
687,0.100330481539557,96.24819624819625,,
688,0.09456120395406672,96.53679653679653,,
689,0.08851728756598924,97.40259740259741,,
690,0.0960971163679855,95.95959595959596,,
691,0.07672494266069296,97.69119769119769,,
692,0.10152071495345574,96.68109668109668,,
693,0.1050776094171349,95.67099567099567,,
694,0.08967036124679004,96.68109668109668,,
695,0.09139006454793233,96.24819624819625,,
696,0.08918098351699105,96.82539682539682,,
697,0.08978291885849374,96.82539682539682,,
698,0.10749733787766438,95.81529581529581,,
699,0.07290084547972009,98.41269841269842,,
700,0.11239569707844853,95.95959595959596,0.5301544503732161,80.51948051948052
701,0.07807972147781267,97.25829725829726,,
702,0.1024577934805621,95.67099567099567,,
703,0.1018375028623604,96.53679653679653,,
704,0.09381681322664409,96.53679653679653,,
705,0.09868852467602723,96.24819624819625,,
706,0.10075590423003247,96.3924963924964,,
707,0.08197109316560355,97.97979797979798,,
708,0.10866199528414106,96.53679653679653,,
709,0.08776868800908155,97.11399711399712,,
710,0.06984861007210239,97.40259740259741,,
711,0.0968906142967948,97.25829725829726,,
712,0.0931095029664203,96.96969696969697,,
713,0.07375042374053645,97.97979797979798,,
714,0.08467017417346244,96.96969696969697,,
715,0.08039626234021538,97.40259740259741,,
716,0.08807001773585145,96.53679653679653,,
717,0.10647378683971809,95.95959595959596,,
718,0.08721848351485802,96.82539682539682,,
719,0.10876806958714261,96.24819624819625,,
720,0.08038236844537493,96.68109668109668,,
721,0.07463074746188234,97.69119769119769,,
722,0.11077400535603106,96.68109668109668,,
723,0.07300575023777729,97.69119769119769,,
724,0.07309837736092605,97.54689754689754,,
725,0.07509565826311901,97.25829725829726,0.594195016018756,83.11688311688312
726,0.10575756357517765,95.0937950937951,,
727,0.09331172339424684,96.68109668109668,,
728,0.08518839594847583,96.82539682539682,,
729,0.09201214244638933,96.24819624819625,,
730,0.08864765904755109,96.68109668109668,,
731,0.09681511164775916,96.24819624819625,,
732,0.07943431118403764,97.54689754689754,,
733,0.07594481610369158,97.69119769119769,,
734,0.09736419148094048,96.68109668109668,,
735,0.09248745174807044,97.25829725829726,,
736,0.07231165896590482,97.40259740259741,,
737,0.08468139100642431,96.96969696969697,,
738,0.08303017547141767,97.11399711399712,,
739,0.10074388694883597,96.68109668109668,,
740,0.079504552621174,97.25829725829726,,
741,0.09354174537060064,96.96969696969697,,
742,0.06881406094507996,97.54689754689754,,
743,0.08744011090431379,96.24819624819625,,
744,0.07768773099388739,97.11399711399712,,
745,0.09064420273938736,95.95959595959596,,
746,0.09833853862760387,97.25829725829726,,
747,0.08248906371870426,97.11399711399712,,
748,0.09272712891683951,96.68109668109668,,
749,0.0869224677010188,96.96969696969697,,
750,0.09279603835781243,97.25829725829726,0.5794437427025336,83.11688311688312
751,0.08938873667823632,96.96969696969697,,
752,0.07059511334687729,97.40259740259741,,
753,0.08660921224891538,96.96969696969697,,
754,0.06957861849121631,97.11399711399712,,
755,0.06254958364881393,97.69119769119769,,
756,0.08855259416606089,96.68109668109668,,
757,0.07146599944707807,97.97979797979798,,
758,0.0940353467006876,96.53679653679653,,
759,0.06410382834026619,97.69119769119769,,
760,0.0827247795217481,96.53679653679653,,
761,0.0822057459949587,96.82539682539682,,
762,0.07070724770472443,97.83549783549783,,
763,0.07511862148067136,96.82539682539682,,
764,0.07646903516603755,97.11399711399712,,
765,0.09037668017024096,97.11399711399712,,
766,0.07304413581934245,97.40259740259741,,
767,0.0712711713337279,97.83549783549783,,
768,0.08379343018731342,97.11399711399712,,
769,0.07374319814220824,97.83549783549783,,
770,0.08675833738813496,96.3924963924964,,
771,0.07605284280419178,96.96969696969697,,
772,0.07838881653323662,96.82539682539682,,
773,0.08026030080185996,97.54689754689754,,
774,0.10588123611998335,96.24819624819625,,
775,0.07075416532171754,97.83549783549783,0.5869449771843948,80.51948051948052
776,0.08798511338273728,97.11399711399712,,
777,0.08302095714179748,96.68109668109668,,
778,0.08157230762047168,96.96969696969697,,
779,0.06735152476111059,97.40259740259741,,
780,0.06982883571245281,97.25829725829726,,
781,0.07526699245556609,97.40259740259741,,
782,0.07242313372495371,97.11399711399712,,
783,0.08543389844257938,96.24819624819625,,
784,0.0888270012722559,96.96969696969697,,
785,0.08668126623330351,96.82539682539682,,
786,0.08804593707097515,96.24819624819625,,
787,0.09284974834619662,96.82539682539682,,
788,0.06502259267873062,98.26839826839827,,
789,0.08457339199026039,97.11399711399712,,
790,0.07840189711872117,97.54689754689754,,
791,0.0718708258534783,97.54689754689754,,
792,0.06828244884658341,97.83549783549783,,
793,0.08652549292919096,97.54689754689754,,
794,0.08838206482312036,96.96969696969697,,
795,0.10374246351689659,97.11399711399712,,
796,0.065565240632576,98.12409812409813,,
797,0.09681508549278088,97.11399711399712,,
798,0.07444261269264923,97.25829725829726,,
799,0.07270788471516851,97.25829725829726,,
800,0.0849590370381818,97.11399711399712,0.6676885354054438,83.11688311688312
801,0.07049238741462364,97.40259740259741,,
802,0.07671047132972945,97.69119769119769,,
803,0.09212245597822584,96.53679653679653,,
804,0.06596714710819429,98.12409812409813,,
805,0.06438458477876662,97.97979797979798,,
806,0.07402244786507467,97.69119769119769,,
807,0.11373009846625046,95.95959595959596,,
808,0.06749968874183568,97.83549783549783,,
809,0.06909275949431361,97.83549783549783,,
810,0.11429820033421936,95.95959595959596,,
811,0.0626023889910349,98.12409812409813,,
812,0.07193543023630052,97.54689754689754,,
813,0.0897002306109641,96.96969696969697,,
814,0.08320216772725744,96.82539682539682,,
815,0.06036582410679579,98.26839826839827,,
816,0.06310519552688836,97.54689754689754,,
817,0.06514802658970738,97.69119769119769,,
818,0.08281446819047177,96.96969696969697,,
819,0.06276462388894834,98.26839826839827,,
820,0.09897786641660083,95.81529581529581,,
821,0.08225363244075452,97.25829725829726,,
822,0.08157571244979489,96.3924963924964,,
823,0.06771220580350829,97.69119769119769,,
824,0.09801508515366336,97.11399711399712,,
825,0.0758294149545192,96.96969696969697,0.663458018333881,83.11688311688312
826,0.07135733012459408,97.25829725829726,,
827,0.08119284055191717,97.40259740259741,,
828,0.07178894527159728,97.69119769119769,,
829,0.07733329384847078,96.82539682539682,,
830,0.07888488807348591,96.96969696969697,,
831,0.07028577260775183,97.97979797979798,,
832,0.0741258340556454,96.96969696969697,,
833,0.08319720761611261,97.40259740259741,,
834,0.0758900352549426,97.69119769119769,,
835,0.07600378613881391,97.40259740259741,,
836,0.05900188762772544,98.7012987012987,,
837,0.06547415917698955,98.55699855699855,,
838,0.07241855347683603,97.69119769119769,,
839,0.05064521364405386,98.41269841269842,,
840,0.08128314012658888,96.96969696969697,,
841,0.06810492853140848,97.40259740259741,,
842,0.06785772329070007,97.25829725829726,,
843,0.0802571451530656,96.68109668109668,,
844,0.06830699896792011,97.83549783549783,,
845,0.0695219747345857,97.69119769119769,,
846,0.06102531531108019,98.26839826839827,,
847,0.06896522490665166,96.82539682539682,,
848,0.07322958244540302,97.25829725829726,,
849,0.07827232571649345,97.40259740259741,,
850,0.07780821005911882,96.96969696969697,0.7214213687104064,84.41558441558442
851,0.06042271726704263,98.41269841269842,,
852,0.05927549901016562,97.83549783549783,,
853,0.06662648198064444,98.41269841269842,,
854,0.063834591071198,97.97979797979798,,
855,0.08047356196339168,96.96969696969697,,
856,0.06032601787142918,98.55699855699855,,
857,0.0710309384361146,98.12409812409813,,
858,0.05986387249281224,97.97979797979798,,
859,0.07647836118033438,97.40259740259741,,
860,0.07158005436207739,97.97979797979798,,
861,0.06725121550745779,97.40259740259741,,
862,0.06406610941280534,98.26839826839827,,
863,0.09372719735294194,97.40259740259741,,
864,0.07205423222744534,96.82539682539682,,
865,0.07268821320148429,97.54689754689754,,
866,0.08740690595525469,97.69119769119769,,
867,0.06820057655051673,97.54689754689754,,
868,0.08570777823003534,97.11399711399712,,
869,0.06877759979261035,97.54689754689754,,
870,0.07275604627338408,97.25829725829726,,
871,0.059871740189003306,97.69119769119769,,
872,0.06815000105759726,97.69119769119769,,
873,0.08137792518461852,97.54689754689754,,
874,0.05661634707885215,98.26839826839827,,
875,0.06951853418978089,97.25829725829726,0.7409074859959739,85.71428571428571
876,0.08727882605134732,97.25829725829726,,
877,0.07637538357730551,96.82539682539682,,
878,0.06587943227217138,98.12409812409813,,
879,0.08333849328506905,97.25829725829726,,
880,0.06823352888807074,97.83549783549783,,
881,0.08493970453330621,97.11399711399712,,
882,0.06872234190982185,97.83549783549783,,
883,0.07694433345681145,97.25829725829726,,
884,0.0673218433776115,97.40259740259741,,
885,0.06862623983131343,97.69119769119769,,
886,0.0757822548650732,97.11399711399712,,
887,0.06880988633800379,97.97979797979798,,
888,0.07838151854977635,97.11399711399712,,
889,0.08254294175504133,97.54689754689754,,
890,0.0895187087641951,96.3924963924964,,
891,0.07881569447403056,96.82539682539682,,
892,0.07506819856104482,97.54689754689754,,
893,0.08135081214284656,98.26839826839827,,
894,0.07498610930310355,96.96969696969697,,
895,0.06978590809706528,98.41269841269842,,
896,0.0780019329008774,97.69119769119769,,
897,0.07909224359762101,96.82539682539682,,
898,0.061630149458771544,97.97979797979798,,
899,0.0671849058562027,97.25829725829726,,
900,0.060808936314063325,97.83549783549783,0.6808590916070071,84.41558441558442
901,0.06277369496427358,97.40259740259741,,
902,0.07813836600024032,96.53679653679653,,
903,0.09700686091618964,96.96969696969697,,
904,0.06157765294442975,98.26839826839827,,
905,0.055064285399787354,97.83549783549783,,
906,0.08549916143240179,97.54689754689754,,
907,0.06870098920568588,97.69119769119769,,
908,0.06285996297387807,97.97979797979798,,
909,0.07028484320829785,97.83549783549783,,
910,0.08031734954270106,96.3924963924964,,
911,0.07647898420422711,97.25829725829726,,
912,0.069483658044853,97.54689754689754,,
913,0.0659204652643135,97.40259740259741,,
914,0.09324274626849448,98.26839826839827,,
915,0.06932373561534874,97.54689754689754,,
916,0.06641279490803023,97.83549783549783,,
917,0.04916433198175905,98.84559884559884,,
918,0.05676239091919098,98.26839826839827,,
919,0.07215630722703872,97.40259740259741,,
920,0.06019967486161314,97.69119769119769,,
921,0.049803297047491195,98.55699855699855,,
922,0.044408530561309875,98.7012987012987,,
923,0.06574625521495099,97.69119769119769,,
924,0.0687204877014237,97.54689754689754,,
925,0.05876790475326054,98.12409812409813,0.7406179123110586,81.81818181818181
926,0.05167931732741785,97.97979797979798,,
927,0.06348036877907716,97.97979797979798,,
928,0.06641797785893147,97.69119769119769,,
929,0.07748500320893775,97.11399711399712,,
930,0.06297072847199077,97.25829725829726,,
931,0.04787252283276127,98.41269841269842,,
932,0.06818964605422591,97.69119769119769,,
933,0.05566037739499393,98.26839826839827,,
934,0.06922180625955436,97.97979797979798,,
935,0.05621026699870696,97.97979797979798,,
936,0.06364598007762501,98.12409812409813,,
937,0.06586046211292475,97.97979797979798,,
938,0.06015415709266845,98.26839826839827,,
939,0.049276929472345986,98.55699855699855,,
940,0.06188166896244148,97.54689754689754,,
941,0.05031026548384803,98.26839826839827,,
942,0.08080753909819054,97.25829725829726,,
943,0.04646820865617191,99.13419913419914,,
944,0.06867206818592153,98.26839826839827,,
945,0.05867847821757219,97.97979797979798,,
946,0.05588404472492646,98.26839826839827,,
947,0.08553465327159279,97.83549783549783,,
948,0.047963760261024745,98.55699855699855,,
949,0.05238916901508709,98.7012987012987,,
950,0.056041966004950275,98.7012987012987,0.7758374717328456,81.81818181818181
951,0.0693514007388938,97.69119769119769,,
952,0.06409484588152703,97.69119769119769,,
953,0.07726241472011908,97.54689754689754,,
954,0.05705786724057463,98.7012987012987,,
955,0.05280078171845122,97.83549783549783,,
956,0.04948792215114161,98.41269841269842,,
957,0.057894451294395355,98.26839826839827,,
958,0.0639606419020745,97.11399711399712,,
959,0.07288395489793147,97.83549783549783,,
960,0.06663438276633685,97.83549783549783,,
961,0.041677809918425644,98.84559884559884,,
962,0.07376860998151623,97.40259740259741,,
963,0.05971564599789926,98.12409812409813,,
964,0.07063348995572732,97.97979797979798,,
965,0.05574144456807045,98.26839826839827,,
966,0.07280918285465687,97.83549783549783,,
967,0.05739226891601412,97.97979797979798,,
968,0.07002156484780718,97.40259740259741,,
969,0.05301774109338785,98.7012987012987,,
970,0.07081560377692764,97.25829725829726,,
971,0.06243667315589573,97.69119769119769,,
972,0.054315310138550524,98.84559884559884,,
973,0.07511699458914789,97.11399711399712,,
974,0.06438945130610363,97.69119769119769,,
975,0.070018697626792,97.69119769119769,0.7900870117274198,83.11688311688312
976,0.11232404248495982,96.96969696969697,,
977,0.07855916488781292,97.69119769119769,,
978,0.06668082233733386,98.26839826839827,,
979,0.0423473950171733,98.84559884559884,,
980,0.06526626218458267,97.25829725829726,,
981,0.05364109669351066,98.12409812409813,,
982,0.06825583933114812,97.40259740259741,,
983,0.06622304510416578,97.69119769119769,,
984,0.06316089458107776,98.41269841269842,,
985,0.06476215550254004,98.12409812409813,,
986,0.047739339264010285,98.55699855699855,,
987,0.08242347251091685,97.25829725829726,,
988,0.0640526358481674,97.54689754689754,,
989,0.055746717351619124,98.26839826839827,,
990,0.04983569881146368,98.7012987012987,,
991,0.0677154240498123,97.69119769119769,,
992,0.05407230071669705,97.97979797979798,,
993,0.04390922956394427,98.41269841269842,,
994,0.06722056908696933,97.83549783549783,,
995,0.07099944463303423,97.83549783549783,,
996,0.08573321055776802,97.54689754689754,,
997,0.0469987824139915,98.7012987012987,,
998,0.07250090524511248,96.68109668109668,,
999,0.05312081546257929,98.26839826839827,,
1000,0.04517328717260693,98.41269841269842,0.8489595558736232,81.81818181818181
