epoch,train_loss,train_acc,test_loss,test_acc
1,0.6882291870543795,54.54545454545455,0.6848099076902712,55.84415584415584
2,0.6860874407907241,55.55555555555556,,
3,0.6861950899615432,55.84415584415584,,
4,0.6817209113383877,55.84415584415584,,
5,0.6803612661740136,55.98845598845599,,
6,0.6749907443017671,55.699855699855696,,
7,0.6729273630083037,56.42135642135642,,
8,0.6644825743562387,55.84415584415584,,
9,0.6652827481342772,60.60606060606061,,
10,0.6602368435646376,59.45165945165945,,
11,0.6546517318977422,60.60606060606061,,
12,0.6477928897003075,61.904761904761905,,
13,0.6455051815526998,61.904761904761905,,
14,0.635547485014405,62.914862914862915,,
15,0.6300585069525637,64.7907647907648,,
16,0.6226790223114762,64.7907647907648,,
17,0.6179330001489769,65.36796536796537,,
18,0.6184856717032615,66.52236652236653,,
19,0.6120179934591098,66.08946608946609,,
20,0.6059940162331167,68.25396825396825,,
21,0.5977906772240588,67.96536796536796,,
22,0.5933177736070421,70.12987012987013,,
23,0.5925241529855549,68.3982683982684,,
24,0.5832919256511705,69.84126984126983,,
25,0.566384936479951,71.71717171717172,0.5844862662352525,67.53246753246754
26,0.5714561178484693,71.86147186147186,,
27,0.559906286508662,70.70707070707071,,
28,0.5603663068141084,73.3044733044733,,
29,0.549902232780429,73.88167388167388,,
30,0.557054592030389,70.12987012987013,,
31,0.5527858460620368,72.72727272727273,,
32,0.5619974214621265,71.86147186147186,,
33,0.5470957731959796,73.73737373737374,,
34,0.5531878108414049,73.44877344877345,,
35,0.5441959872734323,74.17027417027417,,
36,0.5386550838469083,72.2943722943723,,
37,0.5380802638774999,74.60317460317461,,
38,0.5254247708066029,75.61327561327562,,
39,0.540835396896021,73.73737373737374,,
40,0.5300986063256752,74.60317460317461,,
41,0.5318902884898936,75.46897546897547,,
42,0.5237007058114028,74.60317460317461,,
43,0.535950149636592,72.2943722943723,,
44,0.5077944967309805,76.04617604617604,,
45,0.5139402941535905,75.03607503607503,,
46,0.5158436618756078,74.89177489177489,,
47,0.5229504350115899,75.03607503607503,,
48,0.5009611854477535,76.33477633477634,,
49,0.5067795462164528,76.91197691197691,,
50,0.5053925748167272,76.91197691197691,0.5236697951694588,76.62337662337663
51,0.503373985080664,74.31457431457432,,
52,0.49699708634468726,76.33477633477634,,
53,0.4989136312087033,77.2005772005772,,
54,0.47847360166120323,78.35497835497836,,
55,0.49021111241666787,77.77777777777777,,
56,0.48097530828753937,77.34487734487735,,
57,0.48512722962518445,75.9018759018759,,
58,0.48060467628517534,79.79797979797979,,
59,0.49926121668382123,75.03607503607503,,
60,0.4981555815726992,75.75757575757575,,
61,0.4787451244707919,78.78787878787878,,
62,0.4810204100385201,77.34487734487735,,
63,0.4847487634394592,79.22077922077922,,
64,0.4720955829083662,77.77777777777777,,
65,0.48717546463012695,78.21067821067821,,
66,0.47661656472418046,78.06637806637806,,
67,0.4718411158001612,78.21067821067821,,
68,0.448264772198761,79.50937950937951,,
69,0.46366242021537274,79.50937950937951,,
70,0.46359289599875525,79.50937950937951,,
71,0.4629816215963763,76.19047619047619,,
72,0.4436121986369894,80.37518037518038,,
73,0.46608023674457105,79.50937950937951,,
74,0.4691621163190701,79.22077922077922,,
75,0.45151229806964704,79.36507936507937,0.500322984797614,77.92207792207792
76,0.458486507465313,77.63347763347764,,
77,0.46367536831383754,78.64357864357865,,
78,0.4751969561260328,77.63347763347764,,
79,0.4499985204974638,79.50937950937951,,
80,0.46593973621145474,79.79797979797979,,
81,0.43940054282309515,80.8080808080808,,
82,0.452726219983672,78.4992784992785,,
83,0.4418182022342778,80.66378066378067,,
84,0.45723598657920417,79.50937950937951,,
85,0.4258640188331384,81.96248196248196,,
86,0.45644778417474435,79.65367965367966,,
87,0.45369419042682235,80.95238095238095,,
88,0.44015741331064684,80.66378066378067,,
89,0.431021682498775,80.37518037518038,,
90,0.4118456422508537,82.53968253968254,,
91,0.4505465575110861,79.22077922077922,,
92,0.44051366872429676,80.23088023088023,,
93,0.42630291789297076,82.53968253968254,,
94,0.4438049830227531,80.95238095238095,,
95,0.4269084439305172,81.24098124098124,,
96,0.44039304973759175,80.37518037518038,,
97,0.43590565051609304,80.66378066378067,,
98,0.42315430584407987,81.24098124098124,,
99,0.432593426061055,80.08658008658008,,
100,0.4259957554192426,81.96248196248196,0.4721534356668398,77.92207792207792
101,0.4172632213020738,82.25108225108225,,
102,0.41965222049069095,81.0966810966811,,
103,0.4242963531144598,79.94227994227994,,
104,0.4154633640124856,81.96248196248196,,
105,0.42076410953100624,80.95238095238095,,
106,0.40644993257815015,83.69408369408369,,
107,0.40239277054135075,82.25108225108225,,
108,0.3903899062505532,83.83838383838383,,
109,0.39976247297909007,82.53968253968254,,
110,0.39628219776511364,81.81818181818181,,
111,0.416944844446657,81.38528138528139,,
112,0.41495308783147244,81.0966810966811,,
113,0.3968675681006857,84.12698412698413,,
114,0.40815478103157415,81.0966810966811,,
115,0.4251948632891216,81.24098124098124,,
116,0.3867574290279702,83.26118326118326,,
117,0.39373820250340524,80.8080808080808,,
118,0.37310306489209594,86.14718614718615,,
119,0.377045959578276,85.13708513708514,,
120,0.40855189463362895,81.38528138528139,,
121,0.3927731645571721,83.11688311688312,,
122,0.3924192953075337,82.3953823953824,,
123,0.38692635768677763,82.25108225108225,,
124,0.37240626184541253,84.12698412698413,,
125,0.38972326341215496,83.40548340548341,0.45589546685094956,77.92207792207792
126,0.40928278186104516,82.25108225108225,,
127,0.3800387978338748,84.27128427128427,,
128,0.39751226797936456,82.25108225108225,,
129,0.38478814994359944,82.1067821067821,,
130,0.3955147128557574,82.25108225108225,,
131,0.4182931590303886,81.96248196248196,,
132,0.39063741604315083,82.3953823953824,,
133,0.4004402881404882,82.25108225108225,,
134,0.4054179994918911,82.53968253968254,,
135,0.3836412046206806,82.82828282828282,,
136,0.3861180583463947,82.97258297258297,,
137,0.403657360854431,82.53968253968254,,
138,0.3896559322035158,82.68398268398268,,
139,0.39058989319751447,83.98268398268398,,
140,0.38500141774937185,82.25108225108225,,
141,0.3788055445552732,83.54978354978356,,
142,0.3839982497743714,83.26118326118326,,
143,0.3627166813414162,85.28138528138528,,
144,0.3758337040140171,83.11688311688312,,
145,0.3919274457777389,82.3953823953824,,
146,0.3910026751340382,83.54978354978356,,
147,0.3766886887139228,84.27128427128427,,
148,0.36142495863709445,84.99278499278499,,
149,0.374352102843886,83.40548340548341,,
150,0.3766236435111295,83.40548340548341,0.43814331602740597,77.92207792207792
151,0.38094660128005825,83.98268398268398,,
152,0.36739791243795367,84.7041847041847,,
153,0.3913410090952897,84.41558441558442,,
154,0.3849756291504374,81.81818181818181,,
155,0.37036059609739297,83.98268398268398,,
156,0.36767429117688544,84.55988455988457,,
157,0.3837211995585828,84.99278499278499,,
158,0.37539165076755343,84.55988455988457,,
159,0.37597374693311825,82.68398268398268,,
160,0.3757769190645837,84.27128427128427,,
161,0.3645709100223723,84.27128427128427,,
162,0.4025826882490348,83.11688311688312,,
163,0.3661811108368988,82.97258297258297,,
164,0.3652285362820949,83.54978354978356,,
165,0.3867225640951985,82.82828282828282,,
166,0.34199422434466914,84.99278499278499,,
167,0.3819440626048767,83.11688311688312,,
168,0.3555657178120524,86.14718614718615,,
169,0.36599932724951323,84.84848484848484,,
170,0.3499617131069453,85.28138528138528,,
171,0.3730569385948979,82.82828282828282,,
172,0.360228126957303,83.83838383838383,,
173,0.36388035563679483,84.27128427128427,,
174,0.3666180355466289,85.28138528138528,,
175,0.37416615630641126,86.14718614718615,0.4657547040419145,77.92207792207792
176,0.36692124751395133,82.97258297258297,,
177,0.36238662913592173,83.40548340548341,,
178,0.3569857534908113,84.84848484848484,,
179,0.37650299229233125,83.40548340548341,,
180,0.3787915732867446,84.7041847041847,,
181,0.3541289486238279,83.98268398268398,,
182,0.3531514507695538,85.13708513708514,,
183,0.35797465466833733,84.41558441558442,,
184,0.37810763798406805,82.97258297258297,,
185,0.36471175278764095,84.84848484848484,,
186,0.36078543872888297,84.99278499278499,,
187,0.3447240981532726,85.71428571428571,,
188,0.33774289346876596,85.13708513708514,,
189,0.35724757110745703,84.7041847041847,,
190,0.3117620393225297,85.56998556998558,,
191,0.36753889208748225,85.28138528138528,,
192,0.33734732468492884,86.43578643578644,,
193,0.33903244903249313,85.56998556998558,,
194,0.3483662848262732,84.41558441558442,,
195,0.32942323070583923,87.01298701298701,,
196,0.35968629372928396,83.40548340548341,,
197,0.39010697629028585,84.12698412698413,,
198,0.37078420639382126,84.27128427128427,,
199,0.3520857869589656,85.13708513708514,,
200,0.3420123379424881,84.99278499278499,0.4316061332628324,79.22077922077922
201,0.33561987007335153,85.28138528138528,,
202,0.3333529590442239,83.54978354978356,,
203,0.35573369376415126,83.54978354978356,,
204,0.3412245853466733,86.43578643578644,,
205,0.33915654130140255,85.28138528138528,,
206,0.3255357884225391,85.71428571428571,,
207,0.3422429146618726,83.40548340548341,,
208,0.34167553457561856,85.71428571428571,,
209,0.31875627551329944,85.85858585858585,,
210,0.3434146167696984,84.99278499278499,,
211,0.3497514788593565,85.13708513708514,,
212,0.3482650255228018,84.7041847041847,,
213,0.30639053722050624,87.5901875901876,,
214,0.3201616573299336,85.13708513708514,,
215,0.3297509504603101,85.42568542568543,,
216,0.34344842088170896,85.13708513708514,,
217,0.3412187487360031,85.71428571428571,,
218,0.34231120279169014,86.58008658008659,,
219,0.3340989710792663,84.84848484848484,,
220,0.34554602385298344,85.85858585858585,,
221,0.33650875990352935,85.28138528138528,,
222,0.3487812201096038,85.42568542568543,,
223,0.3164460426801211,87.87878787878788,,
224,0.347362013821306,85.56998556998558,,
225,0.3212030502237799,86.58008658008659,0.444022282377466,80.51948051948052
226,0.31906779757653825,86.2914862914863,,
227,0.33023754218095996,87.87878787878788,,
228,0.3519557923680604,86.58008658008659,,
229,0.3439916946843245,84.41558441558442,,
230,0.3315226800341971,86.43578643578644,,
231,0.34429347362439183,84.99278499278499,,
232,0.32313511639962467,87.15728715728716,,
233,0.3140637201578242,87.87878787878788,,
234,0.31133198338153556,86.43578643578644,,
235,0.3418488188325542,86.002886002886,,
236,0.31966243854160775,86.14718614718615,,
237,0.32782674702300996,86.72438672438672,,
238,0.3264155402500048,84.41558441558442,,
239,0.3417906007295391,86.002886002886,,
240,0.3123365414865089,86.002886002886,,
241,0.3336116944642638,86.14718614718615,,
242,0.31563203064738243,86.43578643578644,,
243,0.3120917156016156,86.72438672438672,,
244,0.33651434764545546,84.84848484848484,,
245,0.31080654220491605,86.86868686868686,,
246,0.32329023925084915,85.56998556998558,,
247,0.32329162250005494,86.58008658008659,,
248,0.3114761461599221,86.14718614718615,,
249,0.3350522561377777,85.56998556998558,,
250,0.33041414551834697,86.002886002886,0.46279697526584973,80.51948051948052
251,0.32391928196555436,86.86868686868686,,
252,0.3141029030729682,85.56998556998558,,
253,0.32663362839865306,84.7041847041847,,
254,0.32799236394712245,85.85858585858585,,
255,0.3054363103139968,86.2914862914863,,
256,0.3237023867053903,88.74458874458874,,
257,0.32053039823947704,86.2914862914863,,
258,0.32506071145056303,86.14718614718615,,
259,0.3241281607880393,87.3015873015873,,
260,0.327988617864006,86.72438672438672,,
261,0.31499395176531775,83.98268398268398,,
262,0.3155752784676022,87.15728715728716,,
263,0.33091952691518556,87.5901875901876,,
264,0.3178405619372881,85.13708513708514,,
265,0.3175276821051841,87.15728715728716,,
266,0.31033364252266604,86.002886002886,,
267,0.31249098658217667,86.86868686868686,,
268,0.29248296479126074,87.87878787878788,,
269,0.30823063512815196,86.86868686868686,,
270,0.3141575027337838,87.01298701298701,,
271,0.2982717055778999,89.32178932178932,,
272,0.30410802949214566,87.5901875901876,,
273,0.2917851792355464,87.5901875901876,,
274,0.3280486731990247,86.002886002886,,
275,0.3127384751841619,88.31168831168831,0.4464727895600455,80.51948051948052
276,0.3145403082752641,85.13708513708514,,
277,0.30384663934315437,86.72438672438672,,
278,0.29079726432997083,87.5901875901876,,
279,0.32608266690850773,84.84848484848484,,
280,0.279699325432509,88.60028860028861,,
281,0.3126682447535651,87.15728715728716,,
282,0.30145392371785074,86.58008658008659,,
283,0.31707396901187096,85.71428571428571,,
284,0.3001589246986576,88.88888888888889,,
285,0.31323535931746854,86.14718614718615,,
286,0.3108305004768041,86.72438672438672,,
287,0.3030040557422335,87.01298701298701,,
288,0.30959969685879274,87.73448773448773,,
289,0.32312932244971027,86.2914862914863,,
290,0.28872308700545696,87.87878787878788,,
291,0.30763103676392745,85.56998556998558,,
292,0.2825298712711142,88.02308802308802,,
293,0.32291661787772763,87.3015873015873,,
294,0.2986253152075956,88.31168831168831,,
295,0.3079710868099895,87.3015873015873,,
296,0.3079984627158783,87.15728715728716,,
297,0.3114919463793437,87.3015873015873,,
298,0.30227524558187047,87.01298701298701,,
299,0.29284834309143765,86.72438672438672,,
300,0.3018047143886616,88.02308802308802,0.4712921590000004,79.22077922077922
301,0.2901849720901225,88.74458874458874,,
302,0.307160643293572,87.73448773448773,,
303,0.28149141588424365,87.44588744588745,,
304,0.2934540914852726,86.86868686868686,,
305,0.30347156146216014,88.88888888888889,,
306,0.27888576482109523,88.45598845598846,,
307,0.3083315846680907,87.15728715728716,,
308,0.3031610838348559,87.3015873015873,,
309,0.29435025794165476,89.46608946608947,,
310,0.3207744362657892,86.14718614718615,,
311,0.271883551864569,89.75468975468975,,
312,0.28443391298576864,89.32178932178932,,
313,0.31985093438178086,84.84848484848484,,
314,0.2902061969772906,87.44588744588745,,
315,0.2956199743616977,87.73448773448773,,
316,0.2968147533796566,88.16738816738817,,
317,0.27813443442615765,88.02308802308802,,
318,0.31560434308575,86.72438672438672,,
319,0.286512149532808,87.87878787878788,,
320,0.28970366860450947,87.87878787878788,,
321,0.30910553887464953,87.44588744588745,,
322,0.2916967533797585,87.01298701298701,,
323,0.29277929921686907,87.01298701298701,,
324,0.2964529035959667,86.86868686868686,,
325,0.28051765708180215,88.60028860028861,0.5068108052402348,77.92207792207792
326,0.2787219867819831,87.15728715728716,,
327,0.29477385606772627,88.60028860028861,,
328,0.29777808627180896,88.02308802308802,,
329,0.2780275300123647,88.45598845598846,,
330,0.2663042801627177,88.88888888888889,,
331,0.2879621184620506,88.74458874458874,,
332,0.28719510462721015,88.45598845598846,,
333,0.26520859737158853,88.16738816738817,,
334,0.277445350793791,88.31168831168831,,
335,0.28638259122554016,87.15728715728716,,
336,0.27565244420782314,88.45598845598846,,
337,0.2838775382671521,89.03318903318903,,
338,0.2780594610720658,87.73448773448773,,
339,0.27178998996771087,88.45598845598846,,
340,0.29081823548885305,88.02308802308802,,
341,0.26791999392308197,88.60028860028861,,
342,0.2688107894139544,88.02308802308802,,
343,0.25549126718553455,89.46608946608947,,
344,0.29499555993045734,87.44588744588745,,
345,0.28095888239996775,89.6103896103896,,
346,0.2898581779708422,88.02308802308802,,
347,0.2762990201706494,88.45598845598846,,
348,0.2736535386046634,87.87878787878788,,
349,0.28743012995602935,88.60028860028861,,
350,0.277808266886729,88.45598845598846,0.4685856502551537,79.22077922077922
351,0.2917870760695071,88.60028860028861,,
352,0.28873714095070246,87.44588744588745,,
353,0.2528894015548893,90.33189033189034,,
354,0.2831296771549731,89.17748917748918,,
355,0.2641446852322781,89.75468975468975,,
356,0.2730104409771048,89.03318903318903,,
357,0.29818715946412877,88.16738816738817,,
358,0.31326592278170895,87.44588744588745,,
359,0.28405824730449597,88.88888888888889,,
360,0.28312292822984736,88.74458874458874,,
361,0.27024581219898847,88.88888888888889,,
362,0.28468682729836664,88.16738816738817,,
363,0.2801603446963202,88.02308802308802,,
364,0.2767977840112573,87.87878787878788,,
365,0.26860993403893013,89.17748917748918,,
366,0.26771960604242434,87.44588744588745,,
367,0.279433566103938,88.16738816738817,,
368,0.2667653604503318,89.6103896103896,,
369,0.25589827735186654,90.33189033189034,,
370,0.2608926747891982,88.02308802308802,,
371,0.2789603591954381,89.17748917748918,,
372,0.2618632768354719,89.6103896103896,,
373,0.26908477732285446,89.6103896103896,,
374,0.2633126744030186,89.17748917748918,,
375,0.25946071146198507,88.74458874458874,0.5227580000827838,81.81818181818181
376,0.2687821438076434,89.03318903318903,,
377,0.2544448378067168,89.8989898989899,,
378,0.24439254001019492,90.33189033189034,,
379,0.2588843493084027,89.32178932178932,,
380,0.27533648888786116,87.87878787878788,,
381,0.2856994443190046,89.46608946608947,,
382,0.25050483654759836,88.74458874458874,,
383,0.28201711332643187,87.73448773448773,,
384,0.27725400695037017,88.74458874458874,,
385,0.2541202370179508,89.32178932178932,,
386,0.2603609220032052,88.31168831168831,,
387,0.25803512713265797,90.33189033189034,,
388,0.2894374865280601,88.16738816738817,,
389,0.26679439586822434,89.75468975468975,,
390,0.25551664111074085,88.88888888888889,,
391,0.24972359216832496,89.75468975468975,,
392,0.25944684740440843,88.60028860028861,,
393,0.25187008318317916,90.9090909090909,,
394,0.2690843706910228,88.74458874458874,,
395,0.27409232853983045,88.45598845598846,,
396,0.2511614981452796,89.32178932178932,,
397,0.26187065578620844,87.87878787878788,,
398,0.2416788437235751,89.8989898989899,,
399,0.2376171804609753,90.47619047619048,,
400,0.2426562367536633,89.6103896103896,0.49362646952852024,81.81818181818181
401,0.2718306357554371,88.45598845598846,,
402,0.2691680969613971,87.73448773448773,,
403,0.26031671981575855,88.88888888888889,,
404,0.2738025722565589,90.18759018759019,,
405,0.28349170314543176,89.6103896103896,,
406,0.24533934321410383,90.18759018759019,,
407,0.25612030688990417,88.74458874458874,,
408,0.24326971928020577,90.47619047619048,,
409,0.22962051463376565,91.48629148629149,,
410,0.2564157226040938,88.31168831168831,,
411,0.26854422458408544,89.32178932178932,,
412,0.26993119901564905,88.02308802308802,,
413,0.24968934828928882,90.33189033189034,,
414,0.2692837772721594,90.76479076479076,,
415,0.2768276221566386,87.73448773448773,,
416,0.267138776153025,89.03318903318903,,
417,0.2565098326615613,90.18759018759019,,
418,0.26949921589006076,88.88888888888889,,
419,0.24021950480225798,90.47619047619048,,
420,0.26357621595284986,90.18759018759019,,
421,0.255732177913963,88.88888888888889,,
422,0.26802462769449187,90.04329004329004,,
423,0.27811793533582535,87.73448773448773,,
424,0.2665836176744959,88.02308802308802,,
425,0.24487024945614141,90.18759018759019,0.5469229736111381,79.22077922077922
426,0.22197215976180107,92.35209235209236,,
427,0.2593392882211212,88.88888888888889,,
428,0.26056015422677925,89.03318903318903,,
429,0.26023904164288125,88.60028860028861,,
430,0.27245295021957133,89.6103896103896,,
431,0.26240867222585373,88.74458874458874,,
432,0.27435461142534473,89.75468975468975,,
433,0.2710546264572749,89.32178932178932,,
434,0.26014671060774064,89.03318903318903,,
435,0.24188654819264213,89.32178932178932,,
436,0.2596639288753314,88.88888888888889,,
437,0.22968084751097498,91.91919191919192,,
438,0.2216638493933547,92.20779220779221,,
439,0.2397857050358991,89.32178932178932,,
440,0.2521833505099814,89.46608946608947,,
441,0.2388947158406823,90.18759018759019,,
442,0.24344432534593524,89.8989898989899,,
443,0.24355580141663036,89.75468975468975,,
444,0.25595176297348815,90.76479076479076,,
445,0.2363476763556014,91.05339105339105,,
446,0.2357154261928272,90.33189033189034,,
447,0.25113091795217424,89.75468975468975,,
448,0.2464927067875346,89.03318903318903,,
449,0.2476567378721884,89.75468975468975,,
450,0.24365035282154965,88.88888888888889,0.5529060607606714,76.62337662337663
451,0.26927798073658177,88.88888888888889,,
452,0.24631216808142944,90.33189033189034,,
453,0.23078259666588744,90.47619047619048,,
454,0.24108839680106092,89.32178932178932,,
455,0.21796839638017818,92.20779220779221,,
456,0.2633038738159218,89.32178932178932,,
457,0.2634699270666764,89.46608946608947,,
458,0.24120196519475995,90.04329004329004,,
459,0.25064204312850213,90.18759018759019,,
460,0.2592726145987903,90.47619047619048,,
461,0.25307399163514505,90.33189033189034,,
462,0.24270643197096786,90.04329004329004,,
463,0.2262754420202876,91.48629148629149,,
464,0.23661680734604812,89.46608946608947,,
465,0.2550315566651233,89.8989898989899,,
466,0.2540679898053881,90.33189033189034,,
467,0.24043880646018928,90.47619047619048,,
468,0.2311561813881731,90.62049062049061,,
469,0.2525990279592993,89.8989898989899,,
470,0.2237937225278838,90.9090909090909,,
471,0.2512409347304362,88.02308802308802,,
472,0.254217509239439,89.75468975468975,,
473,0.23014770609475835,90.76479076479076,,
474,0.24504732034165105,90.47619047619048,,
475,0.2506278905947659,90.18759018759019,0.5553471972415973,81.81818181818181
476,0.25608528777419404,90.04329004329004,,
477,0.23119621409955307,89.8989898989899,,
478,0.23741500400017523,90.18759018759019,,
479,0.25718657081089324,88.74458874458874,,
480,0.25503911234943727,89.8989898989899,,
481,0.22077738911902578,90.18759018759019,,
482,0.2547509568766254,89.32178932178932,,
483,0.23623825405411217,89.6103896103896,,
484,0.25162612478024343,89.75468975468975,,
485,0.24299746308835898,91.05339105339105,,
486,0.2549524227692107,89.46608946608947,,
487,0.23329302952403114,90.76479076479076,,
488,0.2414444304389871,90.76479076479076,,
489,0.2372495191431138,89.46608946608947,,
490,0.22076252296373441,90.47619047619048,,
491,0.24353242793468513,89.6103896103896,,
492,0.2306565580860017,91.05339105339105,,
493,0.2440891641731042,89.32178932178932,,
494,0.23210355566349553,90.9090909090909,,
495,0.24069937835696112,89.8989898989899,,
496,0.22002050437538484,91.48629148629149,,
497,0.27419248111492284,88.02308802308802,,
498,0.23585768846034316,90.9090909090909,,
499,0.23281337791707093,91.77489177489177,,
500,0.22624400963342894,91.1976911976912,0.5427406592802568,76.62337662337663
501,0.2392402496215757,89.03318903318903,,
502,0.2469390020053968,90.47619047619048,,
503,0.22760136468499942,91.48629148629149,,
504,0.23816856596764033,89.8989898989899,,
505,0.22617387652268142,90.18759018759019,,
506,0.2212066984537876,90.47619047619048,,
507,0.2550316348048344,90.04329004329004,,
508,0.23728314016288493,89.8989898989899,,
509,0.21199421586756412,91.63059163059162,,
510,0.2116362364347191,91.1976911976912,,
511,0.22912557344631027,90.04329004329004,,
512,0.22893937252472663,91.05339105339105,,
513,0.23556176098910245,90.18759018759019,,
514,0.2766852330249797,88.16738816738817,,
515,0.2230215822635447,90.47619047619048,,
516,0.22520819482693252,90.18759018759019,,
517,0.22448202670910658,91.91919191919192,,
518,0.20243008093959497,92.78499278499278,,
519,0.22021418209973867,92.4963924963925,,
520,0.2387511031151162,89.6103896103896,,
521,0.2367883419771215,91.34199134199135,,
522,0.22392540856185242,90.47619047619048,,
523,0.24150944487185017,88.74458874458874,,
524,0.22091249315253583,91.63059163059162,,
525,0.21704611134907556,91.1976911976912,0.5423233423914228,80.51948051948052
526,0.21759764359884964,91.1976911976912,,
527,0.23871630602240734,89.46608946608947,,
528,0.24117326712797557,90.9090909090909,,
529,0.21857736288727103,89.8989898989899,,
530,0.20995776035955974,90.9090909090909,,
531,0.22769231705094484,90.76479076479076,,
532,0.20879256407075802,92.06349206349206,,
533,0.22606660032169126,90.76479076479076,,
534,0.23386029515638518,90.33189033189034,,
535,0.2249141118313155,90.62049062049061,,
536,0.21814699621513636,90.47619047619048,,
537,0.21383345871088652,91.34199134199135,,
538,0.22707880407835196,91.1976911976912,,
539,0.20946297825758936,93.36219336219337,,
540,0.2200145423304811,90.62049062049061,,
541,0.20523871212638645,91.1976911976912,,
542,0.23116830677267106,90.76479076479076,,
543,0.25570455705276646,89.75468975468975,,
544,0.2343761705044888,90.33189033189034,,
545,0.2332039186583152,92.06349206349206,,
546,0.20560802973022022,91.77489177489177,,
547,0.21203241773584017,93.79509379509379,,
548,0.21937244411283757,91.05339105339105,,
549,0.2016720815869465,92.4963924963925,,
550,0.26132904640351884,89.46608946608947,0.5189045249641716,79.22077922077922
551,0.20820138451856968,91.48629148629149,,
552,0.2413254655671842,89.46608946608947,,
553,0.2144343801176049,91.1976911976912,,
554,0.20274248481613905,91.77489177489177,,
555,0.21702121398149632,90.18759018759019,,
556,0.23102135999292178,91.77489177489177,,
557,0.2311075763698952,91.48629148629149,,
558,0.20656082511464238,91.63059163059162,,
559,0.24506739319488943,89.75468975468975,,
560,0.22242101914051807,91.77489177489177,,
561,0.19859306845400068,92.64069264069263,,
562,0.214250033638006,91.05339105339105,,
563,0.1924903928631484,92.78499278499278,,
564,0.23816316485576988,90.62049062049061,,
565,0.23943820408670416,89.75468975468975,,
566,0.20336239097954392,91.91919191919192,,
567,0.2190639160111181,90.18759018759019,,
568,0.19884476792416703,92.20779220779221,,
569,0.24676821306670382,90.33189033189034,,
570,0.1982036056413623,91.91919191919192,,
571,0.21830643683639697,91.34199134199135,,
572,0.22992031803034774,90.9090909090909,,
573,0.20292085575808005,91.34199134199135,,
574,0.21437471296536115,91.63059163059162,,
575,0.21965607009226024,91.34199134199135,0.5678435184738853,77.92207792207792
576,0.2141170303026835,92.20779220779221,,
577,0.23279237128460906,89.6103896103896,,
578,0.21144328334114768,91.91919191919192,,
579,0.2138438620436587,92.20779220779221,,
580,0.20397389805936195,91.91919191919192,,
581,0.2151418768855895,91.34199134199135,,
582,0.21394944930661464,91.63059163059162,,
583,0.23357915003148336,90.76479076479076,,
584,0.22962355639511373,91.63059163059162,,
585,0.1996586067765994,92.4963924963925,,
586,0.22549944633314276,90.9090909090909,,
587,0.2074579894542694,92.06349206349206,,
588,0.21161287524139383,91.34199134199135,,
589,0.22185189516147838,90.47619047619048,,
590,0.22587043236172388,91.91919191919192,,
591,0.21723381495492972,91.77489177489177,,
592,0.20189586445194646,92.64069264069263,,
593,0.24749549496569503,89.46608946608947,,
594,0.21696640862875,91.1976911976912,,
595,0.20159164789263131,91.05339105339105,,
596,0.18607074959797604,92.06349206349206,,
597,0.2320127831005947,90.47619047619048,,
598,0.19624172688111083,91.63059163059162,,
599,0.18792328246013082,93.36219336219337,,
600,0.19743960784025177,92.35209235209236,0.5929038594295453,80.51948051948052
601,0.2481827527972699,89.75468975468975,,
602,0.22408929832741983,91.05339105339105,,
603,0.21945558404509638,90.76479076479076,,
604,0.24017482334250667,90.62049062049061,,
605,0.22665805287906446,90.04329004329004,,
606,0.18703094750513763,92.64069264069263,,
607,0.21617827657475788,91.1976911976912,,
608,0.20453932902857683,91.48629148629149,,
609,0.20938106457478384,91.34199134199135,,
610,0.2208422129116361,91.34199134199135,,
611,0.21265163628483919,90.9090909090909,,
612,0.2325571339582812,89.75468975468975,,
613,0.21073698197608387,92.06349206349206,,
614,0.2052294353687058,91.63059163059162,,
615,0.1933185609667676,92.35209235209236,,
616,0.20078003526938082,93.07359307359307,,
617,0.1923647319728678,92.35209235209236,,
618,0.1914028369460099,92.64069264069263,,
619,0.22538377970328063,89.8989898989899,,
620,0.19069137051163987,91.1976911976912,,
621,0.20256641635088005,91.1976911976912,,
622,0.19618412634306742,91.77489177489177,,
623,0.22109554213448865,91.77489177489177,,
624,0.20304124530345674,92.35209235209236,,
625,0.21773420540887384,91.34199134199135,0.6349695549382792,81.81818181818181
626,0.2165048647440787,91.34199134199135,,
627,0.21072749265645663,90.04329004329004,,
628,0.2093327972516525,91.48629148629149,,
629,0.2129495596300816,91.91919191919192,,
630,0.20345823426998366,91.34199134199135,,
631,0.18808045535527093,93.07359307359307,,
632,0.2047646005529088,91.05339105339105,,
633,0.2106807640018573,90.76479076479076,,
634,0.18209225588718705,93.50649350649351,,
635,0.18999774575577497,92.64069264069263,,
636,0.2175787649457417,90.9090909090909,,
637,0.19111169500526412,92.92929292929293,,
638,0.21217432224647306,91.48629148629149,,
639,0.21831788348429132,91.05339105339105,,
640,0.19616321335623274,91.77489177489177,,
641,0.1891760949964647,92.64069264069263,,
642,0.20700124604963466,91.91919191919192,,
643,0.19063469877232722,91.91919191919192,,
644,0.19169245211980043,91.91919191919192,,
645,0.17538474063680629,92.92929292929293,,
646,0.22003121446135412,91.34199134199135,,
647,0.2197728394429921,91.63059163059162,,
648,0.21342720265512344,91.77489177489177,,
649,0.19798328371619078,91.48629148629149,,
650,0.21729464620394795,91.05339105339105,0.5997834677820082,75.32467532467533
651,0.20967358417411217,91.48629148629149,,
652,0.19605681295056449,90.9090909090909,,
653,0.2254154516590966,89.8989898989899,,
654,0.19864537202434623,91.48629148629149,,
655,0.19564281750206997,92.78499278499278,,
656,0.19196786470227428,93.21789321789322,,
657,0.18716869263507932,92.78499278499278,,
658,0.2152211656216075,90.76479076479076,,
659,0.21761205281745133,90.33189033189034,,
660,0.2181541259154613,91.63059163059162,,
661,0.18352469396582585,93.36219336219337,,
662,0.20099244343081937,90.9090909090909,,
663,0.20465576213826175,92.78499278499278,,
664,0.2108635369790409,90.18759018759019,,
665,0.1998629407664226,90.76479076479076,,
666,0.20137230146670926,92.20779220779221,,
667,0.20305730411608153,91.63059163059162,,
668,0.21233397694291145,90.9090909090909,,
669,0.19713505779219653,92.78499278499278,,
670,0.20255936232689783,91.91919191919192,,
671,0.1866913823488815,93.79509379509379,,
672,0.2110985697261871,91.63059163059162,,
673,0.16994529573077505,93.65079365079364,,
674,0.20631620062120032,92.20779220779221,,
675,0.1705821327338315,93.50649350649351,0.6427910196316706,75.32467532467533
676,0.20061562241499903,92.78499278499278,,
677,0.19012302426892785,91.77489177489177,,
678,0.18289525185484562,92.78499278499278,,
679,0.20336993441286713,92.06349206349206,,
680,0.18651715785393982,92.35209235209236,,
681,0.20211848002941782,92.78499278499278,,
682,0.18495250006258745,92.4963924963925,,
683,0.18089257711799975,93.21789321789322,,
684,0.18991167787435595,91.77489177489177,,
685,0.18726390701265735,93.21789321789322,,
686,0.17680489358963905,94.08369408369408,,
687,0.1807411905232962,91.77489177489177,,
688,0.1817472449800841,92.35209235209236,,
689,0.17689204390172836,93.65079365079364,,
690,0.19073243191919972,92.92929292929293,,
691,0.18689757723140854,92.06349206349206,,
692,0.21262944686464416,91.91919191919192,,
693,0.18411084728968607,92.78499278499278,,
694,0.18229050441909833,93.07359307359307,,
695,0.20848914937883573,91.63059163059162,,
696,0.18317748865308872,92.92929292929293,,
697,0.1888879049047935,92.35209235209236,,
698,0.17767527075901005,93.21789321789322,,
699,0.17494143696144374,93.21789321789322,,
700,0.18326933834631895,92.92929292929293,0.7242453175705749,79.22077922077922
701,0.188313259233816,91.91919191919192,,
702,0.17234144367890442,93.07359307359307,,
703,0.1953324740712261,91.77489177489177,,
704,0.17160130806084492,93.65079365079364,,
705,0.18122258532958974,92.20779220779221,,
706,0.20212730947575527,91.34199134199135,,
707,0.16880425582888495,93.36219336219337,,
708,0.19864319998120505,92.20779220779221,,
709,0.1940681000077535,92.06349206349206,,
710,0.17433910054647905,93.21789321789322,,
711,0.18318195626257905,92.20779220779221,,
712,0.18183700510261722,92.06349206349206,,
713,0.1946850714057383,91.63059163059162,,
714,0.2176607038938638,91.05339105339105,,
715,0.17934487755766507,93.07359307359307,,
716,0.20274837370988782,90.9090909090909,,
717,0.1838826055881738,92.35209235209236,,
718,0.19067736830116178,93.36219336219337,,
719,0.18478527376468565,91.48629148629149,,
720,0.20366390090312106,92.4963924963925,,
721,0.19659986861942477,93.21789321789322,,
722,0.20670205322705737,92.06349206349206,,
723,0.1770767303127231,92.4963924963925,,
724,0.17585327045139984,93.07359307359307,,
725,0.18238828822561845,92.64069264069263,0.638833025833229,79.22077922077922
726,0.183985193784135,92.64069264069263,,
727,0.1847318700295678,92.06349206349206,,
728,0.1671708242599496,92.78499278499278,,
729,0.17055208109114936,93.79509379509379,,
730,0.1785109718941679,94.08369408369408,,
731,0.17467204254513008,92.35209235209236,,
732,0.17879817190796438,93.93939393939394,,
733,0.20460683558926437,91.1976911976912,,
734,0.20673861983534578,91.34199134199135,,
735,0.17073898689893932,92.92929292929293,,
736,0.19996015024391603,91.77489177489177,,
737,0.19109442615061784,93.36219336219337,,
738,0.1797140728343617,93.36219336219337,,
739,0.1591598704392776,93.93939393939394,,
740,0.1860666818282477,93.50649350649351,,
741,0.18649932759051974,92.92929292929293,,
742,0.19327311796199365,93.07359307359307,,
743,0.18260468570528954,92.78499278499278,,
744,0.19081341198942534,92.35209235209236,,
745,0.18104482948790812,92.92929292929293,,
746,0.18102862017194257,92.64069264069263,,
747,0.16390509268572664,93.50649350649351,,
748,0.20965531365179912,90.9090909090909,,
749,0.1854013368852899,92.20779220779221,,
750,0.20540680673946377,91.48629148629149,0.6444829013440516,80.51948051948052
751,0.17433028552589822,92.35209235209236,,
752,0.16919129855210474,93.65079365079364,,
753,0.19550659577395837,93.07359307359307,,
754,0.1805630037493864,93.21789321789322,,
755,0.19899733571005074,93.07359307359307,,
756,0.18841178439998352,92.92929292929293,,
757,0.1984502063771175,91.63059163059162,,
758,0.17928019905675197,92.78499278499278,,
759,0.18374258140034833,93.36219336219337,,
760,0.1651825848939959,93.36219336219337,,
761,0.1865552823028351,92.35209235209236,,
762,0.1774394079548284,93.36219336219337,,
763,0.17052827700219972,93.50649350649351,,
764,0.1818660203230394,93.93939393939394,,
765,0.17844996778737932,91.77489177489177,,
766,0.18936682638710883,92.92929292929293,,
767,0.19278505704705678,91.77489177489177,,
768,0.19504199850858117,92.92929292929293,,
769,0.1731485352457688,93.50649350649351,,
770,0.17895969638834783,92.92929292929293,,
771,0.1926503282424713,92.35209235209236,,
772,0.18271980657205952,93.50649350649351,,
773,0.1815700392315398,92.64069264069263,,
774,0.19598313912340745,91.05339105339105,,
775,0.17420028533899423,91.91919191919192,0.6946323343685695,81.81818181818181
776,0.187320640406062,93.50649350649351,,
777,0.1790792238488686,93.21789321789322,,
778,0.17849422866696274,93.21789321789322,,
779,0.15792077874380445,94.51659451659452,,
780,0.16009727183831546,93.36219336219337,,
781,0.17817139324515757,92.35209235209236,,
782,0.15232663671519678,94.08369408369408,,
783,0.21205902895198067,90.9090909090909,,
784,0.18551576890126623,92.35209235209236,,
785,0.17307525597953521,93.07359307359307,,
786,0.19018738172830096,92.20779220779221,,
787,0.16562168822660076,93.21789321789322,,
788,0.181925675417814,92.20779220779221,,
789,0.197121567024297,92.06349206349206,,
790,0.19340203340134407,92.06349206349206,,
791,0.16568279096488484,94.37229437229438,,
792,0.1899972196781274,92.35209235209236,,
793,0.18288048939906398,91.63059163059162,,
794,0.15305766672928095,94.37229437229438,,
795,0.18701337069315999,92.78499278499278,,
796,0.1456945204212294,94.94949494949495,,
797,0.1749773124464039,92.64069264069263,,
798,0.1788921770552364,91.91919191919192,,
799,0.17543535429613416,92.78499278499278,,
800,0.15614129170710905,93.65079365079364,0.6999811019216265,77.92207792207792
801,0.18305931849913162,92.64069264069263,,
802,0.16286948938218374,93.36219336219337,,
803,0.18409360452819867,92.92929292929293,,
804,0.16277064552361314,93.50649350649351,,
805,0.15927442782498025,93.50649350649351,,
806,0.16756400278894415,92.64069264069263,,
807,0.18642098554457076,93.21789321789322,,
808,0.16645465750370878,94.08369408369408,,
809,0.18367638094095354,92.64069264069263,,
810,0.17517558733622232,93.36219336219337,,
811,0.2072653171389994,92.64069264069263,,
812,0.16579454484655057,93.93939393939394,,
813,0.1764919718278607,93.21789321789322,,
814,0.16491843067636394,93.65079365079364,,
815,0.1659332753480298,93.36219336219337,,
816,0.18820698691523952,93.07359307359307,,
817,0.16591530582164704,92.78499278499278,,
818,0.1566096797120498,92.4963924963925,,
819,0.17638970173970617,93.07359307359307,,
820,0.181981663296233,92.20779220779221,,
821,0.18928954329927591,92.35209235209236,,
822,0.17172838166936652,93.79509379509379,,
823,0.18340547164044682,92.64069264069263,,
824,0.16523924568858842,93.21789321789322,,
825,0.16322123328113625,93.93939393939394,0.6831958665476217,79.22077922077922
826,0.17045600142485823,93.07359307359307,,
827,0.16677965370005515,93.79509379509379,,
828,0.1692374769657377,94.08369408369408,,
829,0.17077917592199507,93.93939393939394,,
830,0.15909967391951949,94.37229437229438,,
831,0.160242237741985,94.37229437229438,,
832,0.17556091042136046,92.78499278499278,,
833,0.19065653243536212,92.35209235209236,,
834,0.18692360491549642,92.64069264069263,,
835,0.19615660351936262,92.35209235209236,,
836,0.14905564280557426,94.8051948051948,,
837,0.16918207026620277,92.06349206349206,,
838,0.16541377163101068,92.35209235209236,,
839,0.16731822871284568,93.21789321789322,,
840,0.18555323512953253,92.4963924963925,,
841,0.15775588688052233,93.21789321789322,,
842,0.15757164862248804,93.93939393939394,,
843,0.15955344701527174,94.66089466089466,,
844,0.17053018390936145,93.36219336219337,,
845,0.1549598423261491,93.21789321789322,,
846,0.14477461878570472,95.23809523809524,,
847,0.1636098741753965,92.4963924963925,,
848,0.15847847976252802,93.07359307359307,,
849,0.15427989925527985,93.21789321789322,,
850,0.18658370651643386,92.92929292929293,0.7261746471578424,83.11688311688312
851,0.1558236935085914,94.08369408369408,,
852,0.18049535217787668,92.4963924963925,,
853,0.1930692484669527,93.07359307359307,,
854,0.17010106800008473,93.65079365079364,,
855,0.1761815333349192,91.34199134199135,,
856,0.16815112851570868,92.78499278499278,,
857,0.14883602239073268,94.37229437229438,,
858,0.17266650024860625,93.50649350649351,,
859,0.16729442540873352,93.21789321789322,,
860,0.16487072461955304,93.36219336219337,,
861,0.19179960382191133,92.78499278499278,,
862,0.18057959893393138,92.64069264069263,,
863,0.1465630666131065,94.94949494949495,,
864,0.14266161128212018,93.93939393939394,,
865,0.20875872689881195,91.63059163059162,,
866,0.1762778725458946,91.63059163059162,,
867,0.17093707068485958,92.64069264069263,,
868,0.1640664574731824,93.50649350649351,,
869,0.15892106169918055,93.79509379509379,,
870,0.1852940698120673,92.92929292929293,,
871,0.14583871172792123,94.94949494949495,,
872,0.13712309656226618,95.52669552669553,,
873,0.18049912149466918,92.78499278499278,,
874,0.1549512508068594,94.22799422799423,,
875,0.15615275008724883,94.8051948051948,0.7631247554506574,81.81818181818181
876,0.156784792268087,92.92929292929293,,
877,0.16846381755704315,94.22799422799423,,
878,0.18589579848328022,91.48629148629149,,
879,0.16146315681555914,93.21789321789322,,
880,0.18141532458182194,92.92929292929293,,
881,0.1620009798465181,93.65079365079364,,
882,0.17080201769804026,92.78499278499278,,
883,0.17162531867343125,93.79509379509379,,
884,0.1735079251821079,93.79509379509379,,
885,0.17260579906758808,93.50649350649351,,
886,0.16265262012648118,93.65079365079364,,
887,0.1635227075644902,92.92929292929293,,
888,0.16479789884425,92.92929292929293,,
889,0.15313246869986064,93.93939393939394,,
890,0.14092517256048678,94.94949494949495,,
891,0.1566695183472544,94.51659451659452,,
892,0.15208572805637405,94.22799422799423,,
893,0.16855710569344473,92.92929292929293,,
894,0.16968509511320623,93.36219336219337,,
895,0.16670513026212028,93.50649350649351,,
896,0.14995217386735293,94.66089466089466,,
897,0.1660130022021083,92.4963924963925,,
898,0.16804602184207926,92.4963924963925,,
899,0.14629406726033484,94.66089466089466,,
900,0.15662433647834206,94.66089466089466,0.7778256024633136,76.62337662337663
901,0.20083403314260864,91.34199134199135,,
902,0.15277178393082874,93.36219336219337,,
903,0.14818057802292112,94.51659451659452,,
904,0.14561176926843702,93.65079365079364,,
905,0.18371140252675158,92.78499278499278,,
906,0.16246089914445408,94.22799422799423,,
907,0.15392479945033316,94.8051948051948,,
908,0.16179724634607548,94.22799422799423,,
909,0.16432378128235475,92.64069264069263,,
910,0.17147502140377205,92.20779220779221,,
911,0.13918346646114174,94.94949494949495,,
912,0.16651474616744302,93.79509379509379,,
913,0.17322042853199215,92.4963924963925,,
914,0.14784416152113272,94.94949494949495,,
915,0.16870978685340496,94.37229437229438,,
916,0.1527539730975122,93.50649350649351,,
917,0.17445440540926108,94.37229437229438,,
918,0.14893619292570226,93.79509379509379,,
919,0.15381740475500816,94.37229437229438,,
920,0.13801726211308574,94.22799422799423,,
921,0.169192725875849,93.07359307359307,,
922,0.15013307393199266,94.66089466089466,,
923,0.15949425518426716,94.22799422799423,,
924,0.1770304970464751,93.07359307359307,,
925,0.18491602158993697,93.21789321789322,0.8007688909382015,76.62337662337663
926,0.17027446438395788,93.36219336219337,,
927,0.15890583757735777,94.51659451659452,,
928,0.15357671086750332,94.37229437229438,,
929,0.17254612288433752,94.08369408369408,,
930,0.1680890153099018,93.79509379509379,,
931,0.1495185639429703,94.66089466089466,,
932,0.13872661995251284,95.23809523809524,,
933,0.170034994778437,93.79509379509379,,
934,0.18396361032433667,93.07359307359307,,
935,0.15447934451385323,93.50649350649351,,
936,0.1552254832410193,94.37229437229438,,
937,0.17313980772381737,92.78499278499278,,
938,0.1345117101486111,94.51659451659452,,
939,0.1530779179664057,92.78499278499278,,
940,0.1584413055475656,93.79509379509379,,
941,0.16576661042664817,93.36219336219337,,
942,0.14720460231729057,95.0937950937951,,
943,0.16248105607744076,94.08369408369408,,
944,0.17103671456161687,93.65079365079364,,
945,0.16803382309140236,94.37229437229438,,
946,0.15915305271723226,92.92929292929293,,
947,0.14129475377430176,94.37229437229438,,
948,0.13035064423927153,95.67099567099567,,
949,0.1560616927143471,93.36219336219337,,
950,0.1694369301815419,92.06349206349206,0.8505891081574676,74.02597402597402
951,0.1841619959985367,92.4963924963925,,
952,0.15067744792625845,94.37229437229438,,
953,0.14452539721952717,94.51659451659452,,
954,0.16587442074718242,93.21789321789322,,
955,0.1746192868223782,93.65079365079364,,
956,0.14762271378958036,94.37229437229438,,
957,0.14245967764789064,94.8051948051948,,
958,0.13287084359369236,94.8051948051948,,
959,0.14369319291169852,94.66089466089466,,
960,0.16152860101683314,93.93939393939394,,
961,0.16872630261884622,93.21789321789322,,
962,0.13501091506789084,93.79509379509379,,
963,0.13720260633620693,95.0937950937951,,
964,0.16122541936789067,94.08369408369408,,
965,0.14857993678097084,94.51659451659452,,
966,0.14764445338500354,94.51659451659452,,
967,0.18336161947439586,92.92929292929293,,
968,0.15145311920673815,94.08369408369408,,
969,0.14264751901960304,94.37229437229438,,
970,0.1569339899402676,93.79509379509379,,
971,0.16583690441295526,94.22799422799423,,
972,0.18031539985154788,93.36219336219337,,
973,0.17888953714143663,93.50649350649351,,
974,0.16609867908393838,93.36219336219337,,
975,0.1623152331764908,92.64069264069263,0.8028046450057587,74.02597402597402
976,0.14988803594745426,93.50649350649351,,
977,0.17317928586687362,92.78499278499278,,
978,0.18222964248615942,92.92929292929293,,
979,0.13605849623873637,95.23809523809524,,
980,0.1370398523514448,95.67099567099567,,
981,0.13002583002443135,94.94949494949495,,
982,0.14894245924027624,93.65079365079364,,
983,0.14815346455849265,94.8051948051948,,
984,0.154166120261728,93.36219336219337,,
985,0.15469459413105963,94.37229437229438,,
986,0.16148941296261626,93.21789321789322,,
987,0.17613270529377856,93.79509379509379,,
988,0.1446634613375299,94.08369408369408,,
989,0.16219441723857952,93.36219336219337,,
990,0.13840783219166305,94.66089466089466,,
991,0.1595972474741052,93.93939393939394,,
992,0.14075348830498313,93.93939393939394,,
993,0.16696142587235566,93.65079365079364,,
994,0.13873043471697347,93.65079365079364,,
995,0.1516723870010818,92.64069264069263,,
996,0.1262581031635124,95.23809523809524,,
997,0.1583326728140981,93.93939393939394,,
998,0.1294782498870233,94.51659451659452,,
999,0.17286940671041243,93.50649350649351,,
1000,0.1447953681151072,94.37229437229438,0.8089367708602508,75.32467532467533
