epoch,train_loss,train_acc,test_loss,test_acc
1,2.242954988284738,15.45338441890166,2.2405977303745184,27.862595419847327
2,2.0318743826329024,30.140485312899106,,
3,1.8189829625998115,40.485312899106006,,
4,1.6174936096634749,51.724137931034484,,
5,1.4630947936692609,57.59897828863346,,
6,1.3438026174274897,58.62068965517241,,
7,1.2286619104797052,63.47381864623244,,
8,1.1267937551208536,65.77266922094508,,
9,1.0774779919615802,67.30523627075351,,
10,1.0054235603769772,70.75351213282248,,
11,0.9612144415253728,71.39208173690932,,
12,0.8920395548620748,74.58492975734355,,
13,0.8344136449873524,76.75606641123882,,
14,0.7977009248916217,76.24521072796935,,
15,0.7643812091718993,79.94891443167305,,
16,0.7214344920326466,80.84291187739464,,
17,0.7092941980404568,79.56577266922095,,
18,0.6529631513440898,81.22605363984674,,
19,0.6808533794121724,79.69348659003832,,
20,0.6213311543866592,83.14176245210729,,
21,0.5933334579260717,83.14176245210729,,
22,0.5986639881651673,81.8646232439336,,
23,0.5544241546518806,84.2911877394636,,
24,0.5602508414903059,83.39719029374201,,
25,0.5489977382761004,84.54661558109834,0.5768109464463387,86.25954198473282
26,0.5512919617795397,86.07918263090677,,
27,0.5156212730730478,86.07918263090677,,
28,0.5211620294271301,85.69604086845466,,
29,0.5027606276031655,86.84546615581098,,
30,0.48808467909598563,87.86717752234993,,
31,0.4711521388165948,86.97318007662835,,
32,0.46746923655537964,87.61174968071519,,
33,0.4456825344650834,89.39974457215837,,
34,0.4286302889520029,89.52745849297574,,
35,0.41056628078031965,89.78288633461047,,
36,0.41839695585794073,88.63346104725414,,
37,0.38014043176767925,90.29374201787995,,
38,0.4135646614915719,88.12260536398468,,
39,0.37768247103173463,90.16602809706258,,
40,0.39065028230349225,89.01660280970626,,
41,0.3812650457348099,89.14431673052363,,
42,0.3603892040892122,91.06002554278416,,
43,0.3545008826605966,91.82630906768838,,
44,0.3592117436011328,90.42145593869732,,
45,0.3361480628660051,90.29374201787995,,
46,0.3259044777540107,90.93231162196679,,
47,0.31568508451545224,91.69859514687101,,
48,0.2951230272593626,93.10344827586206,,
49,0.321219838822634,91.44316730523627,,
50,0.2959011418989944,92.33716475095785,0.45274894749959005,87.78625954198473
