epoch,train_loss,train_acc,test_loss,test_acc
1,0.6886845338568199,54.256854256854254,0.6847479041520651,55.84415584415584
2,0.686077052896673,56.132756132756136,,
3,0.6864454893322735,55.84415584415584,,
4,0.6831102966402172,55.98845598845599,,
5,0.6800263019179197,55.98845598845599,,
6,0.6760424275762935,55.41125541125541,,
7,0.6730842859542043,56.56565656565657,,
8,0.6649467408399046,56.132756132756136,,
9,0.6669609974989127,58.44155844155844,,
10,0.6616597038842899,58.297258297258296,,
11,0.6573318680815539,59.16305916305916,,
12,0.649378707570603,58.58585858585859,,
13,0.6507225240463819,62.914862914862915,,
14,0.6390780729132813,61.18326118326118,,
15,0.6344146968482377,62.914862914862915,,
16,0.6269561955423066,64.5021645021645,,
17,0.6245439118809171,64.64646464646465,,
18,0.62733708831655,64.35786435786436,,
19,0.6161432364286282,66.95526695526695,,
20,0.6129943606313345,66.08946608946609,,
21,0.6064216695822678,67.53246753246754,,
22,0.5945753347650062,67.53246753246754,,
23,0.5967286153445168,68.3982683982684,,
24,0.5957846230414695,68.97546897546897,,
25,0.5811812277308102,68.25396825396825,0.5937652773671336,67.53246753246754
26,0.5813714887672689,70.41847041847042,,
27,0.5702822505997717,70.85137085137085,,
28,0.5686832816913875,70.99567099567099,,
29,0.5716612335149344,72.005772005772,,
30,0.5704967983357319,70.41847041847042,,
31,0.5583381654552223,72.72727272727273,,
32,0.5691125619979132,70.99567099567099,,
33,0.5585071646633947,72.87157287157287,,
34,0.561086738866473,72.58297258297259,,
35,0.5473136102826393,72.2943722943723,,
36,0.5443733419260766,74.02597402597402,,
37,0.5442914872458486,72.72727272727273,,
38,0.5408391541388816,75.18037518037518,,
39,0.553636920228493,72.72727272727273,,
40,0.5447132799016449,74.02597402597402,,
41,0.5361144978762705,74.17027417027417,,
42,0.5262706844407586,76.76767676767676,,
43,0.5467964526034709,72.87157287157287,,
44,0.5313150719302729,75.18037518037518,,
45,0.5358199801451888,74.17027417027417,,
46,0.5160337116295125,76.04617604617604,,
47,0.533185566959615,75.18037518037518,,
48,0.5094122177508659,77.4891774891775,,
49,0.5085725044619297,75.46897546897547,,
50,0.5040483921981305,75.75757575757575,0.5306734102112907,72.72727272727273
51,0.5190146710793522,75.03607503607503,,
52,0.4954210960159742,75.75757575757575,,
53,0.5064298429272391,75.32467532467533,,
54,0.4948613417441023,76.91197691197691,,
55,0.5046282143131823,77.34487734487735,,
56,0.5018426616814573,76.62337662337663,,
57,0.5155097168761414,74.60317460317461,,
58,0.4909477277321561,77.2005772005772,,
59,0.5033692149028806,74.74747474747475,,
60,0.5120285937366376,75.46897546897547,,
61,0.49177048844520493,77.63347763347764,,
62,0.4791215302968266,78.4992784992785,,
63,0.49725702065238014,76.47907647907648,,
64,0.49655661696479436,74.60317460317461,,
65,0.49631205226951863,78.35497835497836,,
66,0.46947168615817336,79.79797979797979,,
67,0.4928212711993406,75.9018759018759,,
68,0.4658702454955719,77.4891774891775,,
69,0.4646358961322779,77.92207792207792,,
70,0.49934653251890154,75.75757575757575,,
71,0.47094836353739616,76.91197691197691,,
72,0.47172277314322336,77.2005772005772,,
73,0.46750259597236116,80.66378066378067,,
74,0.4787145804877233,77.05627705627705,,
75,0.4635995375301587,79.22077922077922,0.5160520997914401,76.62337662337663
76,0.47207164936423474,76.62337662337663,,
77,0.46222848435501,80.23088023088023,,
78,0.4742201045478061,78.93217893217893,,
79,0.47531817397599957,77.05627705627705,,
80,0.46106846310187555,78.35497835497836,,
81,0.46243354342716597,79.50937950937951,,
82,0.4634081632285923,80.66378066378067,,
83,0.45089884250711054,80.08658008658008,,
84,0.44954849214092824,80.23088023088023,,
85,0.4500334918240964,81.38528138528139,,
86,0.45718722460417865,79.65367965367966,,
87,0.4401559854224647,80.66378066378067,,
88,0.44602017876561756,79.65367965367966,,
89,0.43596490353216855,80.23088023088023,,
90,0.43277088482830606,79.07647907647907,,
91,0.44166017782808553,80.66378066378067,,
92,0.443855767384236,78.64357864357865,,
93,0.42617153166692495,81.38528138528139,,
94,0.4480500088367627,80.23088023088023,,
95,0.4377204446823566,79.79797979797979,,
96,0.44566249666791974,79.07647907647907,,
97,0.43701345038104367,79.94227994227994,,
98,0.4283430716520092,80.8080808080808,,
99,0.4290962882372208,80.8080808080808,,
100,0.4322681791682608,80.23088023088023,0.5010285482004091,77.92207792207792
101,0.4312693975532554,79.65367965367966,,
102,0.4263521767883934,81.24098124098124,,
103,0.42553324203986626,80.23088023088023,,
104,0.41782896476562575,81.24098124098124,,
105,0.429328027655724,81.38528138528139,,
106,0.41765060569300794,80.66378066378067,,
107,0.3948427162537671,82.53968253968254,,
108,0.3911426183465239,81.52958152958153,,
109,0.3952258090350191,82.25108225108225,,
110,0.40374575411258495,82.82828282828282,,
111,0.43106653374682946,78.93217893217893,,
112,0.40785393381187585,82.53968253968254,,
113,0.4181856315631371,82.3953823953824,,
114,0.4040502134339634,82.1067821067821,,
115,0.4202203896826652,79.07647907647907,,
116,0.40467936867071264,81.24098124098124,,
117,0.39152800314354175,82.53968253968254,,
118,0.39398651033596904,82.82828282828282,,
119,0.38589849932627246,83.40548340548341,,
120,0.40216375329406745,83.26118326118326,,
121,0.4047508008380301,81.38528138528139,,
122,0.4183728111985786,80.95238095238095,,
123,0.38100563725093745,82.3953823953824,,
124,0.37854575078724784,83.11688311688312,,
125,0.3956912240768752,83.11688311688312,0.46842433647675946,80.51948051948052
126,0.39050969064321694,82.53968253968254,,
127,0.39062599639957946,84.12698412698413,,
128,0.38977544390277946,82.82828282828282,,
129,0.3814977150716823,83.98268398268398,,
130,0.40114177159244707,82.53968253968254,,
131,0.41000499521499073,82.1067821067821,,
132,0.4024828811959615,82.82828282828282,,
133,0.40066898849619415,82.1067821067821,,
134,0.40978084859393893,83.26118326118326,,
135,0.3826671407852338,82.97258297258297,,
136,0.36120902760892376,83.40548340548341,,
137,0.38707432722804525,83.26118326118326,,
138,0.38241901395984884,81.96248196248196,,
139,0.406918301425799,82.53968253968254,,
140,0.3862030737069778,84.12698412698413,,
141,0.37909437941782403,82.97258297258297,,
142,0.37619235045122035,83.83838383838383,,
143,0.36072206105848753,83.40548340548341,,
144,0.356568446385568,83.83838383838383,,
145,0.38428118545427636,81.96248196248196,,
146,0.3715585071545143,84.27128427128427,,
147,0.3874805658668667,83.83838383838383,,
148,0.3740434576078583,82.97258297258297,,
149,0.3484897143052942,83.98268398268398,,
150,0.38074907664784796,83.40548340548341,0.4675099392990013,81.81818181818181
151,0.3655879572356418,82.97258297258297,,
152,0.38258231146339045,83.98268398268398,,
153,0.3914036477282966,82.97258297258297,,
154,0.3966007143216044,81.24098124098124,,
155,0.36746773009778444,82.3953823953824,,
156,0.3514900786794109,84.84848484848484,,
157,0.390392035116881,82.68398268398268,,
158,0.36934976952760595,83.54978354978356,,
159,0.37991784951645574,83.26118326118326,,
160,0.3816483591671114,83.26118326118326,,
161,0.3583882350426216,85.56998556998558,,
162,0.3859348087255745,83.83838383838383,,
163,0.37211965379260836,83.54978354978356,,
164,0.348077751599349,85.28138528138528,,
165,0.3877171324015008,82.53968253968254,,
166,0.34144954355420143,86.58008658008659,,
167,0.3529460636138228,84.12698412698413,,
168,0.37060535994787064,84.55988455988457,,
169,0.3471790442047009,84.55988455988457,,
170,0.3485015879289756,84.12698412698413,,
171,0.37328065736125216,83.54978354978356,,
172,0.3859722718359932,82.53968253968254,,
173,0.3744613778754574,84.12698412698413,,
174,0.3409791645119545,86.43578643578644,,
175,0.3521205995764051,86.14718614718615,0.5043426786924338,79.22077922077922
176,0.3470537070760135,83.98268398268398,,
177,0.3713144072120496,84.41558441558442,,
178,0.35413920049371483,85.42568542568543,,
179,0.37668704758646854,83.26118326118326,,
180,0.3592944238092992,83.69408369408369,,
181,0.3499703880340334,83.83838383838383,,
182,0.3578172620240744,84.7041847041847,,
183,0.34727038397933496,85.56998556998558,,
184,0.3905195491482513,83.11688311688312,,
185,0.3721227910353508,83.11688311688312,,
186,0.35750478553393533,83.69408369408369,,
187,0.32705479215233874,85.56998556998558,,
188,0.33773069438480197,84.55988455988457,,
189,0.3723448920473564,84.27128427128427,,
190,0.3449361755218341,84.12698412698413,,
191,0.36834380095139213,85.42568542568543,,
192,0.36875447011613227,82.68398268398268,,
193,0.35235496112622566,85.56998556998558,,
194,0.3540956052436801,85.42568542568543,,
195,0.33670101262102226,86.002886002886,,
196,0.35912888184254305,85.13708513708514,,
197,0.3764248185859614,84.12698412698413,,
198,0.35215377218451505,84.27128427128427,,
199,0.3629942692461468,86.002886002886,,
200,0.3475704576502975,85.28138528138528,0.5029259138293081,79.22077922077922
201,0.3120477664866317,86.43578643578644,,
202,0.3351764026142302,85.13708513708514,,
203,0.3643644658518044,83.69408369408369,,
204,0.3509038820927277,85.13708513708514,,
205,0.33726258393145914,86.14718614718615,,
206,0.34593557124530083,85.42568542568543,,
207,0.34511022439594735,85.42568542568543,,
208,0.3357537956249834,85.42568542568543,,
209,0.3426971746471537,85.42568542568543,,
210,0.3611509772864255,82.68398268398268,,
211,0.3443805102318052,85.56998556998558,,
212,0.36045795614585213,84.27128427128427,,
213,0.3319868329498503,85.71428571428571,,
214,0.32231873660892635,86.14718614718615,,
215,0.32134314765145766,84.84848484848484,,
216,0.3299606870994251,86.43578643578644,,
217,0.3519816618375104,84.12698412698413,,
218,0.35524567750969316,85.42568542568543,,
219,0.34432188878413744,84.84848484848484,,
220,0.32914424271552595,84.84848484848484,,
221,0.3411229011988399,85.13708513708514,,
222,0.3455316387385689,85.71428571428571,,
223,0.3550690658508785,85.28138528138528,,
224,0.34857659882625286,85.71428571428571,,
225,0.3358404947737767,84.55988455988457,0.5287253663137361,80.51948051948052
226,0.32766032453309235,85.28138528138528,,
227,0.3138016012495902,86.86868686868686,,
228,0.3388923134918165,85.85858585858585,,
229,0.3310185648490168,86.002886002886,,
230,0.3268939030032825,85.71428571428571,,
231,0.34685852672114514,86.002886002886,,
232,0.31917317837347714,86.58008658008659,,
233,0.3192751688874645,87.3015873015873,,
234,0.3289378774802578,84.84848484848484,,
235,0.35101692742986595,84.55988455988457,,
236,0.3441459813073256,83.98268398268398,,
237,0.3374750856713299,86.2914862914863,,
238,0.3337910460015224,86.43578643578644,,
239,0.33257567628809553,85.85858585858585,,
240,0.3197397648922637,86.72438672438672,,
241,0.34646363025275834,85.42568542568543,,
242,0.3136623405016862,87.73448773448773,,
243,0.33612448101779946,84.55988455988457,,
244,0.3267687944450764,86.2914862914863,,
245,0.3135756845727111,86.43578643578644,,
246,0.3478505995882538,85.13708513708514,,
247,0.3215587037208276,85.28138528138528,,
248,0.3261029894475813,84.7041847041847,,
249,0.31285499612576345,86.72438672438672,,
250,0.32875496290978934,84.84848484848484,0.5609773416797836,80.51948051948052
251,0.32264795794029427,85.85858585858585,,
252,0.33287352185916763,84.84848484848484,,
253,0.3272102138438782,86.14718614718615,,
254,0.3236801573982486,84.99278499278499,,
255,0.32371292851359984,86.72438672438672,,
256,0.33851939930028213,86.2914862914863,,
257,0.3184959813199862,86.58008658008659,,
258,0.3255516282063714,85.56998556998558,,
259,0.32431973510490353,86.2914862914863,,
260,0.31888387278044894,87.15728715728716,,
261,0.3144903713232511,87.3015873015873,,
262,0.33603987830971915,85.42568542568543,,
263,0.3246157247180719,87.15728715728716,,
264,0.3112534972668382,86.43578643578644,,
265,0.30674649850286617,86.2914862914863,,
266,0.318466398537073,85.85858585858585,,
267,0.3417734302053548,84.99278499278499,,
268,0.30466926467711103,87.73448773448773,,
269,0.3202416096715872,86.002886002886,,
270,0.32831689633676325,86.72438672438672,,
271,0.3271604212159546,86.14718614718615,,
272,0.32222530224278545,85.85858585858585,,
273,0.32257357932100394,86.86868686868686,,
274,0.2941777448117475,87.01298701298701,,
275,0.2910783773376828,86.58008658008659,0.5696261021998021,75.32467532467533
276,0.31238264391604614,84.99278499278499,,
277,0.3191565139082087,86.2914862914863,,
278,0.2928058510218864,87.44588744588745,,
279,0.30685629017253285,87.15728715728716,,
280,0.29212663949482026,86.86868686868686,,
281,0.3194074420873909,87.15728715728716,,
282,0.30507935977085326,86.14718614718615,,
283,0.3197869645998763,85.56998556998558,,
284,0.30958703136633314,87.01298701298701,,
285,0.31980419626612683,85.85858585858585,,
286,0.306169501802794,87.73448773448773,,
287,0.31509587680450596,86.14718614718615,,
288,0.32167542445195185,85.85858585858585,,
289,0.3325058070440141,85.42568542568543,,
290,0.3029890351997309,88.16738816738817,,
291,0.3328863387285029,86.14718614718615,,
292,0.2954531219098475,88.74458874458874,,
293,0.3371250442784242,86.002886002886,,
294,0.30551516138888024,86.43578643578644,,
295,0.29552086684610934,87.73448773448773,,
296,0.29538688407659874,88.60028860028861,,
297,0.2996113747358322,86.72438672438672,,
298,0.3178981922319613,86.72438672438672,,
299,0.2904329279714504,87.01298701298701,,
300,0.30071835686462095,86.14718614718615,0.5996708328073675,79.22077922077922
301,0.3122969596803962,86.86868686868686,,
302,0.31497096004768194,86.86868686868686,,
303,0.3073671663134301,87.01298701298701,,
304,0.296572616735062,86.72438672438672,,
305,0.30828714611554386,88.02308802308802,,
306,0.2862689532930889,87.5901875901876,,
307,0.3045404035635669,85.56998556998558,,
308,0.32465947090418307,85.42568542568543,,
309,0.30788835422989264,88.45598845598846,,
310,0.3360977503450918,84.99278499278499,,
311,0.2974644663271966,86.72438672438672,,
312,0.3016770707838463,86.14718614718615,,
313,0.3074098266392387,85.56998556998558,,
314,0.31378214303699753,86.43578643578644,,
315,0.31596267971641573,85.42568542568543,,
316,0.31310781096827245,86.86868686868686,,
317,0.3075453568502594,86.43578643578644,,
318,0.30755519365937506,85.71428571428571,,
319,0.2848496731655594,87.44588744588745,,
320,0.31019524290276124,86.002886002886,,
321,0.301551082476565,86.58008658008659,,
322,0.30972556214010905,88.31168831168831,,
323,0.30380898073294116,86.43578643578644,,
324,0.32588570576811593,85.85858585858585,,
325,0.3026333518358536,88.02308802308802,0.6086126298873455,79.22077922077922
326,0.305872738920421,86.43578643578644,,
327,0.2890081430582429,87.73448773448773,,
328,0.3176192869613697,86.2914862914863,,
329,0.29933034965142197,87.5901875901876,,
330,0.302386597895519,86.58008658008659,,
331,0.29066459166388664,88.74458874458874,,
332,0.3122221776761362,87.5901875901876,,
333,0.2861370850048024,87.73448773448773,,
334,0.309861118465791,86.86868686868686,,
335,0.29651536170022313,87.5901875901876,,
336,0.30520852303608154,86.86868686868686,,
337,0.2927549849082897,87.5901875901876,,
338,0.29534421932129634,88.02308802308802,,
339,0.29411843202975924,86.14718614718615,,
340,0.32670325963270097,87.5901875901876,,
341,0.271536375042508,88.88888888888889,,
342,0.28016935015825656,88.60028860028861,,
343,0.27740528330228376,88.02308802308802,,
344,0.2915991482796607,86.14718614718615,,
345,0.28791490278890813,87.01298701298701,,
346,0.30825667696081716,86.58008658008659,,
347,0.2808287403456232,89.03318903318903,,
348,0.29346338596092847,86.2914862914863,,
349,0.29236464798020423,88.60028860028861,,
350,0.2862987570346348,88.88888888888889,0.6160707183472522,75.32467532467533
351,0.28858542244499724,87.73448773448773,,
352,0.3035367974234694,87.87878787878788,,
353,0.26963692859976324,88.31168831168831,,
354,0.27568096429926664,88.60028860028861,,
355,0.27645597099440783,89.17748917748918,,
356,0.28179995064095503,88.74458874458874,,
357,0.31331104480945016,86.14718614718615,,
358,0.30722644907915575,86.58008658008659,,
359,0.31060750128816905,87.5901875901876,,
360,0.2861265812128309,88.45598845598846,,
361,0.2937072284175634,87.3015873015873,,
362,0.2743607820112468,88.88888888888889,,
363,0.2897497530795451,86.14718614718615,,
364,0.3202152770243768,86.14718614718615,,
365,0.25441626496989317,89.32178932178932,,
366,0.29313413693447304,86.86868686868686,,
367,0.2717309592004118,90.04329004329004,,
368,0.3104262618565714,87.3015873015873,,
369,0.2818212310903172,87.87878787878788,,
370,0.27474389627339346,88.31168831168831,,
371,0.27401101455888016,88.74458874458874,,
372,0.2828475683174952,88.31168831168831,,
373,0.29166133949078865,86.58008658008659,,
374,0.27634040893070283,87.87878787878788,,
375,0.2854680572065268,87.3015873015873,0.6456128757495385,79.22077922077922
376,0.30407106342038726,87.5901875901876,,
377,0.2720153983709272,89.8989898989899,,
378,0.29079495793985255,88.45598845598846,,
379,0.3119257145049252,86.72438672438672,,
380,0.2994222016131551,86.2914862914863,,
381,0.28641508958298406,87.73448773448773,,
382,0.286787718663484,87.87878787878788,,
383,0.2911933632124038,87.15728715728716,,
384,0.29514749429872716,85.85858585858585,,
385,0.2641391416992804,89.32178932178932,,
386,0.28631434899258923,87.87878787878788,,
387,0.2688225711363907,89.17748917748918,,
388,0.2853525263105464,87.15728715728716,,
389,0.2653641905447449,88.45598845598846,,
390,0.28109311644649093,88.02308802308802,,
391,0.2831884165862938,87.5901875901876,,
392,0.2834834680928812,87.5901875901876,,
393,0.27508511882366726,89.32178932178932,,
394,0.27890876139827275,89.6103896103896,,
395,0.301192143273474,86.72438672438672,,
396,0.26830129894128263,88.16738816738817,,
397,0.2696835989774908,87.44588744588745,,
398,0.27842330575677393,87.73448773448773,,
399,0.26647597648106613,89.17748917748918,,
400,0.26662402652730843,90.04329004329004,0.6355314200574701,76.62337662337663
401,0.27912393109106914,88.02308802308802,,
402,0.2879305180769634,87.44588744588745,,
403,0.26552672703544816,88.60028860028861,,
404,0.31250679613363863,86.58008658008659,,
405,0.28990672092245084,88.16738816738817,,
406,0.2929783129760885,88.02308802308802,,
407,0.2736922935575978,88.16738816738817,,
408,0.27518452873821725,88.16738816738817,,
409,0.252499359037625,90.76479076479076,,
410,0.2657160125941597,88.74458874458874,,
411,0.27568575729109335,88.60028860028861,,
412,0.27507268378314864,87.44588744588745,,
413,0.2649792977225729,90.04329004329004,,
414,0.2799829544410819,88.60028860028861,,
415,0.27503099616127785,88.16738816738817,,
416,0.2712672173890889,88.60028860028861,,
417,0.2707461801399228,88.16738816738817,,
418,0.2643328823880286,89.32178932178932,,
419,0.26358993822362,88.16738816738817,,
420,0.27024141009923874,89.17748917748918,,
421,0.2630762651369169,88.16738816738817,,
422,0.27163281097126557,88.88888888888889,,
423,0.2853952728824698,88.02308802308802,,
424,0.28936986825166844,87.15728715728716,,
425,0.2587169484110364,88.74458874458874,0.682219833522648,79.22077922077922
426,0.2500140155688423,89.6103896103896,,
427,0.2632926977515049,88.31168831168831,,
428,0.278822192661518,86.72438672438672,,
429,0.26851222078177495,87.5901875901876,,
430,0.29984150880686994,87.5901875901876,,
431,0.29310692203853383,87.87878787878788,,
432,0.2758229988563973,89.17748917748918,,
433,0.2767638982116402,88.45598845598846,,
434,0.2720635197035334,88.45598845598846,,
435,0.2622246936200157,88.74458874458874,,
436,0.2537473443180624,88.60028860028861,,
437,0.2652683113345508,88.60028860028861,,
438,0.26024915946682464,89.32178932178932,,
439,0.26650113469422465,89.6103896103896,,
440,0.2909895259709585,86.14718614718615,,
441,0.2643602846934854,89.03318903318903,,
442,0.2719366675589508,88.60028860028861,,
443,0.2637240719614607,89.75468975468975,,
444,0.27528389193880953,88.31168831168831,,
445,0.275492622480764,88.74458874458874,,
446,0.2607364307922374,89.46608946608947,,
447,0.290532002201328,88.31168831168831,,
448,0.24690822780691357,90.33189033189034,,
449,0.2599972307596028,88.31168831168831,,
450,0.2968894890892557,86.58008658008659,0.656390675089576,74.02597402597402
451,0.2759619995005547,88.88888888888889,,
452,0.2630649067966797,90.33189033189034,,
453,0.23816163276697133,90.9090909090909,,
454,0.25687964181019285,89.6103896103896,,
455,0.2548172318230116,88.31168831168831,,
456,0.26475623598346465,88.88888888888889,,
457,0.27487829220071325,88.02308802308802,,
458,0.26550282385270146,88.60028860028861,,
459,0.2658585465444631,87.87878787878788,,
460,0.270800643163756,89.17748917748918,,
461,0.28327077392805877,89.17748917748918,,
462,0.2995745910904108,88.02308802308802,,
463,0.27251347628506745,89.8989898989899,,
464,0.27203623707504326,88.31168831168831,,
465,0.28503635813835554,87.15728715728716,,
466,0.28355297295734133,88.60028860028861,,
467,0.2619977139076285,89.03318903318903,,
468,0.2807568855056859,87.44588744588745,,
469,0.283116177541525,88.88888888888889,,
470,0.241515519062506,91.05339105339105,,
471,0.26732826920986863,88.45598845598846,,
472,0.2773536111068244,89.6103896103896,,
473,0.26808918210507127,89.6103896103896,,
474,0.2537429868142842,88.88888888888889,,
475,0.24984066304448363,90.47619047619048,0.692747827474173,77.92207792207792
476,0.2697874665230749,88.16738816738817,,
477,0.25413082998036307,88.74458874458874,,
478,0.2612611473595769,90.18759018759019,,
479,0.2729825157494772,88.45598845598846,,
480,0.2553900225682004,90.47619047619048,,
481,0.25718293054107294,89.17748917748918,,
482,0.2690794415890224,90.33189033189034,,
483,0.2420458776438219,90.76479076479076,,
484,0.27463192332530606,90.76479076479076,,
485,0.256786912830189,89.32178932178932,,
486,0.26614447378837014,88.16738816738817,,
487,0.2677871252465214,89.6103896103896,,
488,0.2550140312223723,89.32178932178932,,
489,0.285679998513295,88.88888888888889,,
490,0.25630282822453443,90.04329004329004,,
491,0.2640787551305855,88.88888888888889,,
492,0.2510912288921048,90.47619047619048,,
493,0.24961443423880816,90.47619047619048,,
494,0.2531345200229001,89.75468975468975,,
495,0.24369587530993453,89.8989898989899,,
496,0.23343889284099506,90.76479076479076,,
497,0.2886709082350242,87.5901875901876,,
498,0.2581750394461991,87.73448773448773,,
499,0.27069593559611926,89.17748917748918,,
500,0.25790589862915686,90.04329004329004,0.6718418211131901,77.92207792207792
501,0.25943055384473884,88.45598845598846,,
502,0.2527424001590514,90.04329004329004,,
503,0.26134048417361094,89.46608946608947,,
504,0.2762915224783004,88.74458874458874,,
505,0.2607897220321892,88.31168831168831,,
506,0.2417869723978497,90.47619047619048,,
507,0.2491943955335438,90.33189033189034,,
508,0.255295186611309,90.47619047619048,,
509,0.22952810918957983,92.06349206349206,,
510,0.24233289234996014,90.18759018759019,,
511,0.24524247149626413,90.47619047619048,,
512,0.2665296630425887,89.6103896103896,,
513,0.24466676130611315,90.04329004329004,,
514,0.27974176176784704,88.88888888888889,,
515,0.2477082484556311,89.6103896103896,,
516,0.24588552005535252,90.9090909090909,,
517,0.27558870908157823,88.74458874458874,,
518,0.2512172818570942,89.03318903318903,,
519,0.2742882634353156,89.32178932178932,,
520,0.24212616866973227,89.46608946608947,,
521,0.26901895966794753,88.02308802308802,,
522,0.252954053285318,88.31168831168831,,
523,0.25323434079450274,89.46608946608947,,
524,0.25167694434115034,90.04329004329004,,
525,0.2460630757984145,90.9090909090909,0.6799141977514539,75.32467532467533
526,0.25942029228802194,88.88888888888889,,
527,0.25972754068532894,88.45598845598846,,
528,0.278472920860907,88.31168831168831,,
529,0.26205825943279404,89.03318903318903,,
530,0.24950877021229456,89.75468975468975,,
531,0.257064144031654,89.03318903318903,,
532,0.2418039349078444,90.62049062049061,,
533,0.25707721353265284,88.02308802308802,,
534,0.24648271533821858,89.75468975468975,,
535,0.23899083201804375,90.47619047619048,,
536,0.24828454804126965,88.88888888888889,,
537,0.25943282865858697,88.88888888888889,,
538,0.23980993940394163,90.62049062049061,,
539,0.21880980309577389,91.63059163059162,,
540,0.2631007393803259,88.88888888888889,,
541,0.2434757798265069,89.6103896103896,,
542,0.22038078649993584,91.91919191919192,,
543,0.23722546307899564,90.62049062049061,,
544,0.250658671878289,89.8989898989899,,
545,0.2433913920295101,91.91919191919192,,
546,0.26027955693255944,88.31168831168831,,
547,0.24167220907293874,90.76479076479076,,
548,0.24167420177533686,89.17748917748918,,
549,0.23637599773264206,91.1976911976912,,
550,0.23606043808904045,90.62049062049061,0.6867161602168889,79.22077922077922
551,0.23414729752753893,90.04329004329004,,
552,0.25843812860709764,88.02308802308802,,
553,0.22804809887429853,90.76479076479076,,
554,0.22132256475490925,91.48629148629149,,
555,0.250704973559789,89.32178932178932,,
556,0.2727318018631846,87.87878787878788,,
557,0.25412681780508245,89.17748917748918,,
558,0.25605824340301503,89.03318903318903,,
559,0.2569945560604291,90.62049062049061,,
560,0.2670489653520297,89.75468975468975,,
561,0.24056669196697197,91.1976911976912,,
562,0.26570741946219023,88.88888888888889,,
563,0.23113234618525486,91.48629148629149,,
564,0.25007185559252126,90.33189033189034,,
565,0.24922751501998172,88.31168831168831,,
566,0.2526676091882918,89.46608946608947,,
567,0.23819836509692205,88.31168831168831,,
568,0.2409323240169371,90.18759018759019,,
569,0.2436502126044181,89.03318903318903,,
570,0.23501389005999546,90.9090909090909,,
571,0.2476304399782273,89.17748917748918,,
572,0.2506172588420293,91.1976911976912,,
573,0.23631740609804788,90.47619047619048,,
574,0.23486858331107818,89.6103896103896,,
575,0.23696728066902764,90.18759018759019,0.726555562251574,76.62337662337663
576,0.2314316767763782,90.04329004329004,,
577,0.25868147839543454,88.88888888888889,,
578,0.24267967043156918,90.04329004329004,,
579,0.23024866453668943,91.05339105339105,,
580,0.23778473161171698,90.04329004329004,,
581,0.2398245053131988,90.9090909090909,,
582,0.23592621204140898,90.33189033189034,,
583,0.2364251096269269,90.33189033189034,,
584,0.25496032877057834,89.6103896103896,,
585,0.24249537843904453,90.33189033189034,,
586,0.24230111774170038,89.03318903318903,,
587,0.24130342922255418,91.05339105339105,,
588,0.22982240398380835,90.47619047619048,,
589,0.23671630476460312,90.76479076479076,,
590,0.23424666191076304,89.6103896103896,,
591,0.2341981316025639,89.75468975468975,,
592,0.21840098479286932,91.1976911976912,,
593,0.24540996218226516,90.62049062049061,,
594,0.22378390700614126,90.9090909090909,,
595,0.23063233180823609,90.18759018759019,,
596,0.22700376195825023,90.9090909090909,,
597,0.26577497448928084,89.75468975468975,,
598,0.2318575448567561,89.75468975468975,,
599,0.24238711484797934,90.33189033189034,,
600,0.21358749859604828,90.76479076479076,0.7008556619093016,76.62337662337663
601,0.25689706413819846,89.32178932178932,,
602,0.23975299236406322,89.32178932178932,,
603,0.24281577189677378,90.18759018759019,,
604,0.26332187767625714,91.05339105339105,,
605,0.2479058068036001,89.17748917748918,,
606,0.21333078889533727,91.77489177489177,,
607,0.2459842889511912,90.62049062049061,,
608,0.26399573174131896,90.04329004329004,,
609,0.2126201063093513,91.63059163059162,,
610,0.2310400970742472,90.18759018759019,,
611,0.2565020797787635,88.74458874458874,,
612,0.25552339674461455,88.60028860028861,,
613,0.2591844081749648,89.32178932178932,,
614,0.2350640818369165,90.76479076479076,,
615,0.2498480553374576,89.03318903318903,,
616,0.23612373663061453,90.47619047619048,,
617,0.21717113415572206,90.47619047619048,,
618,0.23175026448430092,89.03318903318903,,
619,0.2584450724191996,89.17748917748918,,
620,0.23145451279515655,90.04329004329004,,
621,0.24177213928905486,90.04329004329004,,
622,0.2301383131703773,89.6103896103896,,
623,0.24999288622757573,90.04329004329004,,
624,0.23306314182745946,91.05339105339105,,
625,0.2451970066128011,90.62049062049061,0.7283110409588008,77.92207792207792
626,0.23028799210114653,90.33189033189034,,
627,0.2386066402277733,91.1976911976912,,
628,0.23804748420634483,91.05339105339105,,
629,0.24616401622133682,89.8989898989899,,
630,0.2514654573854086,88.88888888888889,,
631,0.22598583726440846,90.9090909090909,,
632,0.23733786913911673,90.9090909090909,,
633,0.21209187976865454,91.05339105339105,,
634,0.2169507255973926,91.34199134199135,,
635,0.22602896411697587,90.9090909090909,,
636,0.2537820633570697,89.03318903318903,,
637,0.23690098566023302,89.46608946608947,,
638,0.23611728109494604,91.1976911976912,,
639,0.2714426297947098,89.8989898989899,,
640,0.21609202242344833,91.1976911976912,,
641,0.22701718449098035,90.04329004329004,,
642,0.2395298555170819,90.04329004329004,,
643,0.2512796497104144,88.31168831168831,,
644,0.22351481439747337,89.6103896103896,,
645,0.22164311837324333,91.63059163059162,,
646,0.24754801094747036,90.33189033189034,,
647,0.22859263114770942,91.05339105339105,,
648,0.2661935141334286,88.45598845598846,,
649,0.22170995964438883,91.48629148629149,,
650,0.21755168603096173,90.18759018759019,0.7467273996247874,75.32467532467533
651,0.23492860536038618,90.47619047619048,,
652,0.2468484012728549,88.45598845598846,,
653,0.24537412570668504,89.46608946608947,,
654,0.24286155684341773,90.33189033189034,,
655,0.19607171201258683,91.91919191919192,,
656,0.22260644898614154,90.47619047619048,,
657,0.22631575586475852,89.6103896103896,,
658,0.23781559118546794,90.04329004329004,,
659,0.22111471447271186,90.9090909090909,,
660,0.22015644298143372,91.1976911976912,,
661,0.23587679213872462,90.9090909090909,,
662,0.22791374381228444,90.62049062049061,,
663,0.21730006316308506,91.48629148629149,,
664,0.21900870255362592,90.33189033189034,,
665,0.20596703908488176,91.48629148629149,,
666,0.2563345686654852,89.46608946608947,,
667,0.2035676392405408,91.77489177489177,,
668,0.24511667415177152,91.05339105339105,,
669,0.22610534084114162,90.62049062049061,,
670,0.25307011934908435,88.60028860028861,,
671,0.21980186455048523,91.77489177489177,,
672,0.24652079818568703,90.47619047619048,,
673,0.20708489197630214,92.4963924963925,,
674,0.22946565134335217,91.05339105339105,,
675,0.21724077528087263,91.63059163059162,0.7008516358864771,75.32467532467533
676,0.20799950724212293,91.05339105339105,,
677,0.22907266962579834,91.1976911976912,,
678,0.23130944194903794,91.34199134199135,,
679,0.2305219719484771,91.1976911976912,,
680,0.2235817126553468,91.77489177489177,,
681,0.22290128709756452,90.33189033189034,,
682,0.22601833437471336,90.33189033189034,,
683,0.2050785387061203,91.77489177489177,,
684,0.21932366645181334,91.34199134199135,,
685,0.22580880606157266,91.63059163059162,,
686,0.2107190199056573,92.35209235209236,,
687,0.19625643927813607,92.06349206349206,,
688,0.24038207883614654,90.62049062049061,,
689,0.21145101968860214,90.9090909090909,,
690,0.23938917064391518,90.76479076479076,,
691,0.23126805607030573,90.76479076479076,,
692,0.238140815328726,90.04329004329004,,
693,0.22605890270005402,90.04329004329004,,
694,0.2154611133221768,90.47619047619048,,
695,0.23079701745277875,91.1976911976912,,
696,0.2099944700582375,91.05339105339105,,
697,0.226909040802657,90.33189033189034,,
698,0.21240542504350515,89.75468975468975,,
699,0.21476650201483033,90.18759018759019,,
700,0.219345515424555,90.76479076479076,0.7406082327489729,79.22077922077922
701,0.21113815925166032,92.06349206349206,,
702,0.20437540576227473,91.05339105339105,,
703,0.23337533016397496,89.8989898989899,,
704,0.2116775329924937,91.1976911976912,,
705,0.214490072616251,91.1976911976912,,
706,0.2209234491775476,91.63059163059162,,
707,0.19936836866761354,91.48629148629149,,
708,0.22767076898274827,91.05339105339105,,
709,0.23547144881402604,89.6103896103896,,
710,0.22067768380454436,91.05339105339105,,
711,0.22049544661334067,91.91919191919192,,
712,0.23598896244387607,89.46608946608947,,
713,0.2307806895752834,90.9090909090909,,
714,0.20826299930418724,91.77489177489177,,
715,0.21445819460296356,91.1976911976912,,
716,0.23547127189767825,90.62049062049061,,
717,0.2059845532119962,91.63059163059162,,
718,0.2201818913909436,91.91919191919192,,
719,0.19546949263516958,91.91919191919192,,
720,0.22215704604832812,91.48629148629149,,
721,0.242572725937308,89.17748917748918,,
722,0.24675315610989176,90.33189033189034,,
723,0.207959281277949,91.91919191919192,,
724,0.20677034206376618,92.64069264069263,,
725,0.22054713710733995,90.62049062049061,0.7918751704228388,79.22077922077922
726,0.21766367871824968,91.05339105339105,,
727,0.22510576549202505,90.33189033189034,,
728,0.20699573834500615,90.62049062049061,,
729,0.2092895241182776,91.63059163059162,,
730,0.21323916748230592,91.1976911976912,,
731,0.19500734827993235,91.63059163059162,,
732,0.20953284427631125,92.20779220779221,,
733,0.22848043118806458,89.46608946608947,,
734,0.23162663275373274,91.05339105339105,,
735,0.2214257238381697,90.62049062049061,,
736,0.21118911610537278,91.63059163059162,,
737,0.224630248516497,89.8989898989899,,
738,0.1979011595249176,91.77489177489177,,
739,0.20558326967694887,91.1976911976912,,
740,0.22023164795934724,90.9090909090909,,
741,0.2174884839061363,90.9090909090909,,
742,0.23395834671814547,91.05339105339105,,
743,0.2188733879793946,90.62049062049061,,
744,0.21788801319499382,90.76479076479076,,
745,0.23404496477064804,90.62049062049061,,
746,0.22228440741805458,91.34199134199135,,
747,0.20074533065848194,92.20779220779221,,
748,0.22995046933664043,90.18759018759019,,
749,0.21255239908829396,91.48629148629149,,
750,0.2155533456760976,91.77489177489177,0.8040985987557994,77.92207792207792
751,0.21998140916851863,90.9090909090909,,
752,0.21361888321801956,90.76479076479076,,
753,0.20707427399585085,91.63059163059162,,
754,0.20730611826004233,91.1976911976912,,
755,0.19559000327129555,92.06349206349206,,
756,0.20499290048560023,90.47619047619048,,
757,0.21068296511623938,90.33189033189034,,
758,0.21169009084395343,91.34199134199135,,
759,0.21089222029518084,90.33189033189034,,
760,0.21380101413093777,91.48629148629149,,
761,0.2003665864037573,91.48629148629149,,
762,0.1990814639032317,93.07359307359307,,
763,0.20126608872052396,93.07359307359307,,
764,0.21490822816845487,91.77489177489177,,
765,0.18126419070479158,93.21789321789322,,
766,0.201743019554928,91.48629148629149,,
767,0.2227097556618557,91.48629148629149,,
768,0.21072278542559686,91.91919191919192,,
769,0.23165676857829953,90.47619047619048,,
770,0.2171423751860857,90.62049062049061,,
771,0.2251317709426343,90.62049062049061,,
772,0.211745864428139,91.34199134199135,,
773,0.21715748200426885,91.05339105339105,,
774,0.2176019281879992,90.47619047619048,,
775,0.21274271039735704,91.05339105339105,0.8322306008307965,80.51948051948052
776,0.2065054936358681,90.33189033189034,,
777,0.20002265766929583,93.36219336219337,,
778,0.21493749923649288,91.05339105339105,,
779,0.21419211323299106,90.9090909090909,,
780,0.2152589565575725,90.47619047619048,,
781,0.21118400436738696,91.05339105339105,,
782,0.18248956174217434,93.50649350649351,,
783,0.2136129979339857,90.9090909090909,,
784,0.1878852786611857,92.4963924963925,,
785,0.21267036278698523,91.48629148629149,,
786,0.22447208286105813,89.8989898989899,,
787,0.1938314445607074,91.77489177489177,,
788,0.21295449099520927,91.1976911976912,,
789,0.2149835658967925,90.47619047619048,,
790,0.21008481813156588,90.9090909090909,,
791,0.19702513535301408,91.1976911976912,,
792,0.20464109935801783,92.35209235209236,,
793,0.2043817002019841,91.34199134199135,,
794,0.20552258160164175,91.48629148629149,,
795,0.18740029329861396,93.21789321789322,,
796,0.1999808672175865,91.77489177489177,,
797,0.17890715560355744,93.07359307359307,,
798,0.2012291182300229,90.18759018759019,,
799,0.18545646380638492,92.92929292929293,,
800,0.18915229574555442,92.20779220779221,0.8213539820212823,80.51948051948052
801,0.20391457292424653,92.06349206349206,,
802,0.19551196917999014,93.07359307359307,,
803,0.2048805436014613,91.05339105339105,,
804,0.19856566476701487,91.77489177489177,,
805,0.19240208576509962,92.92929292929293,,
806,0.1706787847106118,92.4963924963925,,
807,0.2122850756323527,91.05339105339105,,
808,0.20366895340737842,91.91919191919192,,
809,0.1942278551902692,92.06349206349206,,
810,0.19933269793251032,91.91919191919192,,
811,0.20556537719903054,92.35209235209236,,
812,0.18989858229766893,92.4963924963925,,
813,0.1881387975136783,91.77489177489177,,
814,0.19392838123728875,92.06349206349206,,
815,0.18436573968305217,93.07359307359307,,
816,0.2006525495781699,91.77489177489177,,
817,0.18823287652168438,90.9090909090909,,
818,0.22063324525199754,90.62049062049061,,
819,0.19790131283700896,91.77489177489177,,
820,0.19864922813522867,92.4963924963925,,
821,0.24754951917935933,90.18759018759019,,
822,0.2339883263492997,89.8989898989899,,
823,0.2060617853552748,90.9090909090909,,
824,0.20659338800078003,91.05339105339105,,
825,0.1933457650147475,91.48629148629149,0.8086955942116775,76.62337662337663
826,0.20499232979047866,92.35209235209236,,
827,0.19730002015915096,92.4963924963925,,
828,0.20230868149113346,91.77489177489177,,
829,0.18781357673016977,92.92929292929293,,
830,0.20029571523398032,92.06349206349206,,
831,0.19781232957458084,91.63059163059162,,
832,0.19041624716866068,92.35209235209236,,
833,0.19902652527862813,91.48629148629149,,
834,0.20126337445143497,92.64069264069263,,
835,0.22318150539590856,91.1976911976912,,
836,0.18306778806757618,91.77489177489177,,
837,0.20536812617407216,91.48629148629149,,
838,0.20941754500415247,90.76479076479076,,
839,0.22123293683986472,91.34199134199135,,
840,0.20121211523101443,93.21789321789322,,
841,0.22895461566004402,89.75468975468975,,
842,0.18946389860405036,91.48629148629149,,
843,0.19499424790149128,91.63059163059162,,
844,0.20451814731822213,92.35209235209236,,
845,0.18642794481689623,92.4963924963925,,
846,0.18473962564317006,92.64069264069263,,
847,0.21438041660520765,90.76479076479076,,
848,0.20013544518194157,92.06349206349206,,
849,0.19562603950414478,91.63059163059162,,
850,0.18981986578075485,92.64069264069263,0.8452795465271195,77.92207792207792
851,0.17736568646088866,93.50649350649351,,
852,0.18851747098906319,92.06349206349206,,
853,0.20475734096735415,92.20779220779221,,
854,0.22089244141465142,91.34199134199135,,
855,0.18844128351706962,92.92929292929293,,
856,0.20014842620057632,91.63059163059162,,
857,0.18270439272921152,92.4963924963925,,
858,0.1936074752269197,93.21789321789322,,
859,0.20434718696241944,91.91919191919192,,
860,0.19042263664896525,92.92929292929293,,
861,0.27493211506593107,89.75468975468975,,
862,0.21615396145446303,92.06349206349206,,
863,0.18234275253476173,92.64069264069263,,
864,0.19119403061885681,92.64069264069263,,
865,0.20596016036053585,91.91919191919192,,
866,0.19861281911532083,91.91919191919192,,
867,0.20608834235312104,91.48629148629149,,
868,0.1984953550893335,92.92929292929293,,
869,0.18022759797382149,91.77489177489177,,
870,0.21417607912124492,91.63059163059162,,
871,0.18953596969359537,92.06349206349206,,
872,0.17892799190478065,94.22799422799423,,
873,0.2174124483551298,90.62049062049061,,
874,0.19419854486960525,92.06349206349206,,
875,0.19161827006467322,91.77489177489177,0.7811011908116279,77.92207792207792
876,0.21709427525642802,91.48629148629149,,
877,0.185465104633359,92.64069264069263,,
878,0.19975260364544856,92.78499278499278,,
879,0.18614213015954043,92.78499278499278,,
880,0.21492404440178672,91.48629148629149,,
881,0.21418292491466967,90.47619047619048,,
882,0.1882838574150768,92.35209235209236,,
883,0.1961475839579013,91.34199134199135,,
884,0.21488095937138169,90.47619047619048,,
885,0.18516199944425282,93.36219336219337,,
886,0.17463180544405832,92.92929292929293,,
887,0.20816698371503947,91.63059163059162,,
888,0.1890925213769831,92.78499278499278,,
889,0.19077434428278114,92.78499278499278,,
890,0.18550161890481284,93.21789321789322,,
891,0.19666463805397524,91.1976911976912,,
892,0.20388906301788093,92.06349206349206,,
893,0.1847818142601422,93.07359307359307,,
894,0.1820688484018886,92.4963924963925,,
895,0.17776308138821204,92.78499278499278,,
896,0.19212477074729073,91.91919191919192,,
897,0.19815103268898582,91.34199134199135,,
898,0.1905680727348011,93.07359307359307,,
899,0.1798557299921695,92.92929292929293,,
900,0.17702846484954912,92.64069264069263,0.8195375923986559,77.92207792207792
901,0.21032130545136904,91.1976911976912,,
902,0.20571535266667046,92.64069264069263,,
903,0.19066116676100062,92.4963924963925,,
904,0.1830490075406574,93.21789321789322,,
905,0.189434986505093,92.78499278499278,,
906,0.18650973151729563,92.06349206349206,,
907,0.18275267193779285,91.91919191919192,,
908,0.16980028662072633,93.79509379509379,,
909,0.18875913212309667,93.07359307359307,,
910,0.199414738194552,92.06349206349206,,
911,0.1657561393183203,93.79509379509379,,
912,0.18508778368411813,91.77489177489177,,
913,0.19068347431536534,91.91919191919192,,
914,0.20408122647892346,92.35209235209236,,
915,0.17406257904775732,93.93939393939394,,
916,0.18786328828868068,92.06349206349206,,
917,0.1928206856374617,91.91919191919192,,
918,0.18045325506301152,92.78499278499278,,
919,0.19678948107907954,91.1976911976912,,
920,0.19972084213214863,94.08369408369408,,
921,0.20457653479830698,90.62049062049061,,
922,0.18040062884919744,92.06349206349206,,
923,0.18449230356649918,92.64069264069263,,
924,0.20564017736206494,91.91919191919192,,
925,0.2156349157143121,90.76479076479076,0.7860308235341852,81.81818181818181
926,0.17707496068694376,92.4963924963925,,
927,0.18905872261369383,92.4963924963925,,
928,0.19911411679840363,92.64069264069263,,
929,0.18016299932206004,91.77489177489177,,
930,0.2004462894949992,90.9090909090909,,
931,0.1721642810856711,92.78499278499278,,
932,0.17158380300774204,92.92929292929293,,
933,0.17827899803502908,92.92929292929293,,
934,0.18380186796016335,92.92929292929293,,
935,0.20421117910790065,91.34199134199135,,
936,0.17932641325574933,93.50649350649351,,
937,0.19651869032935146,91.77489177489177,,
938,0.184039559392702,92.78499278499278,,
939,0.1800991380627537,92.92929292929293,,
940,0.2039968834767954,92.06349206349206,,
941,0.18468186902191389,92.4963924963925,,
942,0.1667026196207319,93.21789321789322,,
943,0.1883497947308236,93.07359307359307,,
944,0.2088910797543684,91.63059163059162,,
945,0.18649218676178037,92.4963924963925,,
946,0.18380310443938208,93.07359307359307,,
947,0.16822829333195816,93.50649350649351,,
948,0.1814222236232453,93.65079365079364,,
949,0.17715831984689226,92.35209235209236,,
950,0.18658459311267858,92.06349206349206,0.8145155426743743,77.92207792207792
951,0.19328904237926092,92.92929292929293,,
952,0.16815959207423323,93.36219336219337,,
953,0.18820959260797432,92.20779220779221,,
954,0.2041685701190651,91.34199134199135,,
955,0.18868112202846643,91.63059163059162,,
956,0.16470693076811568,93.21789321789322,,
957,0.19788666204972702,91.48629148629149,,
958,0.17161704137555792,92.92929292929293,,
959,0.18922300845341594,92.78499278499278,,
960,0.19585013789531988,91.91919191919192,,
961,0.2035023875179745,92.20779220779221,,
962,0.17363162232296808,93.79509379509379,,
963,0.16787006261974874,93.21789321789322,,
964,0.17596048533830463,93.65079365079364,,
965,0.19043051772905462,91.77489177489177,,
966,0.18902609571492002,92.64069264069263,,
967,0.2197562007053418,91.05339105339105,,
968,0.18048548386640534,92.20779220779221,,
969,0.1708253744618717,93.79509379509379,,
970,0.19401880347238473,91.77489177489177,,
971,0.1873409825486022,92.4963924963925,,
972,0.18392862759874581,93.93939393939394,,
973,0.17976929670976527,93.50649350649351,,
974,0.21079738182250898,91.63059163059162,,
975,0.1723105005737163,93.79509379509379,0.8556618891753159,81.81818181818181
976,0.19439476870355152,91.63059163059162,,
977,0.17473300657145044,93.50649350649351,,
978,0.19610440369808313,91.63059163059162,,
979,0.17639528079264802,93.07359307359307,,
980,0.21118980910612908,92.20779220779221,,
981,0.18554442801645823,91.63059163059162,,
982,0.20834115311008855,91.63059163059162,,
983,0.181141300075842,92.64069264069263,,
984,0.1661692944289458,93.79509379509379,,
985,0.17096810797592263,93.21789321789322,,
986,0.1821258897539685,92.20779220779221,,
987,0.17568369258146782,91.91919191919192,,
988,0.175715664743001,92.4963924963925,,
989,0.1969824843269922,92.35209235209236,,
990,0.18597022201032692,92.35209235209236,,
991,0.19696535855467184,91.77489177489177,,
992,0.16125022149597756,94.08369408369408,,
993,0.1842855807302404,93.21789321789322,,
994,0.17200845930440428,92.20779220779221,,
995,0.18845993745937664,92.35209235209236,,
996,0.17667924672832866,92.35209235209236,,
997,0.17886477595391384,92.35209235209236,,
998,0.18370046514969368,92.4963924963925,,
999,0.1845882348985039,91.91919191919192,,
1000,0.18735180879052069,93.50649350649351,0.8535068085441342,80.51948051948052
