epoch,train_loss,train_acc,test_loss,test_acc
1,0.6867601465525222,55.98845598845599,0.6864596891712833,55.84415584415584
2,0.687310103902225,55.98845598845599,,
3,0.6841096251041858,55.98845598845599,,
4,0.6810216791874059,55.98845598845599,,
5,0.6783860583842058,55.98845598845599,,
6,0.675336335730587,55.98845598845599,,
7,0.6705574776875164,55.699855699855696,,
8,0.6687492595778571,55.41125541125541,,
9,0.6661143517081356,55.699855699855696,,
10,0.6550065048501261,55.122655122655125,,
11,0.6441438920570143,56.42135642135642,,
12,0.631941351711664,58.874458874458874,,
13,0.6270006891624924,63.78066378066378,,
14,0.6232861866166581,63.924963924963926,,
15,0.6072058294930671,66.23376623376623,,
16,0.6030564492227023,66.08946608946609,,
17,0.5907066666976714,69.40836940836941,,
18,0.5774332365776381,69.40836940836941,,
19,0.5664437871646744,72.72727272727273,,
20,0.5743401625971774,69.40836940836941,,
21,0.5588741145952784,70.12987012987013,,
22,0.543378405455731,72.87157287157287,,
23,0.5553911953605443,70.85137085137085,,
24,0.5385566445828173,72.72727272727273,,
25,0.534101912856618,71.86147186147186,0.5394896698462499,70.12987012987013
26,0.5347200250212765,73.73737373737374,,
27,0.5188810734177737,75.03607503607503,,
28,0.5213198723731103,72.2943722943723,,
29,0.5222667257421116,73.73737373737374,,
30,0.5029386072963863,76.19047619047619,,
31,0.522054257416966,74.02597402597402,,
32,0.5021406517916428,75.18037518037518,,
33,0.49364220536976494,76.19047619047619,,
34,0.5028070991087441,74.60317460317461,,
35,0.5066935912011161,75.75757575757575,,
36,0.472291347870407,77.34487734487735,,
37,0.48714358358500154,76.91197691197691,,
38,0.47946248223943283,75.61327561327562,,
39,0.4585597154295978,77.92207792207792,,
40,0.46281138591436083,78.06637806637806,,
41,0.4791685358270422,77.05627705627705,,
42,0.4601234492629465,78.06637806637806,,
43,0.46011431538869463,78.06637806637806,,
44,0.4646096073875868,79.36507936507937,,
45,0.4601299131415451,77.92207792207792,,
46,0.44553719815753756,79.22077922077922,,
47,0.45014225142170683,78.35497835497836,,
48,0.4417858386968637,79.36507936507937,,
49,0.4529671149938482,78.06637806637806,,
50,0.45693348212675616,80.66378066378067,0.469723662772736,75.32467532467533
51,0.4517088666622773,78.78787878787878,,
52,0.4443133162901687,79.07647907647907,,
53,0.44430865861292695,80.37518037518038,,
54,0.423159755454607,80.95238095238095,,
55,0.45407014422946507,77.34487734487735,,
56,0.4322767784284135,79.79797979797979,,
57,0.4466375908122262,81.0966810966811,,
58,0.44337650223985897,79.22077922077922,,
59,0.4246841771004004,82.1067821067821,,
60,0.42064704054705854,81.0966810966811,,
61,0.4472306945279219,80.23088023088023,,
62,0.42011000265462745,80.8080808080808,,
63,0.4088555025890964,82.1067821067821,,
64,0.4104519110135358,81.24098124098124,,
65,0.40792139091705004,80.23088023088023,,
66,0.40978341331385604,81.67388167388168,,
67,0.40233022675541746,82.97258297258297,,
68,0.4170766920926423,79.50937950937951,,
69,0.41997106300201936,81.0966810966811,,
70,0.4033338452056373,82.53968253968254,,
71,0.41870665085780157,80.51948051948052,,
72,0.40189455898981247,81.96248196248196,,
73,0.40016885116846873,80.08658008658008,,
74,0.39141037582835075,81.67388167388168,,
75,0.4011922929366086,82.82828282828282,0.4323638929175092,80.51948051948052
76,0.39859540306816543,81.38528138528139,,
77,0.39279910384490546,81.38528138528139,,
78,0.3981699277828266,82.53968253968254,,
79,0.37809118581196616,83.40548340548341,,
80,0.38958274131213433,80.95238095238095,,
81,0.3936147006903204,82.82828282828282,,
82,0.39560574164122214,82.25108225108225,,
83,0.40654950478204227,80.37518037518038,,
84,0.37644151205796356,83.69408369408369,,
85,0.39215396923076196,82.3953823953824,,
86,0.39313462613120914,81.96248196248196,,
87,0.39691740317434115,81.0966810966811,,
88,0.3792377175362767,82.82828282828282,,
89,0.36408349661987066,84.27128427128427,,
90,0.3736200454775217,82.82828282828282,,
91,0.38566546249613276,83.26118326118326,,
92,0.36529961920747855,84.55988455988457,,
93,0.38010576350176317,82.53968253968254,,
94,0.3583650256992246,85.42568542568543,,
95,0.3845240163790199,81.67388167388168,,
96,0.3755708044397539,82.53968253968254,,
97,0.36636013949416246,83.40548340548341,,
98,0.3600151513476048,84.12698412698413,,
99,0.38650761920996385,82.1067821067821,,
100,0.3837822050200224,83.26118326118326,0.39085873187362374,83.11688311688312
101,0.3859038589922725,82.82828282828282,,
102,0.3728825711842739,83.54978354978356,,
103,0.3623693279631726,82.97258297258297,,
104,0.3417505193152297,85.85858585858585,,
105,0.3550963969027669,84.7041847041847,,
106,0.35783151862941265,84.12698412698413,,
107,0.38435919051734574,82.3953823953824,,
108,0.3550636958852303,83.83838383838383,,
109,0.3678636286853884,83.83838383838383,,
110,0.35211661350503454,84.41558441558442,,
111,0.34145444433754485,83.40548340548341,,
112,0.3564152145626569,83.26118326118326,,
113,0.33542930976652996,86.14718614718615,,
114,0.3401676793979188,84.12698412698413,,
115,0.3451947591994576,83.26118326118326,,
116,0.33735315486638234,83.26118326118326,,
117,0.3601058567155147,84.12698412698413,,
118,0.33945513519889864,83.98268398268398,,
119,0.36690839561721117,82.3953823953824,,
120,0.37033289509676237,83.83838383838383,,
121,0.3471047292970132,86.14718614718615,,
122,0.34628289697146175,84.84848484848484,,
123,0.35107304785846805,83.69408369408369,,
124,0.3509852040725697,84.99278499278499,,
125,0.36188051027136964,81.96248196248196,0.3942694253735728,81.81818181818181
126,0.33717557246034796,85.42568542568543,,
127,0.3327129611592272,84.99278499278499,,
128,0.35088031353028476,84.84848484848484,,
129,0.32985311634784825,87.44588744588745,,
130,0.31102682946822346,86.2914862914863,,
131,0.3369306894650879,86.14718614718615,,
132,0.3407348988075105,85.71428571428571,,
133,0.33541974266198116,85.71428571428571,,
134,0.33704583228580537,86.14718614718615,,
135,0.3476459064868965,84.99278499278499,,
136,0.32844639258811315,84.55988455988457,,
137,0.3361385167397634,85.56998556998558,,
138,0.3555992393610625,84.41558441558442,,
139,0.3097717584383608,85.56998556998558,,
140,0.3421465569588357,83.83838383838383,,
141,0.32462012539866336,84.99278499278499,,
142,0.33291674139781774,85.56998556998558,,
143,0.3436301014726124,84.7041847041847,,
144,0.31275251955008954,87.01298701298701,,
145,0.34479233768767265,86.002886002886,,
146,0.3141942931632115,85.85858585858585,,
147,0.32909692787332795,84.7041847041847,,
148,0.33583047981730096,85.85858585858585,,
149,0.32514984555230686,85.71428571428571,,
150,0.3075754654420403,86.86868686868686,0.3865060512121622,83.11688311688312
151,0.34071757555179955,86.14718614718615,,
152,0.3145457892362862,87.73448773448773,,
153,0.3093152640959917,86.72438672438672,,
154,0.3374138025601877,84.55988455988457,,
155,0.3340603912096003,85.42568542568543,,
156,0.3094195451098259,88.16738816738817,,
157,0.326909109864056,86.002886002886,,
158,0.3181319950204907,85.71428571428571,,
159,0.31262579936571794,86.002886002886,,
160,0.3270807344504077,85.42568542568543,,
161,0.31878941075024325,87.15728715728716,,
162,0.3135636908151371,87.15728715728716,,
163,0.316775827202274,85.85858585858585,,
164,0.3076010818605299,86.2914862914863,,
165,0.32025380026210437,86.14718614718615,,
166,0.29190025124887026,86.43578643578644,,
167,0.3163804527140971,85.71428571428571,,
168,0.30647648352737206,86.72438672438672,,
169,0.321481358759847,85.42568542568543,,
170,0.303380745077374,86.72438672438672,,
171,0.3088769239694697,86.14718614718615,,
172,0.3032257309207669,85.42568542568543,,
173,0.3315731165944068,85.42568542568543,,
174,0.31791488655330813,85.56998556998558,,
175,0.2967967584750697,87.87878787878788,0.3499899289824746,84.41558441558442
176,0.30827644732908427,86.58008658008659,,
177,0.30176508624488313,85.85858585858585,,
178,0.3153076779102694,85.56998556998558,,
179,0.31627202476945965,86.43578643578644,,
180,0.31662082814034964,84.7041847041847,,
181,0.29755989022413204,87.44588744588745,,
182,0.3067184613982664,87.01298701298701,,
183,0.3071524112728595,86.72438672438672,,
184,0.2892878468633558,86.86868686868686,,
185,0.29685261248897166,86.58008658008659,,
186,0.3123790379210468,87.87878787878788,,
187,0.2941075334645281,87.15728715728716,,
188,0.30389216391727175,87.44588744588745,,
189,0.2868938104156808,87.73448773448773,,
190,0.299677639156795,86.72438672438672,,
191,0.3063202262956859,86.72438672438672,,
192,0.2962091433537471,88.60028860028861,,
193,0.29428766648490706,86.72438672438672,,
194,0.28904499894096736,89.03318903318903,,
195,0.277270451919169,87.87878787878788,,
196,0.3031391494438418,87.44588744588745,,
197,0.2868436590847687,88.60028860028861,,
198,0.2957416775422695,87.5901875901876,,
199,0.29799107968549193,86.86868686868686,,
200,0.26798094316650434,87.44588744588745,0.3465599626689762,84.41558441558442
201,0.3123194645407568,85.71428571428571,,
202,0.2909590685350382,88.02308802308802,,
203,0.2826393215687244,88.60028860028861,,
204,0.29092816551569395,87.3015873015873,,
205,0.2919673960962337,89.03318903318903,,
206,0.30738875231185514,85.85858585858585,,
207,0.2843783471577439,88.88888888888889,,
208,0.2737720206401393,88.31168831168831,,
209,0.29088487134222346,87.3015873015873,,
210,0.2734405893569041,88.16738816738817,,
211,0.27795302038165653,88.02308802308802,,
212,0.28559671168203477,88.16738816738817,,
213,0.28751407275554247,87.87878787878788,,
214,0.2873436751389744,87.73448773448773,,
215,0.2688684556391332,88.60028860028861,,
216,0.3148360103583783,86.43578643578644,,
217,0.2868778674633472,86.86868686868686,,
218,0.28580178116135097,88.88888888888889,,
219,0.29786787856192815,87.73448773448773,,
220,0.26586316446377256,88.74458874458874,,
221,0.2696077676132472,89.46608946608947,,
222,0.29397571241700804,87.73448773448773,,
223,0.3025354858686742,86.002886002886,,
224,0.2914953101937045,88.16738816738817,,
225,0.3059893719110138,86.002886002886,0.34649032702693694,85.71428571428571
226,0.2987694438831803,86.72438672438672,,
227,0.285905786664971,89.03318903318903,,
228,0.2885909708805415,88.31168831168831,,
229,0.2981043682039902,86.86868686868686,,
230,0.27955046506843184,88.74458874458874,,
231,0.27138809343695125,88.02308802308802,,
232,0.2629393057045655,89.32178932178932,,
233,0.3138028009543343,86.58008658008659,,
234,0.2725230600754764,89.6103896103896,,
235,0.2602140305706261,89.8989898989899,,
236,0.2642288150811436,89.46608946608947,,
237,0.28444017616099265,87.01298701298701,,
238,0.29064802122322514,88.45598845598846,,
239,0.27016024181853127,88.74458874458874,,
240,0.26060929171966785,89.03318903318903,,
241,0.28397469874068254,88.45598845598846,,
242,0.27330870193148415,87.73448773448773,,
243,0.2733682852351304,89.8989898989899,,
244,0.26905521819257805,88.74458874458874,,
245,0.2716276991526458,87.73448773448773,,
246,0.2723189120598858,89.32178932178932,,
247,0.2808378244633282,87.44588744588745,,
248,0.2713200423871886,89.75468975468975,,
249,0.2684769304885837,89.6103896103896,,
250,0.285772396630539,88.31168831168831,0.3663001726200054,84.41558441558442
251,0.2788945614732533,87.44588744588745,,
252,0.27655032479229774,87.73448773448773,,
253,0.27573868266775836,88.16738816738817,,
254,0.2758422151616469,88.16738816738817,,
255,0.28896064095166857,87.01298701298701,,
256,0.2578186918947776,89.03318903318903,,
257,0.2629826609018389,89.17748917748918,,
258,0.2622346102675318,88.16738816738817,,
259,0.3050623481063788,88.45598845598846,,
260,0.28115868396401233,88.74458874458874,,
261,0.24960707478537017,89.46608946608947,,
262,0.25385366081331373,88.74458874458874,,
263,0.251258547343905,89.8989898989899,,
264,0.27676865163905623,88.31168831168831,,
265,0.24784306564716377,90.18759018759019,,
266,0.26098935312522953,87.44588744588745,,
267,0.26882279762113936,89.03318903318903,,
268,0.27396804081413134,88.74458874458874,,
269,0.26487622340176187,89.32178932178932,,
270,0.26293151478402715,87.5901875901876,,
271,0.27235135814500233,88.45598845598846,,
272,0.27906432691934646,88.31168831168831,,
273,0.2758913230242323,88.60028860028861,,
274,0.25157971548999714,90.76479076479076,,
275,0.24877316729416923,90.18759018759019,0.3933894367187054,87.01298701298701
276,0.2537670059917121,89.32178932178932,,
277,0.2607183170869065,90.33189033189034,,
278,0.25068730283609203,89.46608946608947,,
279,0.26781618188727985,88.60028860028861,,
280,0.22561194705756712,90.76479076479076,,
281,0.2574092078346539,88.88888888888889,,
282,0.2555086800094807,88.88888888888889,,
283,0.2681847372956434,88.45598845598846,,
284,0.2449974812900521,89.75468975468975,,
285,0.2529149096335512,90.76479076479076,,
286,0.2543723989186693,88.88888888888889,,
287,0.26248186155831144,88.74458874458874,,
288,0.24517613202118427,90.33189033189034,,
289,0.25603763553788306,89.8989898989899,,
290,0.2597560207823138,89.03318903318903,,
291,0.254630737748497,89.32178932178932,,
292,0.24908032708009772,90.62049062049061,,
293,0.2656582435660204,88.88888888888889,,
294,0.2323732983971399,89.6103896103896,,
295,0.24823740765473887,89.17748917748918,,
296,0.2557116730130596,89.32178932178932,,
297,0.24983503494255815,89.32178932178932,,
298,0.24529261102236022,89.8989898989899,,
299,0.2551789675956165,89.17748917748918,,
300,0.23913408396564004,89.75468975468975,0.3931178512511315,84.41558441558442
301,0.2525096874345433,89.6103896103896,,
302,0.2587555641305739,89.75468975468975,,
303,0.2415001234106859,89.03318903318903,,
304,0.24932022311040677,90.76479076479076,,
305,0.25256143258763597,89.32178932178932,,
306,0.21917206850198526,91.05339105339105,,
307,0.262022174260489,89.8989898989899,,
308,0.24614190792968607,89.75468975468975,,
309,0.28101564739517665,87.01298701298701,,
310,0.25362882974945966,89.6103896103896,,
311,0.24830085529393447,90.04329004329004,,
312,0.24129186151347634,90.62049062049061,,
313,0.2613880448742174,89.6103896103896,,
314,0.25110660159011594,89.6103896103896,,
315,0.24965080399533887,88.88888888888889,,
316,0.2593357071474001,87.87878787878788,,
317,0.2413991226090325,89.32178932178932,,
318,0.2336030350016997,90.47619047619048,,
319,0.2591974563670881,89.17748917748918,,
320,0.2621817969291069,88.74458874458874,,
321,0.22372555408040853,90.62049062049061,,
322,0.2610219002286077,89.8989898989899,,
323,0.2395658916639215,89.6103896103896,,
324,0.25636609876998745,89.8989898989899,,
325,0.262392956333458,88.60028860028861,0.41733469901146825,84.41558441558442
326,0.24196934948902454,88.74458874458874,,
327,0.22263257629083522,91.34199134199135,,
328,0.23769223423403235,90.47619047619048,,
329,0.22638320580963447,90.47619047619048,,
330,0.22622101664715172,90.18759018759019,,
331,0.25029015489470907,89.03318903318903,,
332,0.22925578029812843,89.8989898989899,,
333,0.21672212733506813,90.76479076479076,,
334,0.24113192177051074,90.62049062049061,,
335,0.22435577482544156,90.76479076479076,,
336,0.22475206930980537,90.9090909090909,,
337,0.23325834701759646,90.47619047619048,,
338,0.23820923623584567,90.76479076479076,,
339,0.23925191297331586,89.32178932178932,,
340,0.25206391610108414,90.04329004329004,,
341,0.21968004663312246,91.91919191919192,,
342,0.2381723149428292,89.17748917748918,,
343,0.21920947171478905,90.33189033189034,,
344,0.24245492638791621,89.46608946608947,,
345,0.2621525231033865,90.04329004329004,,
346,0.22765236542510436,89.6103896103896,,
347,0.24437144166463382,89.6103896103896,,
348,0.24487115251381503,90.47619047619048,,
349,0.2427680840336786,90.18759018759019,,
350,0.2383016509368134,90.04329004329004,0.42380801578620814,84.41558441558442
351,0.22379395763509374,91.48629148629149,,
352,0.22570919732510786,90.04329004329004,,
353,0.2556362988542857,88.60028860028861,,
354,0.2218495872876947,90.76479076479076,,
355,0.22823579276106917,90.33189033189034,,
356,0.23188413978483083,90.62049062049061,,
357,0.24489126577005757,90.76479076479076,,
358,0.2384014753208188,91.63059163059162,,
359,0.22876123888324004,90.18759018759019,,
360,0.24868140127751734,90.76479076479076,,
361,0.22821392889791753,91.48629148629149,,
362,0.23368261795367343,90.04329004329004,,
363,0.23161878968988145,90.62049062049061,,
364,0.23400408968135908,89.8989898989899,,
365,0.2286085599514657,90.76479076479076,,
366,0.24159004611284357,90.18759018759019,,
367,0.2289474474919307,90.62049062049061,,
368,0.24415137387629368,90.04329004329004,,
369,0.22997320500373153,90.04329004329004,,
370,0.2034986046442566,92.4963924963925,,
371,0.24937878198609895,89.17748917748918,,
372,0.2528624257441035,90.76479076479076,,
373,0.23151999892610492,89.8989898989899,,
374,0.24757366179129778,89.17748917748918,,
375,0.20317252171676053,92.06349206349206,0.4329461977853403,87.01298701298701
376,0.22542725651811213,91.1976911976912,,
377,0.22139877262612614,89.8989898989899,,
378,0.23705299271735622,90.62049062049061,,
379,0.21665692002570303,91.1976911976912,,
380,0.23533388645445974,91.1976911976912,,
381,0.23585508858400678,90.9090909090909,,
382,0.2175412310548073,90.04329004329004,,
383,0.21739498890323555,90.62049062049061,,
384,0.21047415774622005,90.33189033189034,,
385,0.21223756582792014,91.05339105339105,,
386,0.2384511369561392,90.18759018759019,,
387,0.21449368506196945,91.48629148629149,,
388,0.2062058068306587,91.63059163059162,,
389,0.22313987939990787,92.35209235209236,,
390,0.2272946915413222,90.04329004329004,,
391,0.22220061553849113,90.9090909090909,,
392,0.2133634767104021,90.76479076479076,,
393,0.22106621222514095,90.04329004329004,,
394,0.2315544800840931,91.1976911976912,,
395,0.23829552221607853,89.32178932178932,,
396,0.23788625599673988,90.04329004329004,,
397,0.23415461901849483,91.1976911976912,,
398,0.22683166446967903,90.76479076479076,,
399,0.22054853182807457,90.62049062049061,,
400,0.2182412442104813,91.1976911976912,0.44877045379056557,87.01298701298701
401,0.21689643599039204,91.91919191919192,,
402,0.19943515741646634,92.06349206349206,,
403,0.22716178462274836,90.33189033189034,,
404,0.2156033507329217,91.63059163059162,,
405,0.20520997348457876,91.1976911976912,,
406,0.21586252959689708,90.9090909090909,,
407,0.2223801040675217,90.47619047619048,,
408,0.18762820030187632,92.64069264069263,,
409,0.22306660811106363,89.6103896103896,,
410,0.220453602238995,90.33189033189034,,
411,0.2176810624817061,92.20779220779221,,
412,0.22172704807242102,89.75468975468975,,
413,0.2320770803425047,90.62049062049061,,
414,0.23613547625135722,89.46608946608947,,
415,0.22030583454072905,90.76479076479076,,
416,0.22767816201217936,89.75468975468975,,
417,0.2391530057310542,90.76479076479076,,
418,0.2072314652379113,91.1976911976912,,
419,0.23332249296326485,90.18759018759019,,
420,0.21067773760397196,91.05339105339105,,
421,0.2030894143928869,91.05339105339105,,
422,0.207205039598209,90.9090909090909,,
423,0.21101951667928764,91.1976911976912,,
424,0.22184959402332058,91.1976911976912,,
425,0.208201221793804,90.76479076479076,0.49336100553537343,87.01298701298701
426,0.2151232854198412,91.48629148629149,,
427,0.22423797200768542,90.47619047619048,,
428,0.22320734944952514,91.05339105339105,,
429,0.21622374393637217,91.34199134199135,,
430,0.2000646088998039,91.77489177489177,,
431,0.21236660601342738,91.48629148629149,,
432,0.18610273060774563,92.78499278499278,,
433,0.21245997939877007,90.76479076479076,,
434,0.21849761447435162,90.18759018759019,,
435,0.21416060729718311,91.1976911976912,,
436,0.2025737672571152,90.9090909090909,,
437,0.18508212507029118,93.21789321789322,,
438,0.21807870341929866,90.9090909090909,,
439,0.20952132408753102,91.34199134199135,,
440,0.20817438033402696,90.76479076479076,,
441,0.21166563414650047,90.76479076479076,,
442,0.2050024674839809,92.4963924963925,,
443,0.19935422972339228,92.06349206349206,,
444,0.23258129735228647,91.05339105339105,,
445,0.19941969974904522,92.35209235209236,,
446,0.2023685836430752,92.06349206349206,,
447,0.19789733381842467,92.4963924963925,,
448,0.21660176452792224,92.06349206349206,,
449,0.21527427555334688,90.9090909090909,,
450,0.21967081979325667,90.62049062049061,0.4016939935746131,85.71428571428571
451,0.21411771549806966,90.47619047619048,,
452,0.20041045046600944,91.05339105339105,,
453,0.19859643068438743,92.20779220779221,,
454,0.18619680253071186,93.50649350649351,,
455,0.22467096487509053,90.04329004329004,,
456,0.21210572074072012,91.91919191919192,,
457,0.2017838615295175,90.9090909090909,,
458,0.20248435535515197,90.62049062049061,,
459,0.18924796187774443,91.91919191919192,,
460,0.20245686848614294,90.76479076479076,,
461,0.20242149180707134,91.34199134199135,,
462,0.2149721799474774,91.05339105339105,,
463,0.20313392762325888,91.91919191919192,,
464,0.21137797466948263,90.9090909090909,,
465,0.19997518549405824,92.20779220779221,,
466,0.2146148518114895,91.77489177489177,,
467,0.2019257793501342,91.48629148629149,,
468,0.2072947561568856,91.05339105339105,,
469,0.20531175594137172,90.62049062049061,,
470,0.19629635417788233,91.91919191919192,,
471,0.19457595749162837,92.4963924963925,,
472,0.20544584428765214,91.48629148629149,,
473,0.18364133618632264,92.35209235209236,,
474,0.17718699823898326,92.4963924963925,,
475,0.19291849561239907,91.48629148629149,0.4446865227315333,84.41558441558442
476,0.2010613256557421,91.91919191919192,,
477,0.1973878380561632,91.77489177489177,,
478,0.20163055188943124,92.06349206349206,,
479,0.20425571732405803,91.05339105339105,,
480,0.19659171751223256,92.78499278499278,,
481,0.1597902306058534,93.50649350649351,,
482,0.21647047325646207,90.33189033189034,,
483,0.19935175137860434,92.06349206349206,,
484,0.2237499858565833,90.18759018759019,,
485,0.2171388219122763,90.76479076479076,,
486,0.19619434078534445,91.63059163059162,,
487,0.20256005395284463,91.48629148629149,,
488,0.20763334477102602,91.05339105339105,,
489,0.1752162321778431,92.64069264069263,,
490,0.17933200384674305,92.64069264069263,,
491,0.19380857352527533,91.91919191919192,,
492,0.21098888411171854,90.33189033189034,,
493,0.20779835632740162,90.9090909090909,,
494,0.18139464330750626,92.20779220779221,,
495,0.19073367957428936,91.48629148629149,,
496,0.19104881062136067,92.20779220779221,,
497,0.1947381186257365,91.48629148629149,,
498,0.1953429395244235,91.77489177489177,,
499,0.1992058213612046,91.1976911976912,,
500,0.20389559994012246,91.91919191919192,0.49845385667565584,84.41558441558442
501,0.18577975249737716,92.92929292929293,,
502,0.1959566365750063,92.20779220779221,,
503,0.21314791016936474,91.05339105339105,,
504,0.1980680560996866,91.1976911976912,,
505,0.17333947444632972,93.07359307359307,,
506,0.2112828425977051,92.20779220779221,,
507,0.20905430888028717,91.77489177489177,,
508,0.20019969903201423,91.91919191919192,,
509,0.20123527677458258,91.77489177489177,,
510,0.2033668744013595,92.06349206349206,,
511,0.18639590882549725,92.4963924963925,,
512,0.2085052052510077,91.1976911976912,,
513,0.18522677053448786,92.4963924963925,,
514,0.22509216879525398,90.62049062049061,,
515,0.16257402871723298,94.08369408369408,,
516,0.1932094626956516,92.06349206349206,,
517,0.19359703744730736,93.07359307359307,,
518,0.20467995420033797,90.33189033189034,,
519,0.19996400448408994,92.64069264069263,,
520,0.19349121621676854,91.48629148629149,,
521,0.1915327984017211,91.77489177489177,,
522,0.19524655124497792,91.91919191919192,,
523,0.196271362156751,91.1976911976912,,
524,0.17245817438176528,93.50649350649351,,
525,0.20796260328541413,90.62049062049061,0.5075417664143946,88.31168831168831
526,0.2038177748843705,91.05339105339105,,
527,0.19109848515811936,92.06349206349206,,
528,0.2061272675082797,91.91919191919192,,
529,0.19557991871156047,91.63059163059162,,
530,0.18608678601047865,92.20779220779221,,
531,0.21172181515810637,90.9090909090909,,
532,0.1954259208442501,92.06349206349206,,
533,0.17508026996216217,92.35209235209236,,
534,0.18523297569624445,91.05339105339105,,
535,0.17380801316022787,92.20779220779221,,
536,0.1767272762147895,93.93939393939394,,
537,0.1683998667402529,93.93939393939394,,
538,0.21501293996668824,91.34199134199135,,
539,0.19059585407846655,92.06349206349206,,
540,0.1810834701636653,93.21789321789322,,
541,0.18188467503540098,92.64069264069263,,
542,0.18665527213703503,92.20779220779221,,
543,0.17746133648643933,93.65079365079364,,
544,0.19444591972390982,91.77489177489177,,
545,0.18729902108295313,92.20779220779221,,
546,0.18575941557319994,92.20779220779221,,
547,0.18897216106949086,92.06349206349206,,
548,0.17287922443077505,91.77489177489177,,
549,0.18232899558062504,92.06349206349206,,
550,0.20077602702903885,92.64069264069263,0.47600057721138,84.41558441558442
551,0.21934104084022463,91.91919191919192,,
552,0.1951852510071764,92.4963924963925,,
553,0.18775405750904248,92.20779220779221,,
554,0.17402609137745648,92.64069264069263,,
555,0.20595788025709802,91.91919191919192,,
556,0.18896795131943442,92.92929292929293,,
557,0.18011024323376743,92.20779220779221,,
558,0.18720145216063847,92.78499278499278,,
559,0.17305704835173372,92.35209235209236,,
560,0.19644947193057677,91.48629148629149,,
561,0.20567400587929618,90.62049062049061,,
562,0.18432440248574702,91.91919191919192,,
563,0.17721555952901963,92.78499278499278,,
564,0.18229818083937205,92.78499278499278,,
565,0.19436145628685558,92.20779220779221,,
566,0.17172794613831316,93.07359307359307,,
567,0.19698880564469795,91.77489177489177,,
568,0.16629174695192994,93.50649350649351,,
569,0.1879777354934128,92.92929292929293,,
570,0.17300171823298605,93.07359307359307,,
571,0.17729514192193102,92.20779220779221,,
572,0.18057695835355728,91.91919191919192,,
573,0.17514480807392457,92.78499278499278,,
574,0.19185328681403596,92.92929292929293,,
575,0.16442363017909284,93.21789321789322,0.5140920188519862,85.71428571428571
576,0.19303418565837163,92.35209235209236,,
577,0.15333715803157888,93.21789321789322,,
578,0.18581077473676222,92.64069264069263,,
579,0.2025355329847267,91.77489177489177,,
580,0.19338722465745298,91.77489177489177,,
581,0.16381283225908252,93.36219336219337,,
582,0.1911832895371821,91.1976911976912,,
583,0.17812660037611125,94.08369408369408,,
584,0.16386608886404816,93.50649350649351,,
585,0.1962249872165841,91.77489177489177,,
586,0.19737260058672743,92.35209235209236,,
587,0.18187545971006885,92.4963924963925,,
588,0.19840233066639343,92.4963924963925,,
589,0.1742987566094034,93.21789321789322,,
590,0.17277782108274545,93.36219336219337,,
591,0.16208277904249804,93.07359307359307,,
592,0.16722946680684456,93.07359307359307,,
593,0.15850704672919724,93.21789321789322,,
594,0.20533513131552789,91.1976911976912,,
595,0.17786998483170938,93.93939393939394,,
596,0.17135305059764636,92.92929292929293,,
597,0.16471125491764424,93.65079365079364,,
598,0.17262234041013072,93.36219336219337,,
599,0.16866338898361932,93.93939393939394,,
600,0.17709071263348386,92.64069264069263,0.5317286535516962,83.11688311688312
601,0.17347542324451484,92.92929292929293,,
602,0.1634856304167239,94.08369408369408,,
603,0.18130941922315444,92.92929292929293,,
604,0.2033425775419754,92.4963924963925,,
605,0.17610253453856767,93.07359307359307,,
606,0.18230490087602733,92.78499278499278,,
607,0.17058569478868235,93.21789321789322,,
608,0.16664502625844158,92.4963924963925,,
609,0.17211826389701163,92.78499278499278,,
610,0.1467705625908995,93.36219336219337,,
611,0.16285759378977196,93.50649350649351,,
612,0.17126233404848998,92.64069264069263,,
613,0.20141667703873495,90.62049062049061,,
614,0.1541404128612206,94.8051948051948,,
615,0.19474825791982345,91.91919191919192,,
616,0.15808848900153352,93.07359307359307,,
617,0.18137231964247053,92.92929292929293,,
618,0.1779336795683891,92.06349206349206,,
619,0.1646495917099723,93.36219336219337,,
620,0.16203229909851438,94.08369408369408,,
621,0.1865261330861937,91.91919191919192,,
622,0.17429054414512102,92.64069264069263,,
623,0.19545659762612325,92.78499278499278,,
624,0.17269129849013484,92.64069264069263,,
625,0.1997572057604962,92.4963924963925,0.499257706589513,87.01298701298701
626,0.18085777886416146,93.21789321789322,,
627,0.1584136656137428,94.8051948051948,,
628,0.17331946958367098,92.92929292929293,,
629,0.15214346798101888,94.51659451659452,,
630,0.18465621461943973,93.36219336219337,,
631,0.17745498969024087,93.36219336219337,,
632,0.16247242354232855,93.21789321789322,,
633,0.15812452776629,92.78499278499278,,
634,0.17016985898227316,92.78499278499278,,
635,0.15043260042070483,93.36219336219337,,
636,0.17613546395456636,92.06349206349206,,
637,0.17169977205806825,93.36219336219337,,
638,0.170555209302885,92.78499278499278,,
639,0.16124862530853326,92.92929292929293,,
640,0.16642056309858613,93.21789321789322,,
641,0.16090577695932654,94.66089466089466,,
642,0.2006246405418473,92.92929292929293,,
643,0.18019565748531924,92.64069264069263,,
644,0.16111246357748518,93.93939393939394,,
645,0.17266447489481812,93.21789321789322,,
646,0.1803446127394749,92.20779220779221,,
647,0.181458518016562,92.35209235209236,,
648,0.2005956084138215,92.35209235209236,,
649,0.1890172727848168,92.20779220779221,,
650,0.16116211514968376,94.08369408369408,0.5052158383579998,84.41558441558442
651,0.1664617963640549,92.92929292929293,,
652,0.16986473677693337,94.22799422799423,,
653,0.16019838739826223,93.93939393939394,,
654,0.19272623296348648,93.65079365079364,,
655,0.16314261809830025,94.37229437229438,,
656,0.15768483298337477,94.08369408369408,,
657,0.15687698134440192,93.79509379509379,,
658,0.16653458606371116,93.21789321789322,,
659,0.14273429645593635,95.23809523809524,,
660,0.1730954334849403,92.92929292929293,,
661,0.18268549791705213,92.35209235209236,,
662,0.17212309548564114,93.07359307359307,,
663,0.1450377151512502,95.23809523809524,,
664,0.17413841895382814,92.64069264069263,,
665,0.18497528559373744,93.50649350649351,,
666,0.16498764831717913,93.79509379509379,,
667,0.15449199680384104,92.92929292929293,,
668,0.1618836921616894,93.36219336219337,,
669,0.16038503195999074,93.93939393939394,,
670,0.17272063483407488,92.20779220779221,,
671,0.17264963134392172,92.20779220779221,,
672,0.1492818282570416,93.65079365079364,,
673,0.1636308997998506,93.79509379509379,,
674,0.1685689440330364,93.50649350649351,,
675,0.15789966993195154,93.65079365079364,0.5938621813600714,83.11688311688312
676,0.14675190416131098,93.93939393939394,,
677,0.17411218266961034,92.4963924963925,,
678,0.1722972859207858,94.08369408369408,,
679,0.17429415182805852,92.78499278499278,,
680,0.16790368630514516,93.07359307359307,,
681,0.14984966597343763,93.93939393939394,,
682,0.1600929397624658,93.65079365079364,,
683,0.19116667927945674,92.35209235209236,,
684,0.18900918073597409,92.06349206349206,,
685,0.16242940645412277,92.4963924963925,,
686,0.1860086429450247,91.77489177489177,,
687,0.16154816661777263,93.36219336219337,,
688,0.18804196310249757,92.20779220779221,,
689,0.15497067089032646,93.50649350649351,,
690,0.16338938358542207,93.36219336219337,,
691,0.15680957984442662,93.93939393939394,,
692,0.15307658166768404,93.36219336219337,,
693,0.1537859764321026,93.50649350649351,,
694,0.15155455026866985,94.22799422799423,,
695,0.15249080824817585,95.23809523809524,,
696,0.16206377112504208,94.08369408369408,,
697,0.16085293581561436,93.79509379509379,,
698,0.16746780811708212,94.51659451659452,,
699,0.1848929122756914,92.35209235209236,,
700,0.16052240723526323,92.20779220779221,0.553642485435907,85.71428571428571
701,0.17755024119792304,92.35209235209236,,
702,0.18126758115976233,92.20779220779221,,
703,0.17577906057754636,93.21789321789322,,
704,0.15376504299917607,94.66089466089466,,
705,0.16220002325754318,93.93939393939394,,
706,0.1541667910666349,94.51659451659452,,
707,0.1566652526157071,93.93939393939394,,
708,0.15292867960093856,93.93939393939394,,
709,0.16054320683727016,92.35209235209236,,
710,0.15164825320243835,94.08369408369408,,
711,0.17947137783702147,93.36219336219337,,
712,0.16454877109840663,93.79509379509379,,
713,0.16754383809896775,93.50649350649351,,
714,0.1619344035762901,93.65079365079364,,
715,0.17183991898829587,93.65079365079364,,
716,0.1636754744410687,93.79509379509379,,
717,0.1568468717097548,93.36219336219337,,
718,0.16624230406587087,93.65079365079364,,
719,0.15560877321000394,93.36219336219337,,
720,0.15393557985451659,93.79509379509379,,
721,0.17638977515829718,91.91919191919192,,
722,0.15291239977054955,94.66089466089466,,
723,0.15196596279546812,93.93939393939394,,
724,0.1582779637920908,93.93939393939394,,
725,0.14718289178773267,94.37229437229438,0.5543365764927555,87.01298701298701
726,0.14475810598759425,94.66089466089466,,
727,0.16593952139390666,93.36219336219337,,
728,0.15227080263267304,93.79509379509379,,
729,0.1553182512908787,93.93939393939394,,
730,0.1732798625122417,93.36219336219337,,
731,0.18191353978876773,92.35209235209236,,
732,0.15270546233499205,93.79509379509379,,
733,0.15444758676347278,93.65079365079364,,
734,0.1442431562706495,94.22799422799423,,
735,0.14786369341101718,94.37229437229438,,
736,0.14153415189375954,94.94949494949495,,
737,0.15626018770673403,95.38239538239539,,
738,0.15722657327270095,93.79509379509379,,
739,0.1649257392766328,92.92929292929293,,
740,0.17223903446486502,92.20779220779221,,
741,0.15150577530888423,94.08369408369408,,
742,0.12445975790904971,95.38239538239539,,
743,0.17065869600741895,91.48629148629149,,
744,0.14583076723726282,93.93939393939394,,
745,0.15454795579244565,93.79509379509379,,
746,0.15288199032797958,94.08369408369408,,
747,0.16228154151126592,93.93939393939394,,
748,0.1670684175401883,93.07359307359307,,
749,0.1478366267855291,94.08369408369408,,
750,0.17433958037784605,93.21789321789322,0.5562654071814054,81.81818181818181
751,0.1470653952716233,93.50649350649351,,
752,0.13903553042060884,94.37229437229438,,
753,0.14839194809633588,94.08369408369408,,
754,0.14447677843971513,94.08369408369408,,
755,0.15422400323106958,92.92929292929293,,
756,0.13822401128978096,95.23809523809524,,
757,0.1344808249762564,95.0937950937951,,
758,0.17505215538442565,91.63059163059162,,
759,0.13587246785776266,94.08369408369408,,
760,0.15215843874815996,93.93939393939394,,
761,0.1900712861041142,91.63059163059162,,
762,0.1560886607627676,93.36219336219337,,
763,0.14960258749742356,94.22799422799423,,
764,0.1453214537508216,93.50649350649351,,
765,0.14062542975228415,94.66089466089466,,
766,0.15312837874906576,93.65079365079364,,
767,0.1574670092631427,94.08369408369408,,
768,0.14359472887684602,94.66089466089466,,
769,0.13753712752465733,95.23809523809524,,
770,0.13875702290135888,93.93939393939394,,
771,0.13492199617288844,94.8051948051948,,
772,0.1608426487678057,94.08369408369408,,
773,0.14750933917010844,94.08369408369408,,
774,0.16146962223922254,93.36219336219337,,
775,0.15298974393594145,94.08369408369408,0.5689971516658734,85.71428571428571
776,0.15306784659973513,93.79509379509379,,
777,0.147175810564562,94.51659451659452,,
778,0.1598491451688229,93.65079365079364,,
779,0.14406493749109353,93.50649350649351,,
780,0.13771246332798856,94.37229437229438,,
781,0.1551400108886466,93.65079365079364,,
782,0.15014617772931488,94.22799422799423,,
783,0.151937925360269,94.08369408369408,,
784,0.16786414353663442,92.06349206349206,,
785,0.12989422483006854,94.8051948051948,,
786,0.15527309529472566,93.65079365079364,,
787,0.1302848347767779,95.23809523809524,,
788,0.15954211569279647,93.36219336219337,,
789,0.15474364292656018,94.08369408369408,,
790,0.151126959360464,94.51659451659452,,
791,0.14669939389648548,93.93939393939394,,
792,0.15756365549340737,94.22799422799423,,
793,0.14700241145526005,94.94949494949495,,
794,0.16907646493854547,94.37229437229438,,
795,0.14170712229229973,94.37229437229438,,
796,0.16432523088661408,93.50649350649351,,
797,0.143405523758602,94.08369408369408,,
798,0.13766415255926387,94.66089466089466,,
799,0.12362748040706134,95.67099567099567,,
800,0.15765133527783518,92.92929292929293,0.5712624486390646,85.71428571428571
801,0.14094533611083615,93.36219336219337,,
802,0.1683231443381757,92.78499278499278,,
803,0.1586402269754919,94.08369408369408,,
804,0.14618484843468554,93.21789321789322,,
805,0.14738388432654811,93.93939393939394,,
806,0.15654697171365373,94.08369408369408,,
807,0.14131995977519393,94.66089466089466,,
808,0.16573481669200618,92.78499278499278,,
809,0.13403882265284464,95.52669552669553,,
810,0.15292724777781774,94.22799422799423,,
811,0.1438058489721274,94.8051948051948,,
812,0.15194799201657075,93.50649350649351,,
813,0.13146811979587633,94.08369408369408,,
814,0.14564381466713475,93.93939393939394,,
815,0.1632935989105168,93.65079365079364,,
816,0.18274192462579855,93.07359307359307,,
817,0.1450097956956723,94.22799422799423,,
818,0.16298345608628673,92.78499278499278,,
819,0.1466930185647582,93.65079365079364,,
820,0.15361336974526552,93.79509379509379,,
821,0.14966629129467587,93.07359307359307,,
822,0.14474860723916586,93.93939393939394,,
823,0.15159915524708245,94.22799422799423,,
824,0.1328759816457406,95.0937950937951,,
825,0.14180559515523017,94.08369408369408,0.6219627671427541,83.11688311688312
826,0.15892517308736137,93.07359307359307,,
827,0.1497701464535354,94.37229437229438,,
828,0.15300403481341285,94.22799422799423,,
829,0.1446709992178591,93.79509379509379,,
830,0.13981669585920686,95.0937950937951,,
831,0.14861313497693335,94.37229437229438,,
832,0.15628421473791246,92.64069264069263,,
833,0.1456846638245328,94.94949494949495,,
834,0.14286560999044093,94.94949494949495,,
835,0.12879073143833214,95.38239538239539,,
836,0.14291602298939898,94.22799422799423,,
837,0.15135704245939743,94.51659451659452,,
838,0.13128561942339545,94.51659451659452,,
839,0.15938557399649167,93.21789321789322,,
840,0.12471490599548318,95.67099567099567,,
841,0.13931303811064702,94.94949494949495,,
842,0.14226937142414448,94.08369408369408,,
843,0.15444116417754006,94.66089466089466,,
844,0.14449489409101302,93.79509379509379,,
845,0.14108346512038555,94.37229437229438,,
846,0.16084696401937357,94.51659451659452,,
847,0.15691005155809687,94.08369408369408,,
848,0.1401334350329285,94.8051948051948,,
849,0.12587431714657363,95.23809523809524,,
850,0.1410356332664882,93.93939393939394,0.5621885843091197,88.31168831168831
851,0.1706021616899262,92.92929292929293,,
852,0.1498364856920889,93.93939393939394,,
853,0.15325944291220772,94.08369408369408,,
854,0.12974974267926567,93.50649350649351,,
855,0.14531147258805077,93.79509379509379,,
856,0.1516035266844139,93.79509379509379,,
857,0.13418765863857915,94.94949494949495,,
858,0.1438147070593218,94.94949494949495,,
859,0.13526367276777954,94.8051948051948,,
860,0.14792206935036234,95.0937950937951,,
861,0.13687473716157855,94.37229437229438,,
862,0.17177402712996043,92.78499278499278,,
863,0.16746328794766988,93.36219336219337,,
864,0.1383367936526026,94.37229437229438,,
865,0.13733582097558575,94.51659451659452,,
866,0.15215787721574736,93.93939393939394,,
867,0.1565608779159287,93.50649350649351,,
868,0.12404499889968278,95.38239538239539,,
869,0.13269750105182157,94.66089466089466,,
870,0.13892594031441263,94.94949494949495,,
871,0.1332444054643055,95.52669552669553,,
872,0.13909727186072096,94.66089466089466,,
873,0.12360166110001601,95.23809523809524,,
874,0.14874738097878934,92.92929292929293,,
875,0.13691170711451967,94.8051948051948,0.6118928913946275,84.41558441558442
876,0.12560582887730729,93.93939393939394,,
877,0.15858520716858804,93.93939393939394,,
878,0.1548304163876378,93.93939393939394,,
879,0.15163868120609425,93.65079365079364,,
880,0.15327953931057092,94.66089466089466,,
881,0.12804420103156378,94.66089466089466,,
882,0.1369232548801242,94.8051948051948,,
883,0.1412088642230131,94.51659451659452,,
884,0.14889280560384754,93.50649350649351,,
885,0.146169369268899,93.65079365079364,,
886,0.14807218807772296,94.8051948051948,,
887,0.17301628420271872,93.07359307359307,,
888,0.14190298469379695,94.37229437229438,,
889,0.1531316333518916,92.92929292929293,,
890,0.1591500820320578,93.65079365079364,,
891,0.1259803473566421,95.52669552669553,,
892,0.1280854210623071,95.0937950937951,,
893,0.15115437720073077,93.93939393939394,,
894,0.14425981522122502,94.22799422799423,,
895,0.14131171136965484,94.8051948051948,,
896,0.12371639470861416,95.23809523809524,,
897,0.1691829560480442,93.36219336219337,,
898,0.1342343044887911,94.37229437229438,,
899,0.12578530237616226,94.8051948051948,,
900,0.1386914048747067,94.66089466089466,0.6221086173862606,84.41558441558442
901,0.12680220964108022,94.08369408369408,,
902,0.1733224961105707,92.4963924963925,,
903,0.16725848004501448,92.92929292929293,,
904,0.16175276720506632,92.92929292929293,,
905,0.13346171071605076,94.22799422799423,,
906,0.1536648598799286,93.79509379509379,,
907,0.12883305878742649,95.0937950937951,,
908,0.13445736795229082,94.51659451659452,,
909,0.1362450842733507,94.94949494949495,,
910,0.1414050476633625,95.38239538239539,,
911,0.1257297433509584,94.51659451659452,,
912,0.1283546316707547,94.66089466089466,,
913,0.13532591253132015,94.22799422799423,,
914,0.13922717580222357,93.36219336219337,,
915,0.1248509833887542,94.8051948051948,,
916,0.1533045970430278,93.79509379509379,,
917,0.14179321441901538,93.79509379509379,,
918,0.14733415517370077,94.37229437229438,,
919,0.15562244331595873,93.79509379509379,,
920,0.15841701489162308,94.37229437229438,,
921,0.154856808558859,93.21789321789322,,
922,0.12613860124985526,94.37229437229438,,
923,0.12403422145745455,95.38239538239539,,
924,0.12554920542162734,95.52669552669553,,
925,0.12882204586035245,94.94949494949495,0.6076757683382406,85.71428571428571
926,0.14003832344755981,93.07359307359307,,
927,0.12791460905154203,95.52669552669553,,
928,0.14627645795890715,93.21789321789322,,
929,0.12285073787447005,94.8051948051948,,
930,0.13075381991269355,94.51659451659452,,
931,0.12557871437606014,94.66089466089466,,
932,0.147637797219707,93.79509379509379,,
933,0.15292006961646534,93.50649350649351,,
934,0.13921482549080877,94.66089466089466,,
935,0.14066040432040308,94.66089466089466,,
936,0.1253235423117661,94.66089466089466,,
937,0.13235341821539162,95.23809523809524,,
938,0.14513669307592283,94.8051948051948,,
939,0.18201159900336555,94.22799422799423,,
940,0.12330439983508287,95.0937950937951,,
941,0.15992266460070534,93.50649350649351,,
942,0.12317232561833931,95.38239538239539,,
943,0.13342052573421473,93.50649350649351,,
944,0.13643815313582813,94.51659451659452,,
945,0.13870894939545944,93.36219336219337,,
946,0.11807072755556774,94.8051948051948,,
947,0.12208075608525958,95.23809523809524,,
948,0.1283531861989873,94.37229437229438,,
949,0.14191354552087673,93.79509379509379,,
950,0.1550523846142779,93.93939393939394,0.6853693646269959,83.11688311688312
951,0.1386111251966864,94.94949494949495,,
952,0.13473560675054058,94.51659451659452,,
953,0.11524603164299226,95.38239538239539,,
954,0.12208648170055593,95.52669552669553,,
955,0.15016042369096655,93.65079365079364,,
956,0.1416304927496683,94.66089466089466,,
957,0.1509266896724357,93.07359307359307,,
958,0.13922463543444313,94.22799422799423,,
959,0.1597628699989202,93.36219336219337,,
960,0.12249723334849139,95.23809523809524,,
961,0.15934906304850208,93.07359307359307,,
962,0.12566351307311444,94.8051948051948,,
963,0.12444206755097638,94.51659451659452,,
964,0.12893212349039823,94.8051948051948,,
965,0.12134887669961174,95.0937950937951,,
966,0.14180440494917,94.37229437229438,,
967,0.12061763140890333,95.0937950937951,,
968,0.12633446620677802,95.38239538239539,,
969,0.163819151044881,92.78499278499278,,
970,0.11316979207732805,95.52669552669553,,
971,0.12735884423766816,94.8051948051948,,
972,0.14751122960710594,94.08369408369408,,
973,0.11586907345796216,95.38239538239539,,
974,0.14831599803886028,93.93939393939394,,
975,0.12632229087758717,94.94949494949495,0.6389457064789611,83.11688311688312
976,0.1351081242120971,94.22799422799423,,
977,0.14036032599417161,94.22799422799423,,
978,0.15354104123977355,94.08369408369408,,
979,0.15482119820248685,93.36219336219337,,
980,0.11725477659523831,94.37229437229438,,
981,0.12275618910359441,95.0937950937951,,
982,0.14596951703983124,94.08369408369408,,
983,0.12033951386787847,94.94949494949495,,
984,0.12452233833237988,95.0937950937951,,
985,0.1125030999876892,95.52669552669553,,
986,0.13691836471358934,93.93939393939394,,
987,0.10063341187923329,95.81529581529581,,
988,0.1319146788642778,94.22799422799423,,
989,0.1309978205812786,94.51659451659452,,
990,0.13821509140469726,94.51659451659452,,
991,0.13963729424824103,94.08369408369408,,
992,0.12285743705380014,94.37229437229438,,
993,0.13892970982439073,93.50649350649351,,
994,0.13210505419404045,94.08369408369408,,
995,0.1262342417061673,95.67099567099567,,
996,0.12587842428021961,95.81529581529581,,
997,0.1218653746261053,95.0937950937951,,
998,0.12360164602683564,94.66089466089466,,
999,0.15515999513185041,93.36219336219337,,
1000,0.1321089057437269,94.22799422799423,0.6842869330536235,85.71428571428571
