epoch,train_loss,train_acc,test_loss,test_acc
1,0.6884265283141473,54.83405483405483,0.6850639241082328,55.84415584415584
2,0.6874319554063321,55.98845598845599,,
3,0.6856827352298115,55.98845598845599,,
4,0.6830341763482637,55.98845598845599,,
5,0.6785349144047989,55.98845598845599,,
6,0.6798557449040818,55.98845598845599,,
7,0.6749187774128385,55.84415584415584,,
8,0.6691357900655975,55.98845598845599,,
9,0.6654853719309467,56.132756132756136,,
10,0.6607620357434987,55.98845598845599,,
11,0.6581419625495591,56.132756132756136,,
12,0.6547750387700949,56.85425685425685,,
13,0.6550693376067741,58.44155844155844,,
14,0.6349166504404418,59.16305916305916,,
15,0.6366501632018867,61.76046176046176,,
16,0.6306628112669115,65.51226551226551,,
17,0.6297150262850532,64.64646464646465,,
18,0.624810361156904,64.7907647907648,,
19,0.6084383459490271,68.83116883116882,,
20,0.6030482814081476,67.96536796536796,,
21,0.6009330309142626,68.68686868686869,,
22,0.584416985683799,70.56277056277057,,
23,0.5789537907162786,71.28427128427128,,
24,0.5753015957525455,70.99567099567099,,
25,0.5689621738885217,70.99567099567099,0.5728198158276545,76.62337662337663
26,0.5707752688278539,72.87157287157287,,
27,0.5538583610308979,71.86147186147186,,
28,0.5428572269573184,74.02597402597402,,
29,0.5459585946273666,73.88167388167388,,
30,0.5415372359546232,73.3044733044733,,
31,0.5478656281640519,73.5930735930736,,
32,0.5441604730972824,73.16017316017316,,
33,0.5213559048860448,74.60317460317461,,
34,0.514771237775877,76.62337662337663,,
35,0.5263954018273567,73.73737373737374,,
36,0.5200819825541233,76.62337662337663,,
37,0.5089174140927424,76.19047619047619,,
38,0.5103811132701445,75.46897546897547,,
39,0.5038900671669243,77.4891774891775,,
40,0.4853485975344632,77.05627705627705,,
41,0.4990282632829823,76.47907647907648,,
42,0.47282373328917643,76.76767676767676,,
43,0.4928142461941872,76.47907647907648,,
44,0.4792502558592594,79.07647907647907,,
45,0.4998494260238879,76.04617604617604,,
46,0.48434454882127725,76.33477633477634,,
47,0.48199100067777206,77.05627705627705,,
48,0.461591658654151,78.35497835497836,,
49,0.4713437987268401,78.06637806637806,,
50,0.4870501919656261,77.2005772005772,0.49556385154847976,72.72727272727273
51,0.4687038304829838,79.07647907647907,,
52,0.48469130340076627,75.18037518037518,,
53,0.47492402142604534,78.64357864357865,,
54,0.4744569171558727,77.4891774891775,,
55,0.4766077714048939,77.92207792207792,,
56,0.45475634102525475,79.50937950937951,,
57,0.44254146484069495,79.36507936507937,,
58,0.4529247845148111,79.94227994227994,,
59,0.45465722710195217,79.79797979797979,,
60,0.44684083736132063,79.36507936507937,,
61,0.44578638049259156,78.78787878787878,,
62,0.4618794990738405,78.35497835497836,,
63,0.45350456341004475,78.35497835497836,,
64,0.4532668196621739,79.36507936507937,,
65,0.4581929610405133,80.37518037518038,,
66,0.44415996007589037,79.79797979797979,,
67,0.4367662119486975,80.37518037518038,,
68,0.4376080042184001,79.65367965367966,,
69,0.4320607857958751,81.24098124098124,,
70,0.43612029052959034,79.79797979797979,,
71,0.4186038893538636,82.53968253968254,,
72,0.4406409500567256,79.36507936507937,,
73,0.4291871281671318,79.36507936507937,,
74,0.41361454021707067,83.11688311688312,,
75,0.4210443376290678,80.37518037518038,0.48185111949970194,79.22077922077922
76,0.41037906592370454,82.68398268398268,,
77,0.4335708295198058,79.36507936507937,,
78,0.4181741506162316,82.1067821067821,,
79,0.4398488361082036,80.66378066378067,,
80,0.42483134182844673,80.51948051948052,,
81,0.42540036376248536,80.51948051948052,,
82,0.4219090265113038,81.52958152958153,,
83,0.411564617574989,82.97258297258297,,
84,0.40960429802343445,83.11688311688312,,
85,0.40444015394385585,82.3953823953824,,
86,0.41131449898256023,82.82828282828282,,
87,0.4377779821296791,80.37518037518038,,
88,0.4350611905514936,80.95238095238095,,
89,0.4001775939571221,82.1067821067821,,
90,0.4043082654433161,80.37518037518038,,
91,0.4020524359540678,82.3953823953824,,
92,0.4162869020801946,81.52958152958153,,
93,0.419648680250022,80.51948051948052,,
94,0.4002591564197733,81.67388167388168,,
95,0.4003590443433621,80.8080808080808,,
96,0.41015700748644524,81.24098124098124,,
97,0.38945363717849807,83.83838383838383,,
98,0.3878767759166927,84.41558441558442,,
99,0.4002064000089447,83.40548340548341,,
100,0.40372618245872066,81.0966810966811,0.4545953196364564,80.51948051948052
101,0.39483755280251626,81.96248196248196,,
102,0.4052098624806039,81.96248196248196,,
103,0.3950700366823876,81.52958152958153,,
104,0.38787143407617986,82.68398268398268,,
105,0.37979497402519374,80.66378066378067,,
106,0.3958724959932192,82.97258297258297,,
107,0.386980876219049,81.67388167388168,,
108,0.39500060036756945,83.54978354978356,,
109,0.3754659246056627,83.26118326118326,,
110,0.3812281805027443,83.11688311688312,,
111,0.4050854453964839,81.81818181818181,,
112,0.38334266669392414,83.54978354978356,,
113,0.37391364178788267,83.83838383838383,,
114,0.3723363106556957,83.11688311688312,,
115,0.3824097207958392,81.96248196248196,,
116,0.3901879442976667,82.53968253968254,,
117,0.3809152195635984,85.42568542568543,,
118,0.3762524957952733,83.98268398268398,,
119,0.3868851622977814,82.68398268398268,,
120,0.3910628497858584,82.25108225108225,,
121,0.37063594048501436,83.40548340548341,,
122,0.35121417465965127,83.69408369408369,,
123,0.36865258182454075,83.26118326118326,,
124,0.3760810920815447,83.54978354978356,,
125,0.36584482715071365,84.41558441558442,0.4839768707752228,79.22077922077922
126,0.35568288987849184,84.7041847041847,,
127,0.3721958197126485,83.83838383838383,,
128,0.3733868263500593,82.53968253968254,,
129,0.3564263742637497,84.27128427128427,,
130,0.3692100066772271,83.54978354978356,,
131,0.3944437809578784,82.82828282828282,,
132,0.3621396990909549,84.7041847041847,,
133,0.37480839983725445,84.12698412698413,,
134,0.35652555970402505,84.99278499278499,,
135,0.36787552617673064,83.54978354978356,,
136,0.36393363831879255,84.12698412698413,,
137,0.36457226925340047,84.41558441558442,,
138,0.3808077460673636,83.83838383838383,,
139,0.3533474508818094,83.26118326118326,,
140,0.36111248563034365,84.55988455988457,,
141,0.3406281942154938,87.15728715728716,,
142,0.35020416665386844,84.7041847041847,,
143,0.3762330273099104,82.25108225108225,,
144,0.36328860958245235,83.26118326118326,,
145,0.3637564667375573,82.82828282828282,,
146,0.3611207479264313,84.27128427128427,,
147,0.3787900846112858,82.82828282828282,,
148,0.3592990360734783,84.27128427128427,,
149,0.3517522946064606,85.13708513708514,,
150,0.35457030170923703,84.99278499278499,0.45885873305333125,81.81818181818181
151,0.35067170075695925,86.002886002886,,
152,0.36143253775902123,83.83838383838383,,
153,0.36032201803435837,84.41558441558442,,
154,0.3456586669017742,84.55988455988457,,
155,0.35962451794446804,83.54978354978356,,
156,0.3640067157635269,83.83838383838383,,
157,0.34715183016885753,84.84848484848484,,
158,0.33750887772049565,83.83838383838383,,
159,0.34887928901640713,84.41558441558442,,
160,0.3512286574809582,85.56998556998558,,
161,0.3247575042352704,86.2914862914863,,
162,0.35727432099255646,86.002886002886,,
163,0.3498640853003162,85.71428571428571,,
164,0.3469857091210449,85.42568542568543,,
165,0.3464331047940048,85.13708513708514,,
166,0.3422335847717687,86.58008658008659,,
167,0.3276477319552613,85.71428571428571,,
168,0.32845432512343875,86.86868686868686,,
169,0.3470897985700233,83.98268398268398,,
170,0.34030279026919114,84.99278499278499,,
171,0.349688597829827,84.55988455988457,,
172,0.3278395594736026,85.56998556998558,,
173,0.33982603204628775,84.41558441558442,,
174,0.33041645257503954,86.14718614718615,,
175,0.3221212517131459,86.2914862914863,0.4695560796694322,77.92207792207792
176,0.3259315903568681,85.13708513708514,,
177,0.33784720598361195,83.83838383838383,,
178,0.355291442523615,85.13708513708514,,
179,0.3299769265913172,86.14718614718615,,
180,0.3496050616406431,84.27128427128427,,
181,0.3205168759409999,86.002886002886,,
182,0.33141530271818453,87.15728715728716,,
183,0.34136544970034866,84.12698412698413,,
184,0.32073942549300916,86.002886002886,,
185,0.32670671981994553,86.72438672438672,,
186,0.3297244380046795,85.42568542568543,,
187,0.3418013695170525,84.27128427128427,,
188,0.32403722220513037,86.58008658008659,,
189,0.32003614422562837,87.15728715728716,,
190,0.33657871391006017,84.84848484848484,,
191,0.33010214971429513,86.002886002886,,
192,0.32174290385511184,87.5901875901876,,
193,0.3259923935452581,86.14718614718615,,
194,0.31473614634545505,87.5901875901876,,
195,0.33135486556510046,86.43578643578644,,
196,0.3447307578326992,85.71428571428571,,
197,0.3409646645424858,85.28138528138528,,
198,0.3244116125684796,86.43578643578644,,
199,0.3378354869191609,85.56998556998558,,
200,0.3330183841965415,85.13708513708514,0.5174822606049575,76.62337662337663
201,0.31893278269196657,85.56998556998558,,
202,0.319745334883961,87.44588744588745,,
203,0.3116803368792733,85.56998556998558,,
204,0.31965233540380156,85.71428571428571,,
205,0.3192022542158763,86.86868686868686,,
206,0.31906341313025655,86.43578643578644,,
207,0.32633208693105936,85.13708513708514,,
208,0.317500680233493,86.2914862914863,,
209,0.3218728650097895,86.86868686868686,,
210,0.3285814376190455,86.002886002886,,
211,0.3242203812793564,86.002886002886,,
212,0.336160762829526,85.85858585858585,,
213,0.3081481627485625,87.5901875901876,,
214,0.334430941922152,85.56998556998558,,
215,0.3186319265057686,86.002886002886,,
216,0.32350196139981047,86.14718614718615,,
217,0.3040867450433376,87.44588744588745,,
218,0.32063086772764915,85.71428571428571,,
219,0.30990877932456323,86.86868686868686,,
220,0.32313499041708,87.01298701298701,,
221,0.3281203565788475,86.86868686868686,,
222,0.32030463842258483,86.58008658008659,,
223,0.2919302875388408,87.44588744588745,,
224,0.32882178535021056,85.85858585858585,,
225,0.30842103612371335,87.01298701298701,0.4963203916301975,77.92207792207792
226,0.3213273784599951,86.2914862914863,,
227,0.29925956717903307,87.15728715728716,,
228,0.2944524980984725,88.31168831168831,,
229,0.32992286281324223,84.55988455988457,,
230,0.32110364895319354,86.58008658008659,,
231,0.3284431246538011,86.14718614718615,,
232,0.30218034281703127,86.14718614718615,,
233,0.3037734560636215,88.45598845598846,,
234,0.31162003035325164,87.01298701298701,,
235,0.31416448950767517,87.01298701298701,,
236,0.30656050773496063,87.44588744588745,,
237,0.30753847685727204,87.44588744588745,,
238,0.3129377408439635,86.58008658008659,,
239,0.32095823719732003,86.2914862914863,,
240,0.29120070060438236,87.01298701298701,,
241,0.3177696687490565,86.86868686868686,,
242,0.29785065878650324,87.5901875901876,,
243,0.3120322978341734,88.02308802308802,,
244,0.30870752610685503,85.85858585858585,,
245,0.2907297560598427,86.43578643578644,,
246,0.29569066104090747,86.72438672438672,,
247,0.2918961137146145,88.31168831168831,,
248,0.3279663604747337,84.84848484848484,,
249,0.2840159274153895,88.74458874458874,,
250,0.298869542057208,86.58008658008659,0.5140753891560939,76.62337662337663
251,0.3138108951446814,86.58008658008659,,
252,0.29683575378179894,86.43578643578644,,
253,0.3021708524599134,86.43578643578644,,
254,0.300558837289246,87.3015873015873,,
255,0.31464832840543805,86.43578643578644,,
256,0.31457453239359723,86.2914862914863,,
257,0.29122749031192124,88.16738816738817,,
258,0.30780362389433435,87.5901875901876,,
259,0.3016995123088962,87.3015873015873,,
260,0.29847329760354663,86.86868686868686,,
261,0.30416498990113944,88.16738816738817,,
262,0.30741202943080775,86.86868686868686,,
263,0.2803851248209955,87.73448773448773,,
264,0.2856971845998392,88.88888888888889,,
265,0.3070155153370867,85.85858585858585,,
266,0.31590332088704404,85.85858585858585,,
267,0.3120080932738289,86.58008658008659,,
268,0.27813835678592563,89.03318903318903,,
269,0.2804575381426928,88.31168831168831,,
270,0.2874950412203911,87.01298701298701,,
271,0.29224649561948074,87.5901875901876,,
272,0.29890631869284795,87.3015873015873,,
273,0.2836183403305505,87.44588744588745,,
274,0.29212271840369375,87.5901875901876,,
275,0.2776947781379089,89.17748917748918,0.48510543905295334,79.22077922077922
276,0.289063011154984,88.16738816738817,,
277,0.27220596174184036,88.60028860028861,,
278,0.3013430711682913,86.2914862914863,,
279,0.2955254073782917,86.2914862914863,,
280,0.2924091511474543,87.44588744588745,,
281,0.29286308249009807,88.02308802308802,,
282,0.2820548862433881,88.74458874458874,,
283,0.2900558052931255,87.3015873015873,,
284,0.2792018432207782,88.31168831168831,,
285,0.2908016363048622,87.01298701298701,,
286,0.2785894050656631,87.44588744588745,,
287,0.29924752185871073,88.16738816738817,,
288,0.28248546469263186,88.16738816738817,,
289,0.2696107512428647,89.17748917748918,,
290,0.28265702724456787,88.02308802308802,,
291,0.27523353024994657,89.17748917748918,,
292,0.3143568035930094,87.3015873015873,,
293,0.2718709659954858,89.17748917748918,,
294,0.2746847950534903,88.45598845598846,,
295,0.26980242042830493,89.46608946608947,,
296,0.2975021093266695,87.15728715728716,,
297,0.27867592959348947,88.16738816738817,,
298,0.3023274965466015,86.72438672438672,,
299,0.28558617845328166,88.88888888888889,,
300,0.28319729013639955,87.3015873015873,0.5349496877812719,75.32467532467533
301,0.2855805251720492,88.16738816738817,,
302,0.2783369566670056,88.02308802308802,,
303,0.2675733421788071,88.31168831168831,,
304,0.258701854808764,90.33189033189034,,
305,0.2672676227739535,88.88888888888889,,
306,0.2787254543445499,88.60028860028861,,
307,0.2957316811638649,86.43578643578644,,
308,0.2870702709932778,88.16738816738817,,
309,0.2720197793338206,88.74458874458874,,
310,0.28870363453937986,87.87878787878788,,
311,0.26465302886384906,88.31168831168831,,
312,0.27584581672715247,88.74458874458874,,
313,0.2718889947663482,89.17748917748918,,
314,0.2692960525229896,88.31168831168831,,
315,0.2775395457104687,89.17748917748918,,
316,0.28269029377514837,88.88888888888889,,
317,0.2727755168815712,88.74458874458874,,
318,0.2801777038610343,87.73448773448773,,
319,0.2662424896917646,89.75468975468975,,
320,0.2826532957185742,88.31168831168831,,
321,0.27248850099817673,87.5901875901876,,
322,0.25941124463838244,89.17748917748918,,
323,0.2639151001389409,89.03318903318903,,
324,0.2779018124202629,89.17748917748918,,
325,0.2810672206151021,89.17748917748918,0.5143628019791144,74.02597402597402
326,0.2653891896025357,88.45598845598846,,
327,0.27287443827241015,88.45598845598846,,
328,0.26969269085756115,89.46608946608947,,
329,0.2595493189700238,89.46608946608947,,
330,0.26331797594803924,90.62049062049061,,
331,0.26866595302997387,88.16738816738817,,
332,0.26397847570210137,89.03318903318903,,
333,0.2579586316023726,89.75468975468975,,
334,0.2683753159655121,89.46608946608947,,
335,0.25814523531761,88.60028860028861,,
336,0.28486875280157314,89.17748917748918,,
337,0.2674788690318621,89.17748917748918,,
338,0.2598217847242328,88.16738816738817,,
339,0.24674411442716745,89.32178932178932,,
340,0.26263148340827974,88.31168831168831,,
341,0.25877803134023714,89.03318903318903,,
342,0.27058297550523436,89.32178932178932,,
343,0.26895355559014655,89.75468975468975,,
344,0.28735673728615346,87.44588744588745,,
345,0.2521406954845137,89.8989898989899,,
346,0.26053167174302827,89.17748917748918,,
347,0.2893976696469911,87.87878787878788,,
348,0.24930051590543117,89.32178932178932,,
349,0.24439960821366413,89.32178932178932,,
350,0.25916980649915783,88.74458874458874,0.5346156436127502,77.92207792207792
351,0.2632791865482647,88.02308802308802,,
352,0.2553951508469052,89.46608946608947,,
353,0.2654400115878379,88.74458874458874,,
354,0.25369074052632457,90.18759018759019,,
355,0.24612275541129738,90.18759018759019,,
356,0.25673197661385394,90.62049062049061,,
357,0.2596884180199016,88.60028860028861,,
358,0.24892949542463427,89.46608946608947,,
359,0.2550708878177929,88.88888888888889,,
360,0.26712681354973655,88.88888888888889,,
361,0.26226220635796693,89.8989898989899,,
362,0.2576099937730623,88.45598845598846,,
363,0.24332189620143235,89.8989898989899,,
364,0.24623457874570573,90.04329004329004,,
365,0.2565515411192549,89.32178932178932,,
366,0.2560920103158786,89.32178932178932,,
367,0.2521102488642991,89.32178932178932,,
368,0.27086750769511964,88.31168831168831,,
369,0.2503363582564983,88.02308802308802,,
370,0.26233471721453755,88.60028860028861,,
371,0.26029892079800926,89.03318903318903,,
372,0.2577534362695262,87.87878787878788,,
373,0.262795561491841,91.05339105339105,,
374,0.26916397826324123,88.16738816738817,,
375,0.23829543809332546,90.18759018759019,0.5164821492387103,77.92207792207792
376,0.2495311034620238,89.8989898989899,,
377,0.23041523947860254,90.47619047619048,,
378,0.2526187330785424,89.75468975468975,,
379,0.2622414475245049,88.60028860028861,,
380,0.24998241460856593,90.04329004329004,,
381,0.2713523147383122,88.60028860028861,,
382,0.24498032394683722,89.6103896103896,,
383,0.27903261346390407,87.73448773448773,,
384,0.25236224345486574,90.47619047619048,,
385,0.24940937333894841,90.18759018759019,,
386,0.25500331380408564,89.32178932178932,,
387,0.24818932528447624,89.75468975468975,,
388,0.2588235249939075,89.17748917748918,,
389,0.24557231829473467,89.8989898989899,,
390,0.2588276931905815,89.17748917748918,,
391,0.27157959191486086,88.45598845598846,,
392,0.250501489484465,89.46608946608947,,
393,0.24634560121258273,90.18759018759019,,
394,0.24746947537994746,90.18759018759019,,
395,0.2595437578265629,88.88888888888889,,
396,0.24413526176460207,89.8989898989899,,
397,0.2523437797550171,89.17748917748918,,
398,0.24077419448552537,90.33189033189034,,
399,0.23233672447266088,90.9090909090909,,
400,0.2528094661893783,89.32178932178932,0.5382383260634038,77.92207792207792
401,0.24742537557347685,90.18759018759019,,
402,0.2563500695070319,89.17748917748918,,
403,0.24224533220218203,91.63059163059162,,
404,0.2728882810426137,88.31168831168831,,
405,0.2590908139385014,89.8989898989899,,
406,0.23459793229467768,90.9090909090909,,
407,0.25287048288582037,89.8989898989899,,
408,0.25088570519615216,90.04329004329004,,
409,0.2554934402607908,90.62049062049061,,
410,0.2578070296020305,88.31168831168831,,
411,0.2339186395960625,91.1976911976912,,
412,0.24685337576708752,89.8989898989899,,
413,0.23989923399420185,89.8989898989899,,
414,0.22460033296248613,90.47619047619048,,
415,0.23974517073810186,89.6103896103896,,
416,0.24337074758342506,90.04329004329004,,
417,0.25115324107427445,88.45598845598846,,
418,0.26327876585386534,88.74458874458874,,
419,0.24894543085784837,90.9090909090909,,
420,0.24513079997953055,90.04329004329004,,
421,0.2666068717858836,88.88888888888889,,
422,0.2299901649119362,90.62049062049061,,
423,0.22773299102831368,91.05339105339105,,
424,0.25944609542257685,89.32178932178932,,
425,0.25882306254185294,90.18759018759019,0.564191162199169,77.92207792207792
426,0.22794852473519064,91.05339105339105,,
427,0.2481682024906896,89.03318903318903,,
428,0.24961172211995888,89.6103896103896,,
429,0.25415547706071195,89.46608946608947,,
430,0.2493653841219939,89.8989898989899,,
431,0.25181107807899106,87.73448773448773,,
432,0.24323074233652364,89.8989898989899,,
433,0.25098709221311116,88.45598845598846,,
434,0.2540472237578718,89.03318903318903,,
435,0.2385406525319101,89.46608946608947,,
436,0.23353672716739718,90.04329004329004,,
437,0.2539111414082983,89.8989898989899,,
438,0.23586797232579704,89.6103896103896,,
439,0.2219077411281082,91.05339105339105,,
440,0.23286934505508403,90.9090909090909,,
441,0.23813089453124725,90.18759018759019,,
442,0.21296469710261962,91.1976911976912,,
443,0.23419747818772066,90.33189033189034,,
444,0.24474021194645165,88.88888888888889,,
445,0.21694427788859666,91.91919191919192,,
446,0.2374081201797612,90.76479076479076,,
447,0.2410936692748407,89.75468975468975,,
448,0.24605662993882468,89.32178932178932,,
449,0.24686898338416266,90.33189033189034,,
450,0.24238234721823,89.75468975468975,0.5099852448934085,80.51948051948052
451,0.2299524418375365,90.18759018759019,,
452,0.20110976608929695,91.34199134199135,,
453,0.2382692117432151,89.75468975468975,,
454,0.24249886550428548,90.62049062049061,,
455,0.21919791703616387,90.76479076479076,,
456,0.24636155001356833,90.47619047619048,,
457,0.24998768832948473,90.47619047619048,,
458,0.22968464171645617,91.05339105339105,,
459,0.24171360006924145,90.76479076479076,,
460,0.22416712513561718,90.62049062049061,,
461,0.24683686286684067,88.45598845598846,,
462,0.2202727042063318,92.06349206349206,,
463,0.24090549603513137,89.46608946608947,,
464,0.22482555936941337,91.05339105339105,,
465,0.2274900178974669,89.6103896103896,,
466,0.20359125419440552,91.63059163059162,,
467,0.21964523303732383,91.1976911976912,,
468,0.22605397643637004,90.9090909090909,,
469,0.2308083985425521,89.46608946608947,,
470,0.22462910258924806,91.48629148629149,,
471,0.23569605335012658,91.63059163059162,,
472,0.2288798602112444,91.05339105339105,,
473,0.2149799634711911,90.47619047619048,,
474,0.2541476671098803,89.32178932178932,,
475,0.21564634434588545,91.48629148629149,0.5837842752407123,80.51948051948052
476,0.21854063557275447,91.77489177489177,,
477,0.22962602471440902,91.05339105339105,,
478,0.22640825339295992,90.76479076479076,,
479,0.23172596668956255,91.1976911976912,,
480,0.21887117908652037,91.91919191919192,,
481,0.23679935725736412,89.75468975468975,,
482,0.2203267759510449,91.1976911976912,,
483,0.2559523596031884,89.32178932178932,,
484,0.2402800193424693,90.47619047619048,,
485,0.21792178610702614,91.48629148629149,,
486,0.22653583608148417,89.75468975468975,,
487,0.23899609828838195,89.32178932178932,,
488,0.25088967378069826,90.18759018759019,,
489,0.22676666134707685,91.48629148629149,,
490,0.22556082910789557,90.76479076479076,,
491,0.21422418158549766,91.48629148629149,,
492,0.2312510734340673,88.88888888888889,,
493,0.22091163140634265,91.63059163059162,,
494,0.24135816227349025,90.9090909090909,,
495,0.2325870039917174,90.33189033189034,,
496,0.23246381288827067,90.76479076479076,,
497,0.22226692362007125,91.1976911976912,,
498,0.23096565298015764,90.04329004329004,,
499,0.22017949841067216,91.63059163059162,,
500,0.22885448211457307,90.76479076479076,0.5147150642686076,81.81818181818181
501,0.2010199480500572,91.63059163059162,,
502,0.22218582072815338,91.48629148629149,,
503,0.24291915690572058,90.33189033189034,,
504,0.22620916361201548,91.63059163059162,,
505,0.19869737346451005,92.06349206349206,,
506,0.23747517450203284,90.04329004329004,,
507,0.21841350437736967,91.48629148629149,,
508,0.20877070297066438,91.77489177489177,,
509,0.20308859824252679,92.06349206349206,,
510,0.22245788753494986,91.34199134199135,,
511,0.22918836017707725,90.18759018759019,,
512,0.22322498178069208,90.9090909090909,,
513,0.2138763175468252,90.9090909090909,,
514,0.2652294288508992,90.04329004329004,,
515,0.23554212147367293,91.05339105339105,,
516,0.20451879727117944,91.77489177489177,,
517,0.2083554593107057,91.48629148629149,,
518,0.23271888208509695,90.33189033189034,,
519,0.22872210120913958,91.1976911976912,,
520,0.2178931634921532,91.77489177489177,,
521,0.20666336204754499,92.4963924963925,,
522,0.234206228502213,90.47619047619048,,
523,0.23016513262648258,90.9090909090909,,
524,0.22896872531800044,91.63059163059162,,
525,0.22936886764019943,90.62049062049061,0.528120031217476,83.11688311688312
526,0.23415077652938093,90.9090909090909,,
527,0.19908382755423348,91.91919191919192,,
528,0.23660435840422972,90.9090909090909,,
529,0.2266868892170134,90.18759018759019,,
530,0.2453510637407179,90.18759018759019,,
531,0.2420763447880745,90.33189033189034,,
532,0.20218163672807757,92.35209235209236,,
533,0.2203289574874944,91.1976911976912,,
534,0.21443352516079361,90.9090909090909,,
535,0.2162979297866725,90.9090909090909,,
536,0.21688547173533776,91.63059163059162,,
537,0.23088589908950258,90.04329004329004,,
538,0.23282497446086328,91.05339105339105,,
539,0.21663159810404412,91.05339105339105,,
540,0.21559362285494976,91.05339105339105,,
541,0.2183978275045172,91.05339105339105,,
542,0.24476887649099893,89.32178932178932,,
543,0.2112627782002844,92.06349206349206,,
544,0.2212893914587226,91.1976911976912,,
545,0.2242828318997035,91.1976911976912,,
546,0.20480238574235815,92.92929292929293,,
547,0.19942191202317136,92.64069264069263,,
548,0.21266467743492745,91.1976911976912,,
549,0.20577035046587086,91.77489177489177,,
550,0.2271942864420782,90.62049062049061,0.556572103848705,77.92207792207792
551,0.21952692392412546,92.64069264069263,,
552,0.23230336273215377,90.33189033189034,,
553,0.24228566224870915,90.62049062049061,,
554,0.21859579970912327,90.62049062049061,,
555,0.21738809441763257,91.34199134199135,,
556,0.19049303759357114,92.4963924963925,,
557,0.21145560352661222,91.77489177489177,,
558,0.21489767859250436,91.91919191919192,,
559,0.21605620213917323,91.34199134199135,,
560,0.2203524187422246,92.06349206349206,,
561,0.1934389528989104,92.78499278499278,,
562,0.23070394932621657,90.47619047619048,,
563,0.21909585070472432,90.47619047619048,,
564,0.20516395336621768,91.91919191919192,,
565,0.19267914004484124,92.78499278499278,,
566,0.1921753136261029,91.91919191919192,,
567,0.20288095701738526,91.77489177489177,,
568,0.21152308470371997,90.9090909090909,,
569,0.1886127863783513,93.21789321789322,,
570,0.20892501384836942,91.05339105339105,,
571,0.19845740325093097,92.64069264069263,,
572,0.21229495326376924,91.05339105339105,,
573,0.20978251933879494,91.34199134199135,,
574,0.211287606115121,91.63059163059162,,
575,0.21020052765871022,92.06349206349206,0.5537709744719715,83.11688311688312
576,0.1989600919348337,92.64069264069263,,
577,0.20173915407874368,91.05339105339105,,
578,0.21538879895451093,91.1976911976912,,
579,0.2059703730315529,91.05339105339105,,
580,0.22037340509255038,91.48629148629149,,
581,0.2117408484779567,91.1976911976912,,
582,0.21135324308538506,91.63059163059162,,
583,0.19819469189924466,91.63059163059162,,
584,0.20761596580260416,91.63059163059162,,
585,0.21383508429210768,90.9090909090909,,
586,0.1998355014499648,92.20779220779221,,
587,0.19813888989829742,92.92929292929293,,
588,0.20953003453657912,91.1976911976912,,
589,0.21203164440212827,91.05339105339105,,
590,0.22430292268594107,91.48629148629149,,
591,0.1988546731646615,91.91919191919192,,
592,0.18579539607183584,91.1976911976912,,
593,0.20169429872373137,92.4963924963925,,
594,0.18747593133480517,93.50649350649351,,
595,0.20541827296797846,91.48629148629149,,
596,0.17862040294713272,93.79509379509379,,
597,0.20183812150621483,90.9090909090909,,
598,0.2133957560336779,90.76479076479076,,
599,0.1902475185036487,93.79509379509379,,
600,0.20947698894001188,91.48629148629149,0.538406080239779,81.81818181818181
601,0.22443034168746737,91.05339105339105,,
602,0.2164486012869067,91.48629148629149,,
603,0.17913646142376105,93.36219336219337,,
604,0.2102233235540156,91.1976911976912,,
605,0.2049270775464792,92.4963924963925,,
606,0.18550994102056925,92.20779220779221,,
607,0.19375711120396294,91.1976911976912,,
608,0.20864612246295075,90.76479076479076,,
609,0.1957383101851737,91.77489177489177,,
610,0.19966724190275045,91.77489177489177,,
611,0.17963176574369874,93.50649350649351,,
612,0.19778766244391857,91.77489177489177,,
613,0.20529349146123227,92.06349206349206,,
614,0.21380575279695818,90.9090909090909,,
615,0.20642887399912224,92.35209235209236,,
616,0.2000734977327384,92.35209235209236,,
617,0.20529985346147336,91.34199134199135,,
618,0.2078424355426392,91.91919191919192,,
619,0.20469869325988393,91.34199134199135,,
620,0.20194628238032908,91.48629148629149,,
621,0.2212784955705399,89.8989898989899,,
622,0.20506951015060942,92.78499278499278,,
623,0.1988420013182435,90.33189033189034,,
624,0.19228813611239753,92.20779220779221,,
625,0.2149748427640179,90.33189033189034,0.5286075883097463,84.41558441558442
626,0.20923521340667428,91.48629148629149,,
627,0.20219348549498797,91.05339105339105,,
628,0.20298719427630327,93.21789321789322,,
629,0.20357870793273783,91.1976911976912,,
630,0.20313397699276262,91.63059163059162,,
631,0.1957632548365242,92.64069264069263,,
632,0.2022909401643156,92.20779220779221,,
633,0.1962747031132036,92.06349206349206,,
634,0.19402731931398784,93.79509379509379,,
635,0.2139208685999137,90.47619047619048,,
636,0.22612710701352762,90.33189033189034,,
637,0.210046408453373,92.64069264069263,,
638,0.2318131187540972,91.48629148629149,,
639,0.1830278637605312,92.92929292929293,,
640,0.214673056198663,91.34199134199135,,
641,0.17771124598955867,92.4963924963925,,
642,0.2164260774291783,91.34199134199135,,
643,0.1876744336810119,92.35209235209236,,
644,0.20037086903618873,91.77489177489177,,
645,0.20023556481536162,91.77489177489177,,
646,0.21851302470479692,90.9090909090909,,
647,0.20386640377030915,91.1976911976912,,
648,0.20646715701744497,92.06349206349206,,
649,0.1990613601940535,91.91919191919192,,
650,0.18603136043183904,93.07359307359307,0.5876934454812632,81.81818181818181
651,0.21347805184633356,90.33189033189034,,
652,0.18693077456727517,92.4963924963925,,
653,0.1760003183999275,92.92929292929293,,
654,0.18942966940577585,93.07359307359307,,
655,0.18452379017165213,91.91919191919192,,
656,0.18517871774614802,92.06349206349206,,
657,0.17742439590577266,94.08369408369408,,
658,0.21323574010771934,90.9090909090909,,
659,0.1869729823966391,92.20779220779221,,
660,0.17266670156479913,92.4963924963925,,
661,0.19960018453788964,91.34199134199135,,
662,0.19200600565425932,93.50649350649351,,
663,0.1777037511570285,92.78499278499278,,
664,0.19961710497844443,91.77489177489177,,
665,0.1817665978470578,93.36219336219337,,
666,0.18669872169757817,92.20779220779221,,
667,0.1892536168576663,92.20779220779221,,
668,0.1948904564112296,92.06349206349206,,
669,0.20413943258628872,91.77489177489177,,
670,0.18697135705194431,93.21789321789322,,
671,0.19462843452181136,92.4963924963925,,
672,0.17403025268798783,93.36219336219337,,
673,0.18572483696634806,92.20779220779221,,
674,0.2075577617379666,90.9090909090909,,
675,0.17958494710156755,92.20779220779221,0.604965130230049,83.11688311688312
676,0.1859996346017671,93.07359307359307,,
677,0.19435178401408257,91.63059163059162,,
678,0.19371865105964406,92.4963924963925,,
679,0.18923809191193244,92.06349206349206,,
680,0.19119240741365057,93.07359307359307,,
681,0.20376780581852746,92.06349206349206,,
682,0.18127421039179462,92.06349206349206,,
683,0.18014855685000125,93.07359307359307,,
684,0.17851211840198153,92.4963924963925,,
685,0.2020627013360611,91.91919191919192,,
686,0.19197040899491413,92.78499278499278,,
687,0.19645293080617512,92.20779220779221,,
688,0.19470886279752245,92.64069264069263,,
689,0.17543304721256356,93.65079365079364,,
690,0.19508714894367674,91.77489177489177,,
691,0.2022092067868372,92.4963924963925,,
692,0.19657409112647842,92.20779220779221,,
693,0.19221145637107617,92.78499278499278,,
694,0.20666752246035125,92.92929292929293,,
695,0.19573044041534524,91.48629148629149,,
696,0.1765145372174691,92.92929292929293,,
697,0.1835847002323744,91.77489177489177,,
698,0.1797451437766762,93.07359307359307,,
699,0.1939898428935853,92.20779220779221,,
700,0.20239007165507664,92.78499278499278,0.5538310441490891,83.11688311688312
701,0.20103646993293048,92.64069264069263,,
702,0.17971803856446458,92.20779220779221,,
703,0.17862062321768868,91.91919191919192,,
704,0.20068185352874868,92.4963924963925,,
705,0.1776298453969529,93.50649350649351,,
706,0.21058201372709454,91.34199134199135,,
707,0.19425223836565086,92.4963924963925,,
708,0.18799470685433173,93.50649350649351,,
709,0.19910400132897269,91.34199134199135,,
710,0.19572094904223905,92.06349206349206,,
711,0.19350116771967035,92.06349206349206,,
712,0.18100327781763084,92.92929292929293,,
713,0.18990469515904204,93.65079365079364,,
714,0.1962187410460605,92.20779220779221,,
715,0.18203442940464268,93.65079365079364,,
716,0.1849471234957033,92.35209235209236,,
717,0.18404149178625184,93.65079365079364,,
718,0.19442206625470523,93.07359307359307,,
719,0.1825576794439924,93.36219336219337,,
720,0.20849512059988742,91.63059163059162,,
721,0.18358841491123987,93.50649350649351,,
722,0.18286837747086696,92.64069264069263,,
723,0.19164321192071207,91.91919191919192,,
724,0.17320132730757176,92.35209235209236,,
725,0.17581431984815418,92.35209235209236,0.5279234674843875,84.41558441558442
726,0.19200189560006709,92.64069264069263,,
727,0.19057696851300987,92.20779220779221,,
728,0.187402597237459,92.20779220779221,,
729,0.17803772385158237,92.20779220779221,,
730,0.18464383741499368,92.92929292929293,,
731,0.17134576839694557,93.50649350649351,,
732,0.18677714080005497,91.91919191919192,,
733,0.20466644313686339,91.77489177489177,,
734,0.16748202054574549,93.65079365079364,,
735,0.17777686592992423,92.64069264069263,,
736,0.2017758715290356,92.20779220779221,,
737,0.20487883544028407,92.06349206349206,,
738,0.16883025005524294,93.65079365079364,,
739,0.19239117379446782,92.64069264069263,,
740,0.17787932577942098,93.07359307359307,,
741,0.18848412725832556,92.06349206349206,,
742,0.18476109582968434,92.64069264069263,,
743,0.18559071699004154,92.64069264069263,,
744,0.17241502796201652,93.07359307359307,,
745,0.17159168055068708,93.79509379509379,,
746,0.17677419907903946,93.50649350649351,,
747,0.1673347789573807,93.93939393939394,,
748,0.1784158121111761,92.06349206349206,,
749,0.16584524973517373,91.63059163059162,,
750,0.18101648567042825,92.92929292929293,0.5476414619328139,84.41558441558442
751,0.17863540614795204,92.35209235209236,,
752,0.20526063872278166,90.76479076479076,,
753,0.19101697394643166,91.91919191919192,,
754,0.19866409566667345,91.34199134199135,,
755,0.16528010924184133,93.65079365079364,,
756,0.18640313614401724,92.4963924963925,,
757,0.18080453916545555,93.36219336219337,,
758,0.1730707087601074,92.78499278499278,,
759,0.16949165813506595,93.36219336219337,,
760,0.1761165859089011,93.07359307359307,,
761,0.2044592174616727,92.4963924963925,,
762,0.19194855954911974,92.64069264069263,,
763,0.15304066238637265,94.8051948051948,,
764,0.17235195133593176,92.35209235209236,,
765,0.1856142066816919,93.21789321789322,,
766,0.17740989433437543,92.35209235209236,,
767,0.18240124566687477,93.07359307359307,,
768,0.1960182450859556,91.77489177489177,,
769,0.20023553199060853,91.63059163059162,,
770,0.1815838540808807,92.78499278499278,,
771,0.17602181378725115,92.4963924963925,,
772,0.1912368999264629,92.92929292929293,,
773,0.17257363627050581,93.65079365079364,,
774,0.18554040139694233,92.20779220779221,,
775,0.1578988968938976,93.36219336219337,0.5681844711690754,81.81818181818181
776,0.1632962033803028,93.79509379509379,,
777,0.17955088445548542,92.92929292929293,,
778,0.14372429778479567,94.22799422799423,,
779,0.1710873192752756,92.78499278499278,,
780,0.17948412400647504,93.50649350649351,,
781,0.16064995540168894,93.93939393939394,,
782,0.2083123969518906,90.62049062049061,,
783,0.16127360637956883,94.08369408369408,,
784,0.18600392749084194,92.4963924963925,,
785,0.19078995452986824,93.07359307359307,,
786,0.16306295083542752,93.65079365079364,,
787,0.19023426230808702,92.4963924963925,,
788,0.18179347491883613,92.06349206349206,,
789,0.1627373384986433,94.66089466089466,,
790,0.17574881380598611,93.79509379509379,,
791,0.1718438651310589,93.36219336219337,,
792,0.18185828143427038,92.78499278499278,,
793,0.18781269816910207,92.64069264069263,,
794,0.1903096128894825,93.36219336219337,,
795,0.16789414115454385,92.78499278499278,,
796,0.18211739816706934,93.36219336219337,,
797,0.17743184100325834,92.4963924963925,,
798,0.17396202869444527,93.36219336219337,,
799,0.16323084672335078,94.37229437229438,,
800,0.18331712187626661,92.92929292929293,0.5818336172537371,81.81818181818181
801,0.16942499752168533,92.64069264069263,,
802,0.1667916960826125,94.51659451659452,,
803,0.16850669130489423,93.79509379509379,,
804,0.16292652100711674,94.08369408369408,,
805,0.19345938411109892,93.36219336219337,,
806,0.18387340075869926,92.64069264069263,,
807,0.15493152847494743,93.79509379509379,,
808,0.15751480188054096,94.51659451659452,,
809,0.18970292602352593,93.21789321789322,,
810,0.15006351424717113,94.51659451659452,,
811,0.17112590480074394,93.50649350649351,,
812,0.19052346614102092,93.07359307359307,,
813,0.1578316053667984,93.65079365079364,,
814,0.19858077663019794,91.1976911976912,,
815,0.16837573386621252,93.07359307359307,,
816,0.163942144116626,92.35209235209236,,
817,0.16720650829966105,92.35209235209236,,
818,0.1810122240243364,93.21789321789322,,
819,0.16943370173503827,93.21789321789322,,
820,0.16184623365278367,94.08369408369408,,
821,0.16133151425943745,94.08369408369408,,
822,0.1641236994345639,92.78499278499278,,
823,0.18091494124517124,92.92929292929293,,
824,0.179681167081751,91.77489177489177,,
825,0.16102646259002354,94.08369408369408,0.5612402128708827,83.11688311688312
826,0.16302272066753493,92.4963924963925,,
827,0.1764825764602698,91.77489177489177,,
828,0.19038219615537538,91.91919191919192,,
829,0.16605001194523528,92.92929292929293,,
830,0.17914424329179018,92.4963924963925,,
831,0.19004713825365424,93.50649350649351,,
832,0.18045369002425138,92.64069264069263,,
833,0.17588667289863244,93.36219336219337,,
834,0.19368333903828053,93.07359307359307,,
835,0.16203823201304562,92.20779220779221,,
836,0.14969119883288898,94.66089466089466,,
837,0.1660488692863507,92.64069264069263,,
838,0.1644131231617618,92.92929292929293,,
839,0.17137695905385594,93.50649350649351,,
840,0.17847095811564856,92.4963924963925,,
841,0.166345823271278,92.78499278499278,,
842,0.17446329748368195,91.77489177489177,,
843,0.15001338526800082,95.0937950937951,,
844,0.17333166378659087,92.35209235209236,,
845,0.16731616858968143,92.92929292929293,,
846,0.1615181513652098,93.36219336219337,,
847,0.17064366818635496,92.35209235209236,,
848,0.15580660545550729,94.22799422799423,,
849,0.17498194900425998,92.35209235209236,,
850,0.18620806244372634,93.65079365079364,0.5214056556488013,83.11688311688312
851,0.16870837722075793,93.36219336219337,,
852,0.1700187913460649,92.06349206349206,,
853,0.16027890999423822,93.36219336219337,,
854,0.15267681780917647,93.50649350649351,,
855,0.15342660052607757,92.92929292929293,,
856,0.16328934690825006,92.78499278499278,,
857,0.19140912183865497,92.78499278499278,,
858,0.1696568615627065,93.07359307359307,,
859,0.1594679079960607,92.92929292929293,,
860,0.1787378698114365,93.36219336219337,,
861,0.1692679130282753,92.92929292929293,,
862,0.18875733613537848,92.20779220779221,,
863,0.18109002188493162,92.92929292929293,,
864,0.15971642240215345,92.78499278499278,,
865,0.1724852460394862,92.92929292929293,,
866,0.1603809663539411,94.22799422799423,,
867,0.15494029204566756,93.50649350649351,,
868,0.16678997179732521,92.78499278499278,,
869,0.1677151555007305,93.65079365079364,,
870,0.17110739022084817,92.35209235209236,,
871,0.1627866770281936,94.08369408369408,,
872,0.1731889033407876,92.64069264069263,,
873,0.15847520340733973,93.93939393939394,,
874,0.14129786045004278,94.66089466089466,,
875,0.15873388928854448,93.50649350649351,0.5433112299674517,80.51948051948052
876,0.13369034400578014,94.37229437229438,,
877,0.15154764391643144,94.51659451659452,,
878,0.2047693311609059,91.91919191919192,,
879,0.1937313676082017,92.20779220779221,,
880,0.15714832490463276,94.8051948051948,,
881,0.1538499535463245,94.08369408369408,,
882,0.18366437496733012,92.4963924963925,,
883,0.17750745917123462,92.35209235209236,,
884,0.15515182304906983,93.65079365079364,,
885,0.17247459051584957,92.92929292929293,,
886,0.15045176089498044,93.36219336219337,,
887,0.14694449836643572,94.08369408369408,,
888,0.18012525602767962,92.78499278499278,,
889,0.1368375126847629,95.67099567099567,,
890,0.1523576219919612,94.08369408369408,,
891,0.16507640493896616,93.79509379509379,,
892,0.1693565153999289,93.65079365079364,,
893,0.15638870494319246,94.37229437229438,,
894,0.14980483973804662,93.07359307359307,,
895,0.17909606306411832,92.20779220779221,,
896,0.15612908208697046,93.36219336219337,,
897,0.16750300728311443,92.78499278499278,,
898,0.1523146228206278,94.37229437229438,,
899,0.16912910969952097,93.07359307359307,,
900,0.17179242709670403,93.07359307359307,0.581941542300311,81.81818181818181
901,0.1709964099900547,93.79509379509379,,
902,0.14699597809393858,94.08369408369408,,
903,0.15461737153249352,94.22799422799423,,
904,0.15521355190490405,93.93939393939394,,
905,0.1706595729262411,93.36219336219337,,
906,0.1686615130903057,92.78499278499278,,
907,0.1647104797468213,93.50649350649351,,
908,0.16232629477289676,93.21789321789322,,
909,0.16755883256981383,93.21789321789322,,
910,0.15552243753773137,93.65079365079364,,
911,0.14443280297959113,94.37229437229438,,
912,0.16046164751396894,93.36219336219337,,
913,0.17606432631364546,91.91919191919192,,
914,0.14939019982776944,93.36219336219337,,
915,0.14749529839508116,94.94949494949495,,
916,0.1644523324361568,93.65079365079364,,
917,0.14348318842797397,95.23809523809524,,
918,0.18102440947578066,92.78499278499278,,
919,0.15088732521255294,93.36219336219337,,
920,0.1635196612741997,93.36219336219337,,
921,0.1653787882469089,93.21789321789322,,
922,0.15550430822166014,93.65079365079364,,
923,0.14095547524365512,94.8051948051948,,
924,0.14785414944909525,93.50649350649351,,
925,0.13849436292830655,94.66089466089466,0.6037115628843184,81.81818181818181
926,0.14605811883360792,95.0937950937951,,
927,0.1539218659266765,93.65079365079364,,
928,0.14494275941391183,94.66089466089466,,
929,0.1394546694225735,94.51659451659452,,
930,0.15108002401088078,94.66089466089466,,
931,0.16147828725681332,93.65079365079364,,
932,0.1490749091925946,93.93939393939394,,
933,0.13933673919236333,94.08369408369408,,
934,0.1549824212837701,93.50649350649351,,
935,0.15736310882292268,94.08369408369408,,
936,0.1536198500637906,92.64069264069263,,
937,0.15478495511657747,94.37229437229438,,
938,0.15327305929442334,93.93939393939394,,
939,0.1573874976547787,93.36219336219337,,
940,0.1308227525688009,95.0937950937951,,
941,0.17358870515102603,92.64069264069263,,
942,0.16122953018541805,93.65079365079364,,
943,0.14267270053060885,93.79509379509379,,
944,0.14063470992347035,94.8051948051948,,
945,0.14730379209029898,93.50649350649351,,
946,0.1463025776349535,93.79509379509379,,
947,0.15088771756679292,94.22799422799423,,
948,0.13621039034376756,94.51659451659452,,
949,0.1625215086876314,92.4963924963925,,
950,0.16629648991305418,93.36219336219337,0.5713543717737322,85.71428571428571
951,0.16581949988355885,94.51659451659452,,
952,0.13473511177611042,95.23809523809524,,
953,0.14985009280677136,93.65079365079364,,
954,0.14801710181766087,94.08369408369408,,
955,0.15083909675500437,94.37229437229438,,
956,0.14933696294587756,93.65079365079364,,
957,0.13943897587654394,94.66089466089466,,
958,0.1708985393676063,93.21789321789322,,
959,0.1523202567765809,94.37229437229438,,
960,0.1401063000183945,95.38239538239539,,
961,0.1620561360834438,94.22799422799423,,
962,0.15351095649347912,93.21789321789322,,
963,0.1746270029145746,93.65079365079364,,
964,0.14804746806191504,94.66089466089466,,
965,0.1481922423120314,94.8051948051948,,
966,0.16185658877718156,93.36219336219337,,
967,0.1531138638784359,93.93939393939394,,
968,0.1690717785260378,92.64069264069263,,
969,0.13957610079403132,93.79509379509379,,
970,0.13527560353408127,95.0937950937951,,
971,0.15207173779585317,94.51659451659452,,
972,0.15882140527039895,94.08369408369408,,
973,0.14609830019105907,93.79509379509379,,
974,0.14529450356014192,95.23809523809524,,
975,0.15375152681813095,94.8051948051948,0.5339977060045514,83.11688311688312
976,0.15270260771975716,93.93939393939394,,
977,0.15510169618788563,94.51659451659452,,
978,0.158873687155577,93.65079365079364,,
979,0.13507530551194113,95.0937950937951,,
980,0.15506726206639113,93.50649350649351,,
981,0.16068180544035776,94.22799422799423,,
982,0.15489181097795782,93.79509379509379,,
983,0.15415444633887185,94.51659451659452,,
984,0.13094931027030876,95.23809523809524,,
985,0.14608943154887546,94.94949494949495,,
986,0.15288067726259796,94.22799422799423,,
987,0.1286504372449062,95.0937950937951,,
988,0.16541244155185736,93.36219336219337,,
989,0.15362066198221017,93.36219336219337,,
990,0.15935797501264024,94.66089466089466,,
991,0.1341333459810089,94.94949494949495,,
992,0.14147976904934134,94.66089466089466,,
993,0.14849047784520175,93.79509379509379,,
994,0.1467663385215905,93.79509379509379,,
995,0.14727040859742943,94.66089466089466,,
996,0.17064945369657844,92.4963924963925,,
997,0.1551928777263794,94.8051948051948,,
998,0.15432277704826938,93.50649350649351,,
999,0.16281569260508522,93.21789321789322,,
1000,0.17225380818135122,93.07359307359307,0.533396888282392,85.71428571428571
