epoch,train_loss,train_acc,test_loss,test_acc
1,0.68845065176745,55.84415584415584,0.6862467403535719,55.84415584415584
2,0.6844917110034398,55.98845598845599,,
3,0.686422516429235,55.98845598845599,,
4,0.6872476367723375,55.98845598845599,,
5,0.6864908070103258,55.98845598845599,,
6,0.6881451302276546,55.98845598845599,,
7,0.6860805746452805,55.98845598845599,,
8,0.6859075329864524,55.98845598845599,,
9,0.6862659406180334,55.98845598845599,,
10,0.6852451260127719,55.98845598845599,,
11,0.6866494511801099,55.98845598845599,,
12,0.6865301335184777,55.98845598845599,,
13,0.6849836618525297,55.98845598845599,,
14,0.6857963070208892,55.98845598845599,,
15,0.6854220159986146,55.98845598845599,,
16,0.685107869073254,55.98845598845599,,
17,0.6835367708839207,55.98845598845599,,
18,0.6844593164380667,55.98845598845599,,
19,0.6834742371826117,55.98845598845599,,
20,0.6848131731303051,55.98845598845599,,
21,0.6822289163072044,55.98845598845599,,
22,0.6823771558110676,55.98845598845599,,
23,0.6830195732102937,55.98845598845599,,
24,0.6818203971671508,55.98845598845599,,
25,0.6821128805134375,55.98845598845599,0.6846166206644727,55.84415584415584
26,0.6806098441196898,55.98845598845599,,
27,0.680033477181824,55.98845598845599,,
28,0.678441512206244,55.98845598845599,,
29,0.6776476838716009,55.98845598845599,,
30,0.6760500169763661,55.41125541125541,,
31,0.6771353959693193,55.84415584415584,,
32,0.6740257695295766,55.266955266955264,,
33,0.6744929823868546,55.84415584415584,,
34,0.673999640332672,55.84415584415584,,
35,0.6715584883270154,56.132756132756136,,
36,0.6665650173527166,55.55555555555556,,
37,0.6646521071678976,55.699855699855696,,
38,0.6566460618123003,55.41125541125541,,
39,0.6604169304408725,57.287157287157285,,
40,0.6573217665994322,57.287157287157285,,
41,0.653051290763233,59.45165945165945,,
42,0.6500423466316377,60.02886002886003,,
43,0.6463074037350961,60.894660894660895,,
44,0.6416957214969233,61.47186147186147,,
45,0.6435451389735223,60.75036075036075,,
46,0.6353594437134042,62.19336219336219,,
47,0.6360245390027804,61.904761904761905,,
48,0.6264332915625359,61.904761904761905,,
49,0.6235202574970746,64.7907647907648,,
50,0.6195686451800457,63.492063492063494,0.6350136004485093,61.03896103896104
51,0.6217788526678154,64.21356421356421,,
52,0.6133198929899527,65.36796536796537,,
53,0.6058266038158411,66.66666666666667,,
54,0.596452476744356,67.38816738816739,,
55,0.5970997210876938,67.38816738816739,,
56,0.5980266746332463,68.68686868686869,,
57,0.5952865161420979,67.38816738816739,,
58,0.5917409437387364,68.54256854256855,,
59,0.5842504998478194,70.27417027417027,,
60,0.5906432255521997,67.24386724386724,,
61,0.5823722294656746,70.41847041847042,,
62,0.5742934157838037,69.26406926406926,,
63,0.5667737319871977,71.42857142857143,,
64,0.5646921808241422,71.57287157287158,,
65,0.5582670685532806,72.005772005772,,
66,0.56399532683828,69.26406926406926,,
67,0.5572591522899369,72.2943722943723,,
68,0.5445386376043763,72.58297258297259,,
69,0.5525532667599027,73.73737373737374,,
70,0.5392069981727765,73.5930735930736,,
71,0.5453708378267494,71.57287157287158,,
72,0.535288729536929,74.74747474747475,,
73,0.5505813450524302,72.43867243867244,,
74,0.5405255353123939,73.16017316017316,,
75,0.5264712548875189,74.74747474747475,0.5500845905248221,70.12987012987013
76,0.5296227098543407,73.3044733044733,,
77,0.5279758784592066,74.89177489177489,,
78,0.5287760638915443,75.61327561327562,,
79,0.5342556333645082,74.31457431457432,,
80,0.4907967596601098,78.35497835497836,,
81,0.5079023457020736,78.21067821067821,,
82,0.5372839367922938,74.17027417027417,,
83,0.5158105499472625,75.9018759018759,,
84,0.52632004809586,75.18037518037518,,
85,0.5107234371516955,75.32467532467533,,
86,0.5128994653751324,75.32467532467533,,
87,0.49554404839980826,76.47907647907648,,
88,0.49994015074395515,76.76767676767676,,
89,0.4985927923933252,77.4891774891775,,
90,0.49488671375559523,76.19047619047619,,
91,0.47845577329268185,76.33477633477634,,
92,0.49410476416220395,79.07647907647907,,
93,0.4810369767323889,79.22077922077922,,
94,0.47768711897545907,79.50937950937951,,
95,0.47125279550772553,78.64357864357865,,
96,0.48290810195398537,78.93217893217893,,
97,0.4629374094855734,78.93217893217893,,
98,0.47525325258400875,78.93217893217893,,
99,0.4750347014887508,79.22077922077922,,
100,0.4695977315758214,79.07647907647907,0.47970583609172274,77.92207792207792
101,0.4698592584800583,77.34487734487735,,
102,0.4656212017649696,78.64357864357865,,
103,0.46533922104952485,79.50937950937951,,
104,0.4572233059705594,80.66378066378067,,
105,0.44144338670403066,82.53968253968254,,
106,0.44885572382554,80.51948051948052,,
107,0.44852364613724305,81.52958152958153,,
108,0.44409138712532076,80.37518037518038,,
109,0.45914143401306945,78.93217893217893,,
110,0.44225500414381813,80.08658008658008,,
111,0.4404604315413713,80.51948051948052,,
112,0.4242262281853743,82.82828282828282,,
113,0.4374956066732283,79.94227994227994,,
114,0.4196619686454233,81.67388167388168,,
115,0.41440208315376253,83.26118326118326,,
116,0.437678172001763,81.0966810966811,,
117,0.44584199351837794,79.50937950937951,,
118,0.43718803324568667,80.23088023088023,,
119,0.4189583075597001,82.3953823953824,,
120,0.4022828397511748,84.27128427128427,,
121,0.4198467092424588,81.81818181818181,,
122,0.4141953848141096,83.83838383838383,,
123,0.40459451427707427,82.25108225108225,,
124,0.4151548818506376,83.26118326118326,,
125,0.40782934478867106,82.3953823953824,0.45261942217876383,77.92207792207792
126,0.38576125853505483,84.84848484848484,,
127,0.4132674949681776,82.25108225108225,,
128,0.39172613668063333,83.11688311688312,,
129,0.40853696642241955,83.83838383838383,,
130,0.37538016164973703,85.71428571428571,,
131,0.40690167289103607,82.97258297258297,,
132,0.40956371859210566,80.51948051948052,,
133,0.38890126536762903,83.54978354978356,,
134,0.38978726011506065,84.27128427128427,,
135,0.3768923489798887,84.27128427128427,,
136,0.374351414896193,85.71428571428571,,
137,0.39708632338270655,82.68398268398268,,
138,0.3727087090369771,83.54978354978356,,
139,0.3831897635566552,84.99278499278499,,
140,0.35882473998255543,85.71428571428571,,
141,0.3773613309791422,85.28138528138528,,
142,0.3732666108773384,85.28138528138528,,
143,0.37531420842221636,85.13708513708514,,
144,0.3527446116332884,85.71428571428571,,
145,0.40353642401929196,81.96248196248196,,
146,0.37372773335265563,84.27128427128427,,
147,0.38633523346025705,83.83838383838383,,
148,0.3691177790471142,86.43578643578644,,
149,0.37493937859287507,84.27128427128427,,
150,0.34933865388578494,86.43578643578644,0.4512046649084463,80.51948051948052
151,0.3645601881530894,84.12698412698413,,
152,0.3537821788636465,87.3015873015873,,
153,0.3609296235042217,87.01298701298701,,
154,0.36873622619228447,84.84848484848484,,
155,0.37099721705242666,84.27128427128427,,
156,0.35674892359481747,83.98268398268398,,
157,0.34682220973149697,84.99278499278499,,
158,0.3457391774241542,86.58008658008659,,
159,0.36517733187128454,84.99278499278499,,
160,0.3486350401913449,86.43578643578644,,
161,0.36566656544094994,84.7041847041847,,
162,0.35457783481603405,86.86868686868686,,
163,0.3546899178671458,86.2914862914863,,
164,0.33998048520535445,86.14718614718615,,
165,0.3628577960690035,85.42568542568543,,
166,0.3370757500545631,86.58008658008659,,
167,0.3417216560025236,86.2914862914863,,
168,0.32931905503224845,87.01298701298701,,
169,0.3386799669885016,86.86868686868686,,
170,0.33410975842334834,86.2914862914863,,
171,0.3255130218565034,87.01298701298701,,
172,0.33845810706137236,86.002886002886,,
173,0.3249378993053629,87.73448773448773,,
174,0.34460706980885536,85.56998556998558,,
175,0.35012821059722404,86.72438672438672,0.4349070199124225,83.11688311688312
176,0.3131651406701853,87.01298701298701,,
177,0.35268382611986876,84.99278499278499,,
178,0.3356684144441183,87.01298701298701,,
179,0.3364257582209327,86.14718614718615,,
180,0.33839212037612176,84.99278499278499,,
181,0.32009205293087734,87.44588744588745,,
182,0.33946650110797966,87.15728715728716,,
183,0.33113931594644963,87.01298701298701,,
184,0.32489716533630614,88.16738816738817,,
185,0.3197476094075268,87.87878787878788,,
186,0.33220685040107883,88.16738816738817,,
187,0.33042176125885603,86.14718614718615,,
188,0.32060311799183555,87.87878787878788,,
189,0.34501545580606613,86.58008658008659,,
190,0.3115161215351602,88.16738816738817,,
191,0.3004821387118247,89.8989898989899,,
192,0.3213395516873266,86.2914862914863,,
193,0.3218111339284572,87.15728715728716,,
194,0.32255564870858433,86.72438672438672,,
195,0.3117328957045749,89.17748917748918,,
196,0.34024123647512294,87.3015873015873,,
197,0.3290241419580936,85.56998556998558,,
198,0.32070664992666176,87.44588744588745,,
199,0.3134705572245269,88.60028860028861,,
200,0.309084826905662,88.88888888888889,0.4246628667627062,84.41558441558442
201,0.3114601130695398,87.5901875901876,,
202,0.32468539450591777,87.3015873015873,,
203,0.322339312725769,87.5901875901876,,
204,0.33288249747577686,87.5901875901876,,
205,0.3223174118032359,87.87878787878788,,
206,0.3324514922469553,86.14718614718615,,
207,0.32845628076645544,87.01298701298701,,
208,0.29002481032415556,89.75468975468975,,
209,0.26373409503509126,91.05339105339105,,
210,0.32373961535367096,87.15728715728716,,
211,0.2950459557436245,88.88888888888889,,
212,0.29475913178525104,88.74458874458874,,
213,0.28705096666258995,88.02308802308802,,
214,0.3225991241687648,87.73448773448773,,
215,0.30242204584428584,88.74458874458874,,
216,0.26806237913055336,89.8989898989899,,
217,0.28052419725090566,88.60028860028861,,
218,0.266080603766837,89.6103896103896,,
219,0.2828112638529933,88.74458874458874,,
220,0.29233178152322425,87.5901875901876,,
221,0.3001768108118664,88.74458874458874,,
222,0.2771257276056821,89.46608946608947,,
223,0.2754071364757131,89.8989898989899,,
224,0.27366233824565467,90.33189033189034,,
225,0.2778828560789942,88.31168831168831,0.44439498538320715,84.41558441558442
226,0.28316553747671164,89.03318903318903,,
227,0.27996510546788855,89.75468975468975,,
228,0.27304765483173626,90.9090909090909,,
229,0.27647509194190195,88.45598845598846,,
230,0.29242457549422335,89.17748917748918,,
231,0.2907710461131422,88.02308802308802,,
232,0.30558556653720476,88.16738816738817,,
233,0.27085820747832373,90.18759018759019,,
234,0.24034443353591714,92.4963924963925,,
235,0.2773144215259373,88.60028860028861,,
236,0.2575252436284207,89.75468975468975,,
237,0.25483404110692454,90.76479076479076,,
238,0.2901367470299527,89.03318903318903,,
239,0.27420344190271556,90.76479076479076,,
240,0.2587248637820735,90.47619047619048,,
241,0.2617888213236095,89.75468975468975,,
242,0.2934960104514338,88.02308802308802,,
243,0.2638446760228143,90.62049062049061,,
244,0.2560933767502098,90.47619047619048,,
245,0.27448345030541027,89.6103896103896,,
246,0.2413459886376132,91.63059163059162,,
247,0.25651860151111994,88.74458874458874,,
248,0.26536336691692625,88.60028860028861,,
249,0.27489358552262555,89.6103896103896,,
250,0.2693758595729459,89.03318903318903,0.46403010402406963,80.51948051948052
251,0.2636081493670634,89.75468975468975,,
252,0.280871956293373,88.16738816738817,,
253,0.24464487317750636,90.18759018759019,,
254,0.25136220479897436,91.48629148629149,,
255,0.24998789464498494,90.76479076479076,,
256,0.24564556371081958,90.47619047619048,,
257,0.2560479413035284,91.91919191919192,,
258,0.24542985858683292,90.33189033189034,,
259,0.24246490100589493,90.47619047619048,,
260,0.2889255007022043,90.18759018759019,,
261,0.24342271338336569,90.76479076479076,,
262,0.23507306573194858,91.48629148629149,,
263,0.2616418486549741,89.75468975468975,,
264,0.2442873658351654,90.04329004329004,,
265,0.2581353877357934,90.18759018759019,,
266,0.24706327575453776,91.63059163059162,,
267,0.2624250762648397,90.33189033189034,,
268,0.25216217523959467,89.46608946608947,,
269,0.26709263923364285,90.76479076479076,,
270,0.2387440274503152,90.9090909090909,,
271,0.25387068955069153,89.6103896103896,,
272,0.24413021549603983,90.76479076479076,,
273,0.24268729621369772,90.18759018759019,,
274,0.24802332690246348,91.05339105339105,,
275,0.2331715263157524,90.18759018759019,0.4666761258592853,84.41558441558442
276,0.25492673310280534,89.46608946608947,,
277,0.26207020270273973,89.6103896103896,,
278,0.22610591977705688,91.63059163059162,,
279,0.2240685558142772,91.1976911976912,,
280,0.2536814798954417,90.76479076479076,,
281,0.24801552590267656,90.33189033189034,,
282,0.24272691777774266,91.77489177489177,,
283,0.2576602263884111,89.03318903318903,,
284,0.2311268262296356,91.1976911976912,,
285,0.26046627003049094,89.32178932178932,,
286,0.24869984960315203,91.05339105339105,,
287,0.2509884504442779,89.75468975468975,,
288,0.25194765268294156,91.05339105339105,,
289,0.21551154792566837,92.06349206349206,,
290,0.24604457729693616,90.9090909090909,,
291,0.24182428825985303,91.34199134199135,,
292,0.22742647427157062,92.20779220779221,,
293,0.2343696749743617,91.1976911976912,,
294,0.23481744261187049,91.1976911976912,,
295,0.24463985735633845,90.76479076479076,,
296,0.21380179800082422,92.64069264069263,,
297,0.2641642481561691,88.88888888888889,,
298,0.24085257005639923,89.8989898989899,,
299,0.23259333492099465,90.76479076479076,,
300,0.2208789119773785,91.63059163059162,0.4975641526572116,85.71428571428571
301,0.21514660993007698,91.77489177489177,,
302,0.23089785882490882,92.20779220779221,,
303,0.2269110352037445,91.77489177489177,,
304,0.2446349894098432,90.47619047619048,,
305,0.2110419778252749,92.06349206349206,,
306,0.22418126524096788,91.77489177489177,,
307,0.2283893861897924,90.18759018759019,,
308,0.22672643440454382,90.62049062049061,,
309,0.22788004579310123,91.05339105339105,,
310,0.21900830197471904,92.64069264069263,,
311,0.23065618454635917,92.06349206349206,,
312,0.21686738890744908,92.64069264069263,,
313,0.2022131366862191,92.4963924963925,,
314,0.21940826217161458,91.63059163059162,,
315,0.2221060110549046,91.48629148629149,,
316,0.23142712617569844,91.05339105339105,,
317,0.21841662012653434,92.4963924963925,,
318,0.21203951354838724,93.07359307359307,,
319,0.23337849295156515,91.05339105339105,,
320,0.22502982121869428,92.64069264069263,,
321,0.21187594606074764,91.91919191919192,,
322,0.20439207781788934,91.91919191919192,,
323,0.24478398859070838,90.04329004329004,,
324,0.2371842328829941,91.48629148629149,,
325,0.2089820990250224,93.50649350649351,0.46102899235564393,88.31168831168831
326,0.23217925984106022,91.63059163059162,,
327,0.22060655068181467,92.92929292929293,,
328,0.21208001245323885,92.35209235209236,,
329,0.21850793601200522,90.62049062049061,,
330,0.24075888667099749,91.48629148629149,,
331,0.21654299893355988,91.48629148629149,,
332,0.1853853218139164,94.37229437229438,,
333,0.22797566725406124,90.33189033189034,,
334,0.21821616304041158,92.20779220779221,,
335,0.19571940805144813,93.50649350649351,,
336,0.22130933163141964,91.91919191919192,,
337,0.21371034686527554,92.06349206349206,,
338,0.20093592079987946,93.21789321789322,,
339,0.20123140327901207,92.64069264069263,,
340,0.21057145605011593,92.4963924963925,,
341,0.19095467224523618,94.22799422799423,,
342,0.20891154625199057,92.64069264069263,,
343,0.20587409465085893,91.77489177489177,,
344,0.20500665351554945,93.07359307359307,,
345,0.20561479018600645,91.77489177489177,,
346,0.22103301933489491,91.34199134199135,,
347,0.19496991840146838,93.36219336219337,,
348,0.20465774021365427,93.21789321789322,,
349,0.201638559478874,92.4963924963925,,
350,0.2082383227574909,92.64069264069263,0.39402406391772354,85.71428571428571
351,0.1962614157714197,91.91919191919192,,
352,0.1901109747986429,93.65079365079364,,
353,0.21377344474647986,91.48629148629149,,
354,0.19892263107141547,92.64069264069263,,
355,0.2084847308512546,93.50649350649351,,
356,0.1973855563024164,93.21789321789322,,
357,0.18544234432183304,92.78499278499278,,
358,0.20809822466122296,91.34199134199135,,
359,0.19032937789558935,93.36219336219337,,
360,0.18750230299273954,92.35209235209236,,
361,0.18425256581533522,93.21789321789322,,
362,0.21344836616907456,92.4963924963925,,
363,0.18472347533247,92.78499278499278,,
364,0.19996267720562383,94.08369408369408,,
365,0.19326017259433328,92.92929292929293,,
366,0.17138713178954598,94.08369408369408,,
367,0.19992633772446824,92.64069264069263,,
368,0.2070887992790165,92.4963924963925,,
369,0.18666968992434194,93.93939393939394,,
370,0.193072062765193,92.64069264069263,,
371,0.20021097286783082,93.07359307359307,,
372,0.21324684063421528,91.34199134199135,,
373,0.19145931935671603,93.36219336219337,,
374,0.18939302540229686,92.35209235209236,,
375,0.20166452702075716,93.50649350649351,0.43289509347893973,83.11688311688312
376,0.19921123413812547,93.07359307359307,,
377,0.16978823474217286,93.93939393939394,,
378,0.19579307573698299,92.92929292929293,,
379,0.1944127619094491,92.92929292929293,,
380,0.20508605051479298,92.06349206349206,,
381,0.19530931939767382,93.07359307359307,,
382,0.1790878021226817,93.79509379509379,,
383,0.19098160324502644,92.78499278499278,,
384,0.1958373494306512,92.78499278499278,,
385,0.17262535590630074,93.50649350649351,,
386,0.1977650537377312,92.78499278499278,,
387,0.18566004925476007,93.93939393939394,,
388,0.1892924328236525,93.07359307359307,,
389,0.18568421871244134,92.92929292929293,,
390,0.1980772754674694,91.34199134199135,,
391,0.16949916827192726,94.94949494949495,,
392,0.16560314920385508,93.50649350649351,,
393,0.1859561593297326,92.92929292929293,,
394,0.17149804444368094,93.79509379509379,,
395,0.18258677588568795,93.93939393939394,,
396,0.2007019714187578,91.63059163059162,,
397,0.18671084396422855,93.21789321789322,,
398,0.18454094181673178,93.50649350649351,,
399,0.15123228103051453,95.67099567099567,,
400,0.16648942710560294,94.66089466089466,0.5280551604636303,80.51948051948052
401,0.2008570423631957,92.35209235209236,,
402,0.18005432285809242,93.21789321789322,,
403,0.17747393998748812,93.65079365079364,,
404,0.19939433388723785,93.50649350649351,,
405,0.18519632866899086,93.07359307359307,,
406,0.17861240673245807,93.07359307359307,,
407,0.1833298665620548,92.92929292929293,,
408,0.17277834800167433,94.08369408369408,,
409,0.17575371344970248,92.64069264069263,,
410,0.17697957319894222,93.79509379509379,,
411,0.16793415548137428,93.93939393939394,,
412,0.16766495149028937,93.65079365079364,,
413,0.16580460851133128,94.66089466089466,,
414,0.18289042507200187,93.65079365079364,,
415,0.17182746054376186,93.93939393939394,,
416,0.17230406701349765,94.51659451659452,,
417,0.1884736070277715,93.21789321789322,,
418,0.16846937220678013,93.65079365079364,,
419,0.16894701585539149,94.51659451659452,,
420,0.1728699037867019,93.50649350649351,,
421,0.15890395941822905,94.66089466089466,,
422,0.16627018878029454,94.08369408369408,,
423,0.15445601664924347,94.22799422799423,,
424,0.18115498375115327,93.79509379509379,,
425,0.17156049893015907,92.92929292929293,0.48198109294299957,83.11688311688312
426,0.16179149446291324,93.50649350649351,,
427,0.17350338857411307,93.93939393939394,,
428,0.1748993798853859,93.07359307359307,,
429,0.1696356673648347,93.79509379509379,,
430,0.15461375558961177,94.51659451659452,,
431,0.17102192630413462,94.08369408369408,,
432,0.18169573434288538,92.64069264069263,,
433,0.16575770988565847,93.79509379509379,,
434,0.15502366122573313,93.93939393939394,,
435,0.15729034195343652,95.0937950937951,,
436,0.1677720696379096,94.51659451659452,,
437,0.1571350878623313,94.22799422799423,,
438,0.19332576423754425,93.07359307359307,,
439,0.16733336216443545,95.0937950937951,,
440,0.15119959953715448,96.1038961038961,,
441,0.14168870123304847,95.52669552669553,,
442,0.13847709744953662,95.38239538239539,,
443,0.18043677035778288,92.64069264069263,,
444,0.15457514218695753,94.66089466089466,,
445,0.17721656572294098,94.08369408369408,,
446,0.15981693883005846,94.22799422799423,,
447,0.1676802205790001,93.79509379509379,,
448,0.16378670266975917,94.51659451659452,,
449,0.18096245052817064,94.51659451659452,,
450,0.1462659440601371,95.23809523809524,0.4119024170296533,85.71428571428571
451,0.16701133738434504,93.79509379509379,,
452,0.14641256428298152,94.66089466089466,,
453,0.14555152786242498,94.8051948051948,,
454,0.1683260454415931,93.93939393939394,,
455,0.18098979628769865,92.64069264069263,,
456,0.1600465831302461,94.08369408369408,,
457,0.1614076378573845,94.37229437229438,,
458,0.1818741254110701,94.08369408369408,,
459,0.16785423261950713,93.50649350649351,,
460,0.16185746854775912,93.65079365079364,,
461,0.1560588043833536,95.0937950937951,,
462,0.15761169915935522,93.93939393939394,,
463,0.1299591359681037,96.3924963924964,,
464,0.15649546534333694,94.37229437229438,,
465,0.17828018784867047,93.21789321789322,,
466,0.1604381397280514,94.37229437229438,,
467,0.17673920140121924,95.38239538239539,,
468,0.1632992180351915,94.51659451659452,,
469,0.14844887029557002,94.37229437229438,,
470,0.16125553296973008,94.51659451659452,,
471,0.1378915042201162,95.38239538239539,,
472,0.16567213668838723,93.93939393939394,,
473,0.15354915845112452,94.08369408369408,,
474,0.15690172619279072,94.37229437229438,,
475,0.17038461479693007,93.79509379509379,0.4716482941399921,83.11688311688312
476,0.16247039553836998,94.08369408369408,,
477,0.13819756411542797,95.67099567099567,,
478,0.15241111154852147,94.94949494949495,,
479,0.1542522610739024,94.66089466089466,,
480,0.14918042227496833,94.22799422799423,,
481,0.1476111988527606,94.22799422799423,,
482,0.13965737059024333,94.94949494949495,,
483,0.16386448137171858,94.08369408369408,,
484,0.15261858590565416,94.37229437229438,,
485,0.16574533835784525,94.37229437229438,,
486,0.13322624641579467,95.38239538239539,,
487,0.15115516172644036,94.51659451659452,,
488,0.1308551106768597,95.81529581529581,,
489,0.18121273103902522,93.65079365079364,,
490,0.14670554296386362,94.8051948051948,,
491,0.13583474033522255,95.0937950937951,,
492,0.17311003030120553,93.07359307359307,,
493,0.14691253227932974,94.94949494949495,,
494,0.16349568064250644,93.65079365079364,,
495,0.14084782989824682,95.38239538239539,,
496,0.14993954722972488,94.66089466089466,,
497,0.1443097892218682,95.0937950937951,,
498,0.15341635652606794,94.66089466089466,,
499,0.14343220209447508,94.66089466089466,,
500,0.1502121634469576,94.51659451659452,0.5009195710737984,81.81818181818181
501,0.16319159805387645,93.21789321789322,,
502,0.15864537077892737,95.38239538239539,,
503,0.14691209160920346,94.22799422799423,,
504,0.1498159712011164,94.51659451659452,,
505,0.14551122425309507,95.38239538239539,,
506,0.15229708730400382,94.37229437229438,,
507,0.16057266326134684,95.52669552669553,,
508,0.14796711465217507,94.94949494949495,,
509,0.13901739211653563,95.38239538239539,,
510,0.1738808590053308,93.21789321789322,,
511,0.14341638928199824,95.23809523809524,,
512,0.1645431284178559,93.21789321789322,,
513,0.14481988240673085,94.51659451659452,,
514,0.14260062386119177,93.93939393939394,,
515,0.1537966395353342,94.51659451659452,,
516,0.15437196963029937,94.08369408369408,,
517,0.11987903346489003,95.52669552669553,,
518,0.13732116366232627,95.23809523809524,,
519,0.12142660081504829,95.52669552669553,,
520,0.16244884071842072,94.22799422799423,,
521,0.1517667154342065,95.0937950937951,,
522,0.1613982290803612,94.22799422799423,,
523,0.13262137305125873,95.38239538239539,,
524,0.12465307722876082,96.1038961038961,,
525,0.14595178327110594,94.37229437229438,0.4866235029774827,85.71428571428571
526,0.1523186503916248,94.22799422799423,,
527,0.12560448747176628,95.0937950937951,,
528,0.14196424876456654,94.66089466089466,,
529,0.1518799944271429,94.22799422799423,,
530,0.1471116424983026,94.8051948051948,,
531,0.16201275608584306,93.93939393939394,,
532,0.1317830216596481,94.94949494949495,,
533,0.1406245000692673,95.81529581529581,,
534,0.13870035126955824,95.23809523809524,,
535,0.1367024177467668,96.3924963924964,,
536,0.1372819116868584,95.52669552669553,,
537,0.11002999292565631,96.3924963924964,,
538,0.13986417216828032,94.08369408369408,,
539,0.13632211813765,94.8051948051948,,
540,0.15075889388892214,94.51659451659452,,
541,0.15042915447627855,95.0937950937951,,
542,0.13599840089313223,94.51659451659452,,
543,0.1442360429020671,94.51659451659452,,
544,0.1335688948975325,95.38239538239539,,
545,0.14326295871045683,94.8051948051948,,
546,0.12479329027482786,95.95959595959596,,
547,0.13486048327637956,95.38239538239539,,
548,0.13438337061871353,95.95959595959596,,
549,0.10983207054210431,96.96969696969697,,
550,0.12148633078923302,95.67099567099567,0.5301574789858484,84.41558441558442
551,0.12644256617132074,95.38239538239539,,
552,0.11051323784120155,96.96969696969697,,
553,0.1511969981556503,94.66089466089466,,
554,0.13338933953905174,95.52669552669553,,
555,0.13580519973715663,95.23809523809524,,
556,0.1596470707637751,94.51659451659452,,
557,0.14651358582369692,95.52669552669553,,
558,0.11815274170832372,96.24819624819625,,
559,0.13885647181050603,94.8051948051948,,
560,0.11603479893692645,95.95959595959596,,
561,0.1315381754738041,94.66089466089466,,
562,0.13299642210291407,95.23809523809524,,
563,0.1267368360966831,94.94949494949495,,
564,0.138354973875599,94.51659451659452,,
565,0.15190897247663995,94.66089466089466,,
566,0.12721453028667884,95.38239538239539,,
567,0.13589967142193865,95.38239538239539,,
568,0.11388379391309675,96.3924963924964,,
569,0.12368853142939261,95.38239538239539,,
570,0.13106056883350595,95.23809523809524,,
571,0.12284898004275552,95.81529581529581,,
572,0.13079625671302086,95.52669552669553,,
573,0.1303954895392254,95.52669552669553,,
574,0.1205086445847115,96.3924963924964,,
575,0.10961957925239854,96.96969696969697,0.5203273112510706,85.71428571428571
576,0.12963601396369384,94.51659451659452,,
577,0.1651323391675605,95.0937950937951,,
578,0.12066770398594213,95.95959595959596,,
579,0.13552791699444577,94.37229437229438,,
580,0.13548294790250398,95.23809523809524,,
581,0.12467520756036861,94.94949494949495,,
582,0.12289184968364875,95.23809523809524,,
583,0.13687725835526832,94.37229437229438,,
584,0.13285301630029087,95.95959595959596,,
585,0.11940266993192453,95.52669552669553,,
586,0.11712023757752918,95.52669552669553,,
587,0.11846672096336731,95.52669552669553,,
588,0.11751067959320494,95.67099567099567,,
589,0.1190734990317412,94.51659451659452,,
590,0.13380402834040434,95.95959595959596,,
591,0.12348347459348594,95.52669552669553,,
592,0.12812667870074296,94.8051948051948,,
593,0.1298488461765935,95.23809523809524,,
594,0.11969283058658822,95.38239538239539,,
595,0.12164637067961315,95.52669552669553,,
596,0.14242729121042363,94.51659451659452,,
597,0.12010899484480098,95.67099567099567,,
598,0.138958733253353,95.52669552669553,,
599,0.10996649731461276,96.1038961038961,,
600,0.11652461520005099,96.24819624819625,0.5837191871621392,84.41558441558442
601,0.10224035430651207,96.96969696969697,,
602,0.1175357974087349,96.24819624819625,,
603,0.11915969167006825,95.67099567099567,,
604,0.11100134720103909,96.53679653679653,,
605,0.12533888165955936,95.52669552669553,,
606,0.1315933349952209,95.95959595959596,,
607,0.11752873135416152,96.3924963924964,,
608,0.12490406157220425,95.67099567099567,,
609,0.122941583948691,95.81529581529581,,
610,0.11249368153458722,96.1038961038961,,
611,0.14226006833677857,94.37229437229438,,
612,0.10601385748403586,96.1038961038961,,
613,0.1177464048788059,95.23809523809524,,
614,0.12305150263839298,95.0937950937951,,
615,0.10924683735957222,95.81529581529581,,
616,0.1163678276117402,96.3924963924964,,
617,0.12112604721327021,96.24819624819625,,
618,0.11056411797436112,96.24819624819625,,
619,0.13356783964589217,95.81529581529581,,
620,0.12540544444778437,95.23809523809524,,
621,0.15155567102467515,95.38239538239539,,
622,0.10418261628474336,96.1038961038961,,
623,0.1252175731662376,94.94949494949495,,
624,0.09988831371219471,96.3924963924964,,
625,0.1251270654671765,94.51659451659452,0.6104670553528643,83.11688311688312
626,0.12072764132790063,94.94949494949495,,
627,0.12419164167854177,96.1038961038961,,
628,0.11788588304282267,95.81529581529581,,
629,0.11505690048148716,95.38239538239539,,
630,0.087684946637305,97.69119769119769,,
631,0.11283498770230777,96.3924963924964,,
632,0.1426589024047573,95.0937950937951,,
633,0.11913260322972638,95.52669552669553,,
634,0.11828728678164543,96.24819624819625,,
635,0.11094760873810554,96.3924963924964,,
636,0.12423060228040209,96.68109668109668,,
637,0.13120620006434675,94.8051948051948,,
638,0.12579302223127814,95.67099567099567,,
639,0.11633341133723528,95.67099567099567,,
640,0.11158045817806263,95.52669552669553,,
641,0.12012657000646963,95.81529581529581,,
642,0.12701885470741497,94.08369408369408,,
643,0.09877267626650406,96.3924963924964,,
644,0.12175511449446409,95.52669552669553,,
645,0.11248424822601663,96.1038961038961,,
646,0.11744444960295553,95.81529581529581,,
647,0.11066607995466753,95.38239538239539,,
648,0.11534826597467623,94.94949494949495,,
649,0.10317712052742727,96.1038961038961,,
650,0.12801181513165671,95.52669552669553,0.6698198948394168,83.11688311688312
651,0.10296076792057114,96.3924963924964,,
652,0.12751203257735674,95.23809523809524,,
653,0.12602204669261563,95.81529581529581,,
654,0.12611297790020232,95.67099567099567,,
655,0.08359652626480031,97.69119769119769,,
656,0.1005741496225026,96.24819624819625,,
657,0.12554827145425787,96.1038961038961,,
658,0.1054414851056119,96.3924963924964,,
659,0.08635530101194505,96.96969696969697,,
660,0.1064127990438416,96.24819624819625,,
661,0.11847621040663334,96.24819624819625,,
662,0.10845260967165876,95.81529581529581,,
663,0.09431881788233766,96.82539682539682,,
664,0.11056226165091665,96.1038961038961,,
665,0.13196150147897684,95.0937950937951,,
666,0.11584247324567337,96.24819624819625,,
667,0.11216076497864758,96.82539682539682,,
668,0.11100721306303277,96.53679653679653,,
669,0.12200994163880617,94.8051948051948,,
670,0.11884190715731137,96.1038961038961,,
671,0.09988220402376906,95.38239538239539,,
672,0.08805399770951933,96.82539682539682,,
673,0.10001715232885589,97.25829725829726,,
674,0.12239632070666612,95.23809523809524,,
675,0.10919582572312754,95.52669552669553,0.6955876549246249,83.11688311688312
676,0.10232554169702324,96.24819624819625,,
677,0.10589720188367246,96.1038961038961,,
678,0.13199790410192153,96.68109668109668,,
679,0.10831365391375526,96.82539682539682,,
680,0.10485759802151896,95.67099567099567,,
681,0.09607735680198515,96.53679653679653,,
682,0.10237774646385407,96.1038961038961,,
683,0.1324127461024779,94.94949494949495,,
684,0.1119509135489856,95.95959595959596,,
685,0.1007027579377396,96.96969696969697,,
686,0.1077298265256923,95.67099567099567,,
687,0.11160990668388156,96.68109668109668,,
688,0.10094143673347532,96.53679653679653,,
689,0.10108779031046886,96.3924963924964,,
690,0.09767177999879718,96.53679653679653,,
691,0.09487022713772834,96.24819624819625,,
692,0.1183480259090189,95.81529581529581,,
693,0.10932760379541918,96.1038961038961,,
694,0.10408878532570248,96.53679653679653,,
695,0.1093777623054441,95.81529581529581,,
696,0.10821742906596668,96.3924963924964,,
697,0.09259899532554125,96.53679653679653,,
698,0.11340290189735473,96.53679653679653,,
699,0.10765684339047166,96.1038961038961,,
700,0.1300861269852461,95.23809523809524,0.7062819340786377,83.11688311688312
701,0.10015018772425245,96.24819624819625,,
702,0.10127550977434087,96.96969696969697,,
703,0.09652057685721316,96.1038961038961,,
704,0.10121300206674212,96.68109668109668,,
705,0.09647372930510907,96.3924963924964,,
706,0.10060166781512862,96.24819624819625,,
707,0.1031022865330588,96.53679653679653,,
708,0.1016317391593391,95.81529581529581,,
709,0.09416456782886648,96.68109668109668,,
710,0.10014007730250923,96.24819624819625,,
711,0.10312757400250194,96.3924963924964,,
712,0.09625191984141802,97.25829725829726,,
713,0.11989307615363065,95.67099567099567,,
714,0.11099519751546703,96.3924963924964,,
715,0.11905299154517454,97.11399711399712,,
716,0.1116326073954664,96.68109668109668,,
717,0.1161035593077648,96.24819624819625,,
718,0.09736778527971297,96.96969696969697,,
719,0.08757652356363242,96.96969696969697,,
720,0.10406304652363191,96.53679653679653,,
721,0.11355029747513637,96.24819624819625,,
722,0.08861888795392252,96.82539682539682,,
723,0.11329301015015632,96.1038961038961,,
724,0.10912905760313697,96.1038961038961,,
725,0.0865856743959272,97.97979797979798,0.7611312945554782,83.11688311688312
726,0.10269808147269238,96.82539682539682,,
727,0.12073543835511971,95.81529581529581,,
728,0.08703495052469758,97.11399711399712,,
729,0.10801924535034367,96.96969696969697,,
730,0.09811567464570581,96.82539682539682,,
731,0.08721703729319452,97.25829725829726,,
732,0.1411086337729579,95.23809523809524,,
733,0.09356791296809869,96.1038961038961,,
734,0.09157166431132505,96.96969696969697,,
735,0.10056401239802139,96.53679653679653,,
736,0.10578331961410731,96.1038961038961,,
737,0.10029880375659139,96.53679653679653,,
738,0.10713960807555467,96.24819624819625,,
739,0.10134182188896433,95.81529581529581,,
740,0.10510803787051169,96.3924963924964,,
741,0.09521008269998418,97.25829725829726,,
742,0.09895962635848085,97.25829725829726,,
743,0.09162592930883212,96.96969696969697,,
744,0.09447113683643452,96.82539682539682,,
745,0.11247793983931494,95.0937950937951,,
746,0.09423967846501269,96.96969696969697,,
747,0.12623839886606406,94.66089466089466,,
748,0.09417874262295932,96.82539682539682,,
749,0.07739702244470646,97.54689754689754,,
750,0.14143454751824963,94.66089466089466,0.7601164132356644,83.11688311688312
751,0.09738179097357938,96.3924963924964,,
752,0.09807658205406866,96.3924963924964,,
753,0.08901218740971058,96.3924963924964,,
754,0.098461285322195,96.3924963924964,,
755,0.1190559191126672,95.81529581529581,,
756,0.12160197979788072,95.52669552669553,,
757,0.09331138526636457,96.82539682539682,,
758,0.1071822296607632,95.81529581529581,,
759,0.09386165829275937,96.24819624819625,,
760,0.0911000468008876,96.96969696969697,,
761,0.09344492287174792,96.68109668109668,,
762,0.11470763168121657,95.95959595959596,,
763,0.09717606202074162,96.53679653679653,,
764,0.09116837926461627,97.40259740259741,,
765,0.08878270563539145,96.96969696969697,,
766,0.08772319917429997,97.25829725829726,,
767,0.08222237469098957,97.25829725829726,,
768,0.08716193616691262,97.25829725829726,,
769,0.10206631917915002,95.67099567099567,,
770,0.08327614159348809,97.97979797979798,,
771,0.1485227414891984,95.23809523809524,,
772,0.102356098140731,96.3924963924964,,
773,0.09441205368929612,96.53679653679653,,
774,0.08597381897324435,97.83549783549783,,
775,0.09382154071141803,96.24819624819625,0.7829382169459548,84.41558441558442
776,0.09444097406398855,96.68109668109668,,
777,0.07284596718815498,97.69119769119769,,
778,0.09249467065108975,96.96969696969697,,
779,0.08636697870914382,97.11399711399712,,
780,0.08867473921014203,96.53679653679653,,
781,0.09765925816385261,96.96969696969697,,
782,0.09103169597008011,96.53679653679653,,
783,0.08095452430272343,97.54689754689754,,
784,0.0835699201796693,96.82539682539682,,
785,0.09686535182792,97.11399711399712,,
786,0.12712655565869413,96.53679653679653,,
787,0.08651632157626091,96.96969696969697,,
788,0.09279540720332581,96.82539682539682,,
789,0.08762564777811885,97.54689754689754,,
790,0.08563882364887437,96.68109668109668,,
791,0.08503306277558573,96.82539682539682,,
792,0.08439718184616883,96.82539682539682,,
793,0.07100757093721138,97.97979797979798,,
794,0.07296732114224787,97.97979797979798,,
795,0.07600671029817663,97.54689754689754,,
796,0.097758483835113,96.3924963924964,,
797,0.11811699358071771,96.1038961038961,,
798,0.08241589253426974,96.96969696969697,,
799,0.08208680802803019,96.96969696969697,,
800,0.0650048230863398,97.83549783549783,0.8029113669287075,84.41558441558442
801,0.10920341573064289,95.67099567099567,,
802,0.08296892963871252,97.54689754689754,,
803,0.08763398598841947,96.53679653679653,,
804,0.08198312529151745,97.40259740259741,,
805,0.08668030723176821,96.82539682539682,,
806,0.09400673109559614,95.95959595959596,,
807,0.12190948611644095,95.38239538239539,,
808,0.09803533407860848,96.53679653679653,,
809,0.09188779215442627,97.11399711399712,,
810,0.10112201309565341,96.24819624819625,,
811,0.08082104022218208,97.40259740259741,,
812,0.0929183377138464,96.96969696969697,,
813,0.0845577992279819,96.82539682539682,,
814,0.08356286727246784,97.40259740259741,,
815,0.07391555407884146,97.54689754689754,,
816,0.09560037024781473,96.68109668109668,,
817,0.08317810037908444,97.54689754689754,,
818,0.06983304490344693,98.41269841269842,,
819,0.06984438655782399,97.83549783549783,,
820,0.08292563065004899,96.53679653679653,,
821,0.07075652060694294,97.83549783549783,,
822,0.08223351514743692,96.53679653679653,,
823,0.0989902357142123,96.53679653679653,,
824,0.09746162085908144,96.53679653679653,,
825,0.07661205678533166,97.40259740259741,0.8574061757558352,81.81818181818181
826,0.0631436723866332,98.26839826839827,,
827,0.0718950301510904,97.40259740259741,,
828,0.08475483881919758,96.53679653679653,,
829,0.09529344608649762,96.96969696969697,,
830,0.08359540581789196,97.40259740259741,,
831,0.08087912667945867,97.11399711399712,,
832,0.09737009211063041,95.67099567099567,,
833,0.07643408763449515,96.82539682539682,,
834,0.09215589409390354,96.82539682539682,,
835,0.09668895816880656,96.82539682539682,,
836,0.09651424039106865,96.1038961038961,,
837,0.08488045901081606,96.96969696969697,,
838,0.09491573403149972,97.40259740259741,,
839,0.06561198655360016,97.69119769119769,,
840,0.07755946493768073,97.69119769119769,,
841,0.10605469438078387,96.1038961038961,,
842,0.09787972697189876,96.96969696969697,,
843,0.08562523942618143,97.11399711399712,,
844,0.11002530544609218,96.24819624819625,,
845,0.08888128993315098,97.25829725829726,,
846,0.07814469187712622,97.11399711399712,,
847,0.10943112039634847,96.1038961038961,,
848,0.08335696381327265,97.54689754689754,,
849,0.08708281113805107,96.68109668109668,,
850,0.1027462917445886,95.95959595959596,0.9185706616996171,80.51948051948052
851,0.08708948530337382,96.82539682539682,,
852,0.07778195148766642,97.25829725829726,,
853,0.08906653555161165,96.82539682539682,,
854,0.09471947806222099,96.82539682539682,,
855,0.08548617439309585,96.96969696969697,,
856,0.07177517470644322,97.40259740259741,,
857,0.07834034818688254,96.96969696969697,,
858,0.1090279073490725,96.53679653679653,,
859,0.08936855356070558,96.82539682539682,,
860,0.07882043336011459,97.40259740259741,,
861,0.08416380404802457,97.40259740259741,,
862,0.08368535647316584,96.53679653679653,,
863,0.09413851877139588,95.95959595959596,,
864,0.08205432915713363,97.54689754689754,,
865,0.08841018404537465,96.82539682539682,,
866,0.08342691808186396,96.96969696969697,,
867,0.08485403422583405,97.25829725829726,,
868,0.10034565684959443,95.52669552669553,,
869,0.08029028433569926,96.68109668109668,,
870,0.06682319823023561,98.41269841269842,,
871,0.09786198280138887,96.3924963924964,,
872,0.07809222908892156,97.40259740259741,,
873,0.08780413489213582,96.53679653679653,,
874,0.09454117139094492,96.96969696969697,,
875,0.0792857501951475,97.54689754689754,0.8785295567729257,83.11688311688312
876,0.08215926682729742,97.54689754689754,,
877,0.07761050324247341,97.69119769119769,,
878,0.09851485255549287,95.81529581529581,,
879,0.10268551901434407,96.53679653679653,,
880,0.06401778767382643,98.26839826839827,,
881,0.0909684333858896,96.82539682539682,,
882,0.07393693728278382,97.69119769119769,,
883,0.10917455444991331,96.82539682539682,,
884,0.08853149682304903,96.68109668109668,,
885,0.06407992512694577,97.97979797979798,,
886,0.06897413433350698,97.97979797979798,,
887,0.11479191970171522,95.81529581529581,,
888,0.07842575914587982,97.69119769119769,,
889,0.08422628765412395,96.96969696969697,,
890,0.07527473532899806,97.69119769119769,,
891,0.09139956328829732,96.82539682539682,,
892,0.09979873446245043,96.3924963924964,,
893,0.08820477507546179,97.11399711399712,,
894,0.09356588201562392,96.53679653679653,,
895,0.08720221108263748,96.96969696969697,,
896,0.07300401484381414,97.25829725829726,,
897,0.0745949720235442,97.11399711399712,,
898,0.06726528057347429,97.69119769119769,,
899,0.07378900380943557,97.25829725829726,,
900,0.08191123518764887,97.25829725829726,0.9098462036677769,83.11688311688312
901,0.07360247993763822,96.82539682539682,,
902,0.10479149481343457,96.3924963924964,,
903,0.0797230051870728,96.82539682539682,,
904,0.07178423613643148,97.69119769119769,,
905,0.09465377471405706,96.1038961038961,,
906,0.06970220666061576,97.54689754689754,,
907,0.09150729641253814,97.11399711399712,,
908,0.08278290619925847,97.11399711399712,,
909,0.08526366878661071,96.82539682539682,,
910,0.07702344968581698,97.97979797979798,,
911,0.08177018657724493,96.24819624819625,,
912,0.09074503068327043,97.11399711399712,,
913,0.07561103312075568,97.40259740259741,,
914,0.10298528993155533,97.11399711399712,,
915,0.07012861866025526,97.25829725829726,,
916,0.06701206017022181,97.83549783549783,,
917,0.08539328164210029,97.11399711399712,,
918,0.09253867114067593,96.24819624819625,,
919,0.08462345969431843,96.96969696969697,,
920,0.06520099466475746,97.97979797979798,,
921,0.07978670615272819,97.40259740259741,,
922,0.08801772846191218,96.24819624819625,,
923,0.0850741228016166,96.68109668109668,,
924,0.081619939421442,97.54689754689754,,
925,0.0827163252415079,97.40259740259741,0.9489563246826073,81.81818181818181
926,0.07255618626851196,97.97979797979798,,
927,0.0871758045572223,96.68109668109668,,
928,0.06769606335596605,97.83549783549783,,
929,0.06792088141086985,97.69119769119769,,
930,0.08626840276372166,97.69119769119769,,
931,0.06626255966537423,97.69119769119769,,
932,0.07569037308489089,98.12409812409813,,
933,0.06488333140401785,98.12409812409813,,
934,0.10190803687858246,96.1038961038961,,
935,0.0684730623583988,97.83549783549783,,
936,0.10160426637440016,96.68109668109668,,
937,0.08353642649507798,96.82539682539682,,
938,0.07499200598072008,97.40259740259741,,
939,0.07777371473642655,97.83549783549783,,
940,0.0799704459690708,96.96969696969697,,
941,0.06598365762705066,97.83549783549783,,
942,0.06610072202023662,97.97979797979798,,
943,0.10175900449398448,95.23809523809524,,
944,0.07372660891920285,97.83549783549783,,
945,0.07296839724113414,97.54689754689754,,
946,0.07032674380066074,97.97979797979798,,
947,0.07523095308874249,97.11399711399712,,
948,0.09681420705031232,96.96969696969697,,
949,0.07576737353984067,97.11399711399712,,
950,0.08707178281929241,97.54689754689754,0.9815054361696367,84.41558441558442
951,0.07848381386024267,96.53679653679653,,
952,0.05257224485084608,98.55699855699855,,
953,0.06767919044646006,97.54689754689754,,
954,0.07942232552749168,97.69119769119769,,
955,0.07577301622307919,97.54689754689754,,
956,0.10037937463620009,97.25829725829726,,
957,0.0637953301991133,98.55699855699855,,
958,0.08099351151648795,97.54689754689754,,
959,0.06582464702416636,97.54689754689754,,
960,0.07699628280473048,97.83549783549783,,
961,0.07378362930913336,98.12409812409813,,
962,0.0913508408635715,96.24819624819625,,
963,0.07663902718423292,96.96969696969697,,
964,0.062469225892901936,97.69119769119769,,
965,0.06934955056009527,97.11399711399712,,
966,0.07337181986689911,97.25829725829726,,
967,0.06689652652193458,97.54689754689754,,
968,0.0884824844096044,97.11399711399712,,
969,0.0774401419589089,97.54689754689754,,
970,0.06420044185429769,97.54689754689754,,
971,0.08005538110152252,97.83549783549783,,
972,0.08001790026909689,97.11399711399712,,
973,0.06836363083355715,97.69119769119769,,
974,0.08606218163886284,96.53679653679653,,
975,0.06861970837068077,97.25829725829726,1.034774496183767,81.81818181818181
976,0.07709933747503836,97.25829725829726,,
977,0.06224895762158679,97.54689754689754,,
978,0.06520568235396995,97.54689754689754,,
979,0.07068905684812073,97.40259740259741,,
980,0.07560186458867135,97.69119769119769,,
981,0.08008617978720438,98.12409812409813,,
982,0.08517600677257019,97.25829725829726,,
983,0.08614659158601648,96.96969696969697,,
984,0.07545464832072306,96.82539682539682,,
985,0.08145004021431203,97.25829725829726,,
986,0.07790675280072416,96.96969696969697,,
987,0.054855581047752545,97.97979797979798,,
988,0.05930545637592362,98.26839826839827,,
989,0.06846239801071595,97.11399711399712,,
990,0.07071418818597068,96.96969696969697,,
991,0.06836972230424483,97.25829725829726,,
992,0.06859821608104619,97.11399711399712,,
993,0.09691335037243143,96.82539682539682,,
994,0.08918271253818127,96.68109668109668,,
995,0.05902393184828036,97.69119769119769,,
996,0.0807900804996727,97.40259740259741,,
997,0.07156154351553531,97.69119769119769,,
998,0.07433896282792607,97.54689754689754,,
999,0.06626864878560214,97.83549783549783,,
1000,0.0747745010093349,97.69119769119769,1.0671555906921237,81.81818181818181
