epoch,train_loss,train_acc,test_loss,test_acc
1,0.691922526510935,51.8037518037518,0.6838945785126129,55.84415584415584
2,0.6869370385165855,55.84415584415584,,
3,0.6849146589400277,55.84415584415584,,
4,0.6815648367050579,55.98845598845599,,
5,0.6795918963860296,55.98845598845599,,
6,0.6815901710013462,56.277056277056275,,
7,0.675113409370571,56.132756132756136,,
8,0.6699347951883533,56.277056277056275,,
9,0.6688345509862142,56.56565656565657,,
10,0.6664895246727298,58.73015873015873,,
11,0.6609576507048174,61.03896103896104,,
12,0.6571260480825691,58.58585858585859,,
13,0.6541800039671201,61.904761904761905,,
14,0.6461380493073237,60.02886002886003,,
15,0.6376861544570538,62.19336219336219,,
16,0.635764038063919,65.22366522366522,,
17,0.628583993488576,65.94516594516594,,
18,0.6224036911263267,66.52236652236653,,
19,0.6104646258884006,69.40836940836941,,
20,0.6124902592076884,67.38816738816739,,
21,0.6016486470317428,68.54256854256855,,
22,0.5913796333695559,69.84126984126983,,
23,0.588055964070137,69.11976911976912,,
24,0.5829295308730991,70.56277056277057,,
25,0.5815615591204699,68.83116883116882,0.5931734562694252,64.93506493506493
26,0.5797188252769679,70.99567099567099,,
27,0.5649202482782917,71.71717171717172,,
28,0.5713460600221312,70.12987012987013,,
29,0.5631490476203688,72.005772005772,,
30,0.5527059354995408,73.73737373737374,,
31,0.5512947714733011,71.86147186147186,,
32,0.542240174301775,73.44877344877345,,
33,0.5379780859056146,73.01587301587301,,
34,0.5385184143528794,75.46897546897547,,
35,0.5345547863243291,73.5930735930736,,
36,0.5357243577381233,74.89177489177489,,
37,0.5343856652835747,74.74747474747475,,
38,0.5191752685483916,73.73737373737374,,
39,0.5232658793055822,73.44877344877345,,
40,0.5259710370548187,74.89177489177489,,
41,0.5170405318726708,73.16017316017316,,
42,0.5035273157500946,75.32467532467533,,
43,0.49707643483452296,77.2005772005772,,
44,0.5079515684734691,76.04617604617604,,
45,0.5356168879403008,73.01587301587301,,
46,0.4951655939543918,76.91197691197691,,
47,0.5201525283066225,73.88167388167388,,
48,0.4947645462952651,77.34487734487735,,
49,0.49884066222205997,77.92207792207792,,
50,0.4968633455201489,78.06637806637806,0.5157258351901909,74.02597402597402
51,0.48134552189626045,78.93217893217893,,
52,0.48960788829674107,77.4891774891775,,
53,0.48188273301200263,76.62337662337663,,
54,0.48389251846255676,78.35497835497836,,
55,0.479022608002887,77.77777777777777,,
56,0.475077870561275,78.21067821067821,,
57,0.4797791661036135,76.47907647907648,,
58,0.4794570207595825,78.21067821067821,,
59,0.46623679681601804,78.64357864357865,,
60,0.4598649445206228,79.79797979797979,,
61,0.4562361415846523,79.50937950937951,,
62,0.46084206384669824,79.50937950937951,,
63,0.4569799536879445,79.36507936507937,,
64,0.4588998340253018,80.08658008658008,,
65,0.44688185967752253,79.79797979797979,,
66,0.45097948376406494,77.34487734487735,,
67,0.45089845249663185,79.65367965367966,,
68,0.43912943126835347,82.1067821067821,,
69,0.43422451473417734,81.24098124098124,,
70,0.43428568311927984,79.79797979797979,,
71,0.4467542181799422,79.65367965367966,,
72,0.4538575531256319,80.95238095238095,,
73,0.40558072438659776,83.11688311688312,,
74,0.4088727207410903,81.24098124098124,,
75,0.42625092660193836,80.51948051948052,0.4641725912496641,81.81818181818181
76,0.4334468835532063,79.07647907647907,,
77,0.4223532774747708,80.95238095238095,,
78,0.41823228759339015,81.38528138528139,,
79,0.41737133870909227,81.67388167388168,,
80,0.4248344550315092,82.53968253968254,,
81,0.41397146740861096,81.96248196248196,,
82,0.40045950448874273,81.81818181818181,,
83,0.42044296778985774,80.95238095238095,,
84,0.420204686138021,80.8080808080808,,
85,0.4043315199202445,83.26118326118326,,
86,0.3871139871953714,83.26118326118326,,
87,0.3872215109427082,85.28138528138528,,
88,0.4138966439477293,80.51948051948052,,
89,0.42234010252601656,81.24098124098124,,
90,0.3859242632189526,83.40548340548341,,
91,0.3960770047330237,81.38528138528139,,
92,0.3902839968601863,84.7041847041847,,
93,0.391355374545762,81.52958152958153,,
94,0.4038491306710897,81.0966810966811,,
95,0.40096730905521827,82.1067821067821,,
96,0.37911758656797645,84.7041847041847,,
97,0.38268062726071733,81.81818181818181,,
98,0.3780422265309448,83.40548340548341,,
99,0.4008345097346395,81.96248196248196,,
100,0.4122846385230234,82.82828282828282,0.44092127642074186,83.11688311688312
101,0.37478634461351973,84.12698412698413,,
102,0.3844500430476614,85.13708513708514,,
103,0.38390400268212715,83.26118326118326,,
104,0.3960107003283535,82.53968253968254,,
105,0.3758233871208813,85.42568542568543,,
106,0.360021866503216,85.56998556998558,,
107,0.389427288872167,82.97258297258297,,
108,0.3703843711043505,84.12698412698413,,
109,0.37445463478823243,85.13708513708514,,
110,0.36415023540521596,84.12698412698413,,
111,0.3661768664357294,84.99278499278499,,
112,0.3819952597263743,83.98268398268398,,
113,0.3507871230013271,86.58008658008659,,
114,0.3647386072173951,83.11688311688312,,
115,0.3764688779437353,82.53968253968254,,
116,0.356916572581466,84.55988455988457,,
117,0.36954878522204115,86.002886002886,,
118,0.3667855415853415,84.27128427128427,,
119,0.3825890698818245,82.25108225108225,,
120,0.35206524427835045,85.28138528138528,,
121,0.3491237908601761,85.13708513708514,,
122,0.3813267852492835,82.97258297258297,,
123,0.3813929127537327,81.81818181818181,,
124,0.3687895085517462,84.84848484848484,,
125,0.36336489097036495,84.84848484848484,0.42325342475593863,79.22077922077922
126,0.35582008656829295,84.99278499278499,,
127,0.34469630510087995,85.56998556998558,,
128,0.34126106328176387,85.13708513708514,,
129,0.3460387912663547,85.56998556998558,,
130,0.3628228398800584,84.84848484848484,,
131,0.34073233499069405,85.85858585858585,,
132,0.3564783198406858,85.56998556998558,,
133,0.3721553185285428,83.11688311688312,,
134,0.35861213064468955,85.42568542568543,,
135,0.34748651863520624,84.41558441558442,,
136,0.3508754332172234,84.41558441558442,,
137,0.3434315709152607,85.85858585858585,,
138,0.3617254490460152,84.41558441558442,,
139,0.34005495587640683,84.27128427128427,,
140,0.3343242576929054,86.43578643578644,,
141,0.33631339419799794,86.002886002886,,
142,0.3399742797855691,85.42568542568543,,
143,0.3534775942262977,86.72438672438672,,
144,0.3389586215626454,85.56998556998558,,
145,0.34656736804078325,86.58008658008659,,
146,0.3396940364638104,84.84848484848484,,
147,0.326332199324089,85.85858585858585,,
148,0.31838997037379774,87.01298701298701,,
149,0.31793917291952245,87.3015873015873,,
150,0.34135270651972827,85.85858585858585,0.39951341686310704,83.11688311688312
151,0.3309972330734327,84.55988455988457,,
152,0.3273130032364252,85.56998556998558,,
153,0.33507393355364407,85.71428571428571,,
154,0.31046609599868974,84.99278499278499,,
155,0.33693496386210126,85.13708513708514,,
156,0.34952632728077115,84.55988455988457,,
157,0.33486147134593036,84.99278499278499,,
158,0.3328829968474472,86.58008658008659,,
159,0.3398166187053807,86.58008658008659,,
160,0.3352334738250763,86.14718614718615,,
161,0.3355187793701758,85.28138528138528,,
162,0.33796494786357467,85.13708513708514,,
163,0.32868355762046825,86.86868686868686,,
164,0.3132368703124155,86.2914862914863,,
165,0.30059892567033203,88.31168831168831,,
166,0.3176048335230884,86.43578643578644,,
167,0.31289548191415284,87.87878787878788,,
168,0.3262378132833547,86.14718614718615,,
169,0.3048691259748148,87.3015873015873,,
170,0.30065172785438843,87.73448773448773,,
171,0.32570213689045474,85.28138528138528,,
172,0.3194981451975491,87.3015873015873,,
173,0.32865865926377874,85.42568542568543,,
174,0.3186153637575897,85.85858585858585,,
175,0.30831668924803685,88.31168831168831,0.4078472759816554,79.22077922077922
176,0.32690359753103654,87.44588744588745,,
177,0.32723936907312745,87.01298701298701,,
178,0.308567889518552,88.74458874458874,,
179,0.3001439163695166,87.73448773448773,,
180,0.3284615496278325,86.43578643578644,,
181,0.30571263636668006,86.14718614718615,,
182,0.3127512823451649,87.3015873015873,,
183,0.3045165614906328,86.002886002886,,
184,0.28871985908710596,88.60028860028861,,
185,0.3252160765047885,85.28138528138528,,
186,0.30981676437466005,86.002886002886,,
187,0.31100269055469726,86.72438672438672,,
188,0.3335403609929491,86.43578643578644,,
189,0.30446294461837925,87.44588744588745,,
190,0.2919307591079117,87.5901875901876,,
191,0.29587195063222194,88.88888888888889,,
192,0.3099517994069778,87.87878787878788,,
193,0.3007627697701836,87.3015873015873,,
194,0.2940857047470445,88.74458874458874,,
195,0.29664888741478085,88.16738816738817,,
196,0.30872548495192204,86.72438672438672,,
197,0.3174771363127971,86.58008658008659,,
198,0.2981740835124108,87.15728715728716,,
199,0.2925343947084607,87.87878787878788,,
200,0.2890649051076234,88.88888888888889,0.3975380326246286,83.11688311688312
201,0.29656001966323,88.02308802308802,,
202,0.28378764104533505,88.31168831168831,,
203,0.2904793430028368,86.14718614718615,,
204,0.29313561446093894,87.87878787878788,,
205,0.3006995168083158,87.87878787878788,,
206,0.2914263147640366,87.44588744588745,,
207,0.30196979689219644,88.02308802308802,,
208,0.3038821468320588,87.15728715728716,,
209,0.2977673824376616,87.5901875901876,,
210,0.28423541995009993,89.17748917748918,,
211,0.28822172264344076,87.5901875901876,,
212,0.29966959749680405,88.31168831168831,,
213,0.2860773680046265,88.45598845598846,,
214,0.28345488467687824,89.6103896103896,,
215,0.27732535285007043,87.73448773448773,,
216,0.2784986106348244,88.88888888888889,,
217,0.307563770191494,88.60028860028861,,
218,0.3008984231415593,86.58008658008659,,
219,0.2799277198306066,89.03318903318903,,
220,0.30034228011127156,87.44588744588745,,
221,0.28538084621467286,88.31168831168831,,
222,0.30268225869403087,86.86868686868686,,
223,0.2922117207871285,88.31168831168831,,
224,0.30072129441460144,87.01298701298701,,
225,0.2974374834421221,87.73448773448773,0.3968331372583067,84.41558441558442
226,0.29717698981407575,87.87878787878788,,
227,0.3003975802341753,87.73448773448773,,
228,0.2637734442820281,89.46608946608947,,
229,0.25318603055258676,90.04329004329004,,
230,0.2818088797908841,88.60028860028861,,
231,0.2954506886555863,88.88888888888889,,
232,0.30142950542905456,87.3015873015873,,
233,0.2986297929957832,88.88888888888889,,
234,0.27072875088814535,89.17748917748918,,
235,0.2852497706230069,88.74458874458874,,
236,0.2757319753390198,89.46608946608947,,
237,0.27725916264463124,88.45598845598846,,
238,0.2875186855142767,87.73448773448773,,
239,0.2845179241198998,88.31168831168831,,
240,0.28328990895424744,87.3015873015873,,
241,0.2609405918812855,90.76479076479076,,
242,0.27904574653673997,87.73448773448773,,
243,0.2794201207410377,89.46608946608947,,
244,0.2767717142899831,88.02308802308802,,
245,0.28005010530374097,88.60028860028861,,
246,0.2759966596122428,88.45598845598846,,
247,0.2617932481511159,89.46608946608947,,
248,0.29453638974378293,88.31168831168831,,
249,0.2651093229113891,89.03318903318903,,
250,0.2509317149503579,90.62049062049061,0.41504419159579586,77.92207792207792
251,0.2980902594061297,87.5901875901876,,
252,0.26634005198058974,89.75468975468975,,
253,0.24716505300775063,89.46608946608947,,
254,0.28438956208774363,88.31168831168831,,
255,0.24339332213305465,90.9090909090909,,
256,0.26607575749207024,89.03318903318903,,
257,0.2886978976568274,88.60028860028861,,
258,0.29459114675914055,88.02308802308802,,
259,0.2791996465896459,88.74458874458874,,
260,0.2805276325598768,88.45598845598846,,
261,0.2799353915633577,89.8989898989899,,
262,0.2516590062243942,89.75468975468975,,
263,0.2643789111879825,88.02308802308802,,
264,0.2505740250687923,90.62049062049061,,
265,0.27977075880396074,88.88888888888889,,
266,0.2468770294736474,88.74458874458874,,
267,0.2627327480335944,88.74458874458874,,
268,0.2704392517305384,88.74458874458874,,
269,0.2475629286547588,90.47619047619048,,
270,0.25333446130952103,89.32178932178932,,
271,0.27888532318336107,88.31168831168831,,
272,0.26287502377236216,90.33189033189034,,
273,0.2761066618763867,87.5901875901876,,
274,0.2773485119853701,88.74458874458874,,
275,0.2590533648906504,89.75468975468975,0.44839419250364426,79.22077922077922
276,0.24745076602327531,91.05339105339105,,
277,0.24833373112595958,89.03318903318903,,
278,0.27599452055377877,88.31168831168831,,
279,0.2722853238104398,88.74458874458874,,
280,0.2764381863080062,88.45598845598846,,
281,0.2620319427994939,88.88888888888889,,
282,0.2619493246551544,90.04329004329004,,
283,0.26853657173043893,88.74458874458874,,
284,0.26552662395295645,89.46608946608947,,
285,0.2678064837471231,89.32178932178932,,
286,0.2575128727833086,90.47619047619048,,
287,0.26210618524410334,89.03318903318903,,
288,0.2708424416519863,89.32178932178932,,
289,0.2504839984025446,90.62049062049061,,
290,0.2807718903299362,88.74458874458874,,
291,0.2565448995878514,89.17748917748918,,
292,0.2592277949700108,88.88888888888889,,
293,0.25694576722890955,89.75468975468975,,
294,0.25691087094564286,89.03318903318903,,
295,0.26553910579344236,89.46608946608947,,
296,0.26051699078788315,90.04329004329004,,
297,0.23112774622044693,91.05339105339105,,
298,0.2605977523668762,89.17748917748918,,
299,0.2518260135150059,88.60028860028861,,
300,0.237630637220146,90.33189033189034,0.420477815262683,80.51948051948052
301,0.23547427107084107,90.33189033189034,,
302,0.23574380888395324,90.47619047619048,,
303,0.23995433741317682,89.17748917748918,,
304,0.23056074817803343,90.9090909090909,,
305,0.24337539371387956,89.8989898989899,,
306,0.23478223635004714,90.47619047619048,,
307,0.246285343905548,89.8989898989899,,
308,0.23464792475512877,89.6103896103896,,
309,0.24489237355205404,90.18759018759019,,
310,0.23502789904372862,91.48629148629149,,
311,0.24155579870741434,90.04329004329004,,
312,0.2563541139359082,89.32178932178932,,
313,0.22595633215890473,90.47619047619048,,
314,0.2320540291062337,89.8989898989899,,
315,0.25250462109886895,89.46608946608947,,
316,0.26553914935729894,89.8989898989899,,
317,0.25239976772885303,88.31168831168831,,
318,0.218525198286918,90.62049062049061,,
319,0.23199830461202073,89.17748917748918,,
320,0.23319510943531818,89.8989898989899,,
321,0.23631684095054478,91.05339105339105,,
322,0.25126624503004946,89.32178932178932,,
323,0.24769975475074582,89.75468975468975,,
324,0.256306387666844,89.75468975468975,,
325,0.23144965744637824,89.6103896103896,0.44054983885257276,80.51948051948052
326,0.24139343263395938,90.47619047619048,,
327,0.24515380199681458,91.05339105339105,,
328,0.23820632678949816,90.04329004329004,,
329,0.2264556297629233,91.1976911976912,,
330,0.23131905729421462,90.76479076479076,,
331,0.21900348948021817,91.48629148629149,,
332,0.24758931547188312,89.8989898989899,,
333,0.2309156061078907,90.47619047619048,,
334,0.2426260133283307,90.18759018759019,,
335,0.2776491358596697,87.15728715728716,,
336,0.2442382158655109,89.6103896103896,,
337,0.2530253405372302,90.33189033189034,,
338,0.27786314779889876,89.6103896103896,,
339,0.24421168278908145,89.75468975468975,,
340,0.23394997802819698,92.35209235209236,,
341,0.25233157724142075,90.33189033189034,,
342,0.25040313846621165,89.6103896103896,,
343,0.27417768434786693,88.16738816738817,,
344,0.22353911407904709,91.63059163059162,,
345,0.23616983020116414,89.8989898989899,,
346,0.24000398507193912,89.6103896103896,,
347,0.24003145901800751,90.04329004329004,,
348,0.2438416595625843,90.9090909090909,,
349,0.22480754513417142,91.77489177489177,,
350,0.24506427870168315,91.05339105339105,0.46739393898418974,83.11688311688312
351,0.22440644153655864,91.05339105339105,,
352,0.25233938896552827,89.75468975468975,,
353,0.22479190678479524,90.9090909090909,,
354,0.2383849105621657,89.17748917748918,,
355,0.226880216753328,90.47619047619048,,
356,0.25713586725541865,89.32178932178932,,
357,0.2303412106065523,91.63059163059162,,
358,0.24616214478170717,90.33189033189034,,
359,0.2355776285970366,90.62049062049061,,
360,0.22176935640936463,91.63059163059162,,
361,0.22577576188728063,90.9090909090909,,
362,0.2219146102811996,91.63059163059162,,
363,0.24397364422184392,90.18759018759019,,
364,0.2139712276117282,91.63059163059162,,
365,0.2500887855693891,89.6103896103896,,
366,0.21366255957240837,90.76479076479076,,
367,0.23002245214809414,91.05339105339105,,
368,0.2386223157064137,89.17748917748918,,
369,0.23674770544617724,90.47619047619048,,
370,0.22915190858242315,90.33189033189034,,
371,0.22882992524282758,90.62049062049061,,
372,0.25594421546008506,91.05339105339105,,
373,0.25293889147206644,90.04329004329004,,
374,0.22355683231766607,91.1976911976912,,
375,0.23595854545396472,90.76479076479076,0.4096060809376952,83.11688311688312
376,0.23894435362984437,89.75468975468975,,
377,0.21028067165122918,91.34199134199135,,
378,0.22558632045769245,90.62049062049061,,
379,0.21988706518647302,90.62049062049061,,
380,0.21264358886220583,91.48629148629149,,
381,0.2350223335030275,89.17748917748918,,
382,0.22455912874675588,90.9090909090909,,
383,0.20814108401321918,92.06349206349206,,
384,0.22711495141274313,90.76479076479076,,
385,0.21382876990354938,92.06349206349206,,
386,0.22280487785865735,91.34199134199135,,
387,0.21586205992003712,90.47619047619048,,
388,0.22058333465117225,91.34199134199135,,
389,0.21672986469313524,91.48629148629149,,
390,0.24537925604424435,89.6103896103896,,
391,0.21834775971041787,92.20779220779221,,
392,0.20342124798597194,91.34199134199135,,
393,0.21614480891613044,91.34199134199135,,
394,0.21109474634195302,91.34199134199135,,
395,0.21568129546026474,91.91919191919192,,
396,0.2272720193708098,90.18759018759019,,
397,0.23494212172420165,90.04329004329004,,
398,0.20631864791652685,91.63059163059162,,
399,0.23257760885258946,90.9090909090909,,
400,0.21988348647801562,91.63059163059162,0.42395277263282183,84.41558441558442
401,0.22954511790822596,90.9090909090909,,
402,0.2041593004652389,92.35209235209236,,
403,0.19790636547028073,92.20779220779221,,
404,0.22546718298614798,90.76479076479076,,
405,0.23080446501228888,90.62049062049061,,
406,0.23641147263466367,89.75468975468975,,
407,0.2359954851100283,89.32178932178932,,
408,0.20535610506544896,91.77489177489177,,
409,0.22950215057656706,91.05339105339105,,
410,0.2308619637983014,89.8989898989899,,
411,0.2251993122942004,90.04329004329004,,
412,0.21402739093761253,91.1976911976912,,
413,0.20577598899645894,91.91919191919192,,
414,0.2200401472666907,90.76479076479076,,
415,0.21741288476778142,90.76479076479076,,
416,0.2081278370744394,91.1976911976912,,
417,0.2125771434878202,92.20779220779221,,
418,0.21134826158204292,91.34199134199135,,
419,0.21431309376100097,92.06349206349206,,
420,0.20921800455446712,90.76479076479076,,
421,0.1773884172993477,92.78499278499278,,
422,0.21483282294946832,91.48629148629149,,
423,0.20327946368449007,92.20779220779221,,
424,0.21743252082132503,90.62049062049061,,
425,0.21849364265907034,89.6103896103896,0.4354146297101851,81.81818181818181
426,0.1846301969769713,93.21789321789322,,
427,0.2157855099886871,91.1976911976912,,
428,0.1987096406895705,91.34199134199135,,
429,0.19314612284797267,93.07359307359307,,
430,0.21073018844423527,91.05339105339105,,
431,0.19216462847216303,91.48629148629149,,
432,0.2054680963873347,92.06349206349206,,
433,0.21599267801595112,91.63059163059162,,
434,0.24153602897346793,90.18759018759019,,
435,0.20370308571047596,92.06349206349206,,
436,0.23651133299217938,91.48629148629149,,
437,0.2156285174180247,91.63059163059162,,
438,0.20935427703898707,91.63059163059162,,
439,0.19075971248345974,92.64069264069263,,
440,0.2097578320496354,91.34199134199135,,
441,0.20060242996329353,92.92929292929293,,
442,0.1862439461600729,92.78499278499278,,
443,0.2199130216546217,91.34199134199135,,
444,0.21495628339731676,91.1976911976912,,
445,0.19113426177102594,92.35209235209236,,
446,0.19213601738257496,92.64069264069263,,
447,0.20922035387412122,90.04329004329004,,
448,0.1851279622462577,92.78499278499278,,
449,0.20759145125295175,91.48629148629149,,
450,0.20702147277402672,90.47619047619048,0.4491697596265124,81.81818181818181
451,0.2121914555285056,91.05339105339105,,
452,0.19764874082107048,92.64069264069263,,
453,0.19582267616798868,92.06349206349206,,
454,0.18890044776908246,92.06349206349206,,
455,0.21632980638080174,91.77489177489177,,
456,0.2082783772917881,91.1976911976912,,
457,0.20305672236335226,92.35209235209236,,
458,0.21150569736011446,90.47619047619048,,
459,0.20194031257305997,91.48629148629149,,
460,0.18574433705485915,91.63059163059162,,
461,0.19336184148621594,91.77489177489177,,
462,0.21288699371818168,90.9090909090909,,
463,0.19598246670044517,92.4963924963925,,
464,0.21224260912915158,91.34199134199135,,
465,0.22562693104599463,91.77489177489177,,
466,0.20925071095835424,91.77489177489177,,
467,0.21095138745218472,91.1976911976912,,
468,0.21431564407431203,91.1976911976912,,
469,0.19915473422446808,90.76479076479076,,
470,0.21524540373644271,90.47619047619048,,
471,0.21652650149353656,90.18759018759019,,
472,0.21636373432511719,91.91919191919192,,
473,0.20639177154841018,91.1976911976912,,
474,0.2056697036366786,90.9090909090909,,
475,0.23040870774918992,92.35209235209236,0.46856861222874036,81.81818181818181
476,0.1866433099772335,93.21789321789322,,
477,0.19808573457499776,91.34199134199135,,
478,0.19493781197896767,92.06349206349206,,
479,0.18349839022321274,92.35209235209236,,
480,0.1898813588708682,91.91919191919192,,
481,0.18070429365700286,93.36219336219337,,
482,0.2267783519638565,90.47619047619048,,
483,0.18803555693633284,91.91919191919192,,
484,0.18959887136542608,92.20779220779221,,
485,0.19733363394269351,92.06349206349206,,
486,0.1890839586440275,92.78499278499278,,
487,0.2034114950147026,90.76479076479076,,
488,0.21421600370782107,89.8989898989899,,
489,0.227959638550168,89.8989898989899,,
490,0.20503658784115297,90.9090909090909,,
491,0.19284250078693269,92.78499278499278,,
492,0.1788407563786916,92.78499278499278,,
493,0.20699910305623195,90.76479076479076,,
494,0.17522711555163065,93.07359307359307,,
495,0.21429518682272058,90.47619047619048,,
496,0.19363695632499706,91.1976911976912,,
497,0.19899999469110116,91.77489177489177,,
498,0.17466715014772155,93.50649350649351,,
499,0.17197713548314864,93.07359307359307,,
500,0.1999807952114342,92.64069264069263,0.44464829254460025,84.41558441558442
501,0.20535931705052374,91.48629148629149,,
502,0.21147159662253584,91.48629148629149,,
503,0.2232524532217312,91.77489177489177,,
504,0.18014016730272753,92.4963924963925,,
505,0.20710699920358425,91.48629148629149,,
506,0.2104928566177858,90.33189033189034,,
507,0.21652667146998567,91.34199134199135,,
508,0.2192813673716517,90.04329004329004,,
509,0.2011230460235051,91.77489177489177,,
510,0.19406400299476512,92.06349206349206,,
511,0.17707425945076935,93.65079365079364,,
512,0.2056349841891257,91.63059163059162,,
513,0.20023144964494274,91.34199134199135,,
514,0.22050931288566425,92.64069264069263,,
515,0.19890517809174277,92.4963924963925,,
516,0.19481082353068982,92.35209235209236,,
517,0.2036287711898314,91.77489177489177,,
518,0.1737366792830554,93.07359307359307,,
519,0.18541879433746117,92.92929292929293,,
520,0.17810391293889688,93.21789321789322,,
521,0.1810375727648601,93.21789321789322,,
522,0.20247827764885423,92.20779220779221,,
523,0.194835263886321,93.21789321789322,,
524,0.19810356631939546,91.63059163059162,,
525,0.19532406218296178,92.64069264069263,0.4969938529002202,81.81818181818181
526,0.16625097720826,93.07359307359307,,
527,0.17865995544547814,92.78499278499278,,
528,0.1825307999397554,92.20779220779221,,
529,0.16964304815940182,93.36219336219337,,
530,0.18461712521822077,92.92929292929293,,
531,0.187695999918734,92.64069264069263,,
532,0.18152163761518733,93.21789321789322,,
533,0.19180340613379623,92.4963924963925,,
534,0.18996571221564928,92.35209235209236,,
535,0.18945373665987586,92.78499278499278,,
536,0.18979883071406062,92.4963924963925,,
537,0.18651521266108811,91.63059163059162,,
538,0.1772589548927709,93.21789321789322,,
539,0.18650016033804262,92.4963924963925,,
540,0.18435569737552737,92.78499278499278,,
541,0.1855208436524412,92.4963924963925,,
542,0.193213523971656,92.20779220779221,,
543,0.18907656530281167,92.35209235209236,,
544,0.18247057845840206,92.4963924963925,,
545,0.21372248677464276,92.20779220779221,,
546,0.1875468252756207,91.91919191919192,,
547,0.167626754857847,92.92929292929293,,
548,0.1933070073740135,92.35209235209236,,
549,0.21068582417171927,91.05339105339105,,
550,0.20770979796309147,92.06349206349206,0.4852808222368166,84.41558441558442
551,0.17326104010940457,93.50649350649351,,
552,0.18830027884412637,92.78499278499278,,
553,0.16570557309865608,92.92929292929293,,
554,0.17357134955570983,92.92929292929293,,
555,0.16996498788676048,93.36219336219337,,
556,0.16800201331328435,93.50649350649351,,
557,0.17177257174021238,93.36219336219337,,
558,0.18186849999291255,91.91919191919192,,
559,0.19581568785130032,91.48629148629149,,
560,0.19335384036899472,91.77489177489177,,
561,0.19269845010054232,91.91919191919192,,
562,0.18964860780758602,92.92929292929293,,
563,0.16667569446959365,93.21789321789322,,
564,0.1699929790192352,93.07359307359307,,
565,0.19190507477840132,93.07359307359307,,
566,0.16773907513415487,92.92929292929293,,
567,0.1967631277841923,92.64069264069263,,
568,0.17647886238615923,93.36219336219337,,
569,0.1766203268179818,92.35209235209236,,
570,0.1734271247859125,92.20779220779221,,
571,0.18940806322197548,92.78499278499278,,
572,0.16124348968138427,93.79509379509379,,
573,0.1650421292928261,93.07359307359307,,
574,0.19385458835270283,92.64069264069263,,
575,0.16544299930721135,93.36219336219337,0.5328939665447582,85.71428571428571
576,0.19985859988399743,92.78499278499278,,
577,0.18661075985276854,92.20779220779221,,
578,0.18597442217031426,92.06349206349206,,
579,0.17651748704531836,93.07359307359307,,
580,0.16581621754264075,92.20779220779221,,
581,0.17547286857688238,93.07359307359307,,
582,0.16601034551643878,93.93939393939394,,
583,0.18664799572585464,92.92929292929293,,
584,0.183524083889064,93.21789321789322,,
585,0.1731459448734919,93.50649350649351,,
586,0.18531117091576257,91.91919191919192,,
587,0.15177580132585927,94.51659451659452,,
588,0.18009426982328833,92.4963924963925,,
589,0.15799634414758604,93.79509379509379,,
590,0.1733725472188099,91.1976911976912,,
591,0.18341306479806335,92.78499278499278,,
592,0.19984387998801117,91.77489177489177,,
593,0.1850293782065269,91.91919191919192,,
594,0.16563538418918805,93.36219336219337,,
595,0.1819554263723189,93.36219336219337,,
596,0.17722873204800302,92.64069264069263,,
597,0.1648267215335524,93.79509379509379,,
598,0.18794146030711234,92.06349206349206,,
599,0.19281300695943626,92.06349206349206,,
600,0.17714230331335576,92.35209235209236,0.47693847216568985,84.41558441558442
601,0.17609131151291543,93.07359307359307,,
602,0.18498468089413334,93.07359307359307,,
603,0.16042578435391402,94.94949494949495,,
604,0.16110374588212925,93.50649350649351,,
605,0.16674658011720336,92.78499278499278,,
606,0.17624872133759364,93.21789321789322,,
607,0.18772287181918584,92.35209235209236,,
608,0.2030830027866157,91.91919191919192,,
609,0.20473254879756494,91.91919191919192,,
610,0.20284256025138184,91.48629148629149,,
611,0.18330058747899824,92.92929292929293,,
612,0.1711036685913328,92.20779220779221,,
613,0.17234438161055246,93.65079365079364,,
614,0.1860744021671675,93.93939393939394,,
615,0.1558083329580907,94.22799422799423,,
616,0.1754519473680686,93.65079365079364,,
617,0.15934441446139871,93.50649350649351,,
618,0.18451734694073038,92.64069264069263,,
619,0.15825571601170224,93.07359307359307,,
620,0.17074422465172337,93.79509379509379,,
621,0.15535205598345395,93.36219336219337,,
622,0.16974776204336772,93.21789321789322,,
623,0.1568556668137403,94.22799422799423,,
624,0.1674125317543272,92.92929292929293,,
625,0.17918920639531438,92.4963924963925,0.5485342098520948,80.51948051948052
626,0.1862662360609696,92.64069264069263,,
627,0.14453991196114263,94.8051948051948,,
628,0.18738029078509214,92.20779220779221,,
629,0.16803178422335766,93.36219336219337,,
630,0.1633103723176802,93.65079365079364,,
631,0.15526634814892323,93.21789321789322,,
632,0.1721981821036098,92.64069264069263,,
633,0.1816876231548934,93.07359307359307,,
634,0.17762857605669577,92.92929292929293,,
635,0.17328443268816623,92.92929292929293,,
636,0.15709437170801052,92.92929292929293,,
637,0.15329507762810798,94.37229437229438,,
638,0.1503918831778252,94.66089466089466,,
639,0.18405302950486133,92.78499278499278,,
640,0.17318493119221917,93.21789321789322,,
641,0.16136270632475486,92.92929292929293,,
642,0.1657748432644518,92.78499278499278,,
643,0.1614810105676603,93.93939393939394,,
644,0.1863110571626633,92.35209235209236,,
645,0.15970453516745464,94.08369408369408,,
646,0.18121936160420615,92.35209235209236,,
647,0.18499028125796654,93.50649350649351,,
648,0.16560662381920807,94.37229437229438,,
649,0.14751142424680455,94.22799422799423,,
650,0.15578943729658665,92.78499278499278,0.5078304379017322,84.41558441558442
651,0.17973592050620832,93.21789321789322,,
652,0.17072290655166383,93.07359307359307,,
653,0.16204129118595975,93.50649350649351,,
654,0.17637534465366628,93.50649350649351,,
655,0.16554543453377563,92.92929292929293,,
656,0.16110751839169177,93.79509379509379,,
657,0.15183822026618718,94.51659451659452,,
658,0.18539846528316128,92.20779220779221,,
659,0.15580495693122842,93.07359307359307,,
660,0.16119510937390732,94.37229437229438,,
661,0.18998855021264818,92.4963924963925,,
662,0.17435367654842387,92.4963924963925,,
663,0.17937673157427733,92.20779220779221,,
664,0.1591035146669392,93.36219336219337,,
665,0.17821505859031908,92.92929292929293,,
666,0.16642898753349916,92.92929292929293,,
667,0.17292608445426946,92.4963924963925,,
668,0.1551680565740467,93.65079365079364,,
669,0.162761293555923,93.50649350649351,,
670,0.1514702243851377,93.79509379509379,,
671,0.15957869296896166,94.8051948051948,,
672,0.16443478851478338,94.22799422799423,,
673,0.15868426526091658,94.08369408369408,,
674,0.18492361133404797,92.92929292929293,,
675,0.16154045569690276,92.64069264069263,0.5197298209388534,83.11688311688312
676,0.16929920863032255,92.78499278499278,,
677,0.16108198187073416,93.79509379509379,,
678,0.16156533719571295,94.08369408369408,,
679,0.15646545449204602,93.79509379509379,,
680,0.16574801524636076,92.92929292929293,,
681,0.17994880064526333,94.22799422799423,,
682,0.15842622224762928,94.51659451659452,,
683,0.15745817225904865,94.22799422799423,,
684,0.1676431949133481,93.50649350649351,,
685,0.18572655526590554,92.92929292929293,,
686,0.16552223555453413,92.78499278499278,,
687,0.1434509636549357,94.94949494949495,,
688,0.1613454342931294,93.36219336219337,,
689,0.1740314033323251,92.92929292929293,,
690,0.15889957607394517,93.79509379509379,,
691,0.15372862113158597,93.21789321789322,,
692,0.15739062894001324,94.22799422799423,,
693,0.17316955225851285,93.36219336219337,,
694,0.1631102623558411,92.78499278499278,,
695,0.1636683630796007,93.93939393939394,,
696,0.1466385008919108,94.37229437229438,,
697,0.14172483807292593,93.93939393939394,,
698,0.16360207904038834,93.93939393939394,,
699,0.180101762301306,91.05339105339105,,
700,0.16817861122400385,93.07359307359307,0.5609562880807109,81.81818181818181
701,0.1742576604270918,93.50649350649351,,
702,0.14696880690162145,95.67099567099567,,
703,0.18958718393100116,91.63059163059162,,
704,0.17860412337477244,93.93939393939394,,
705,0.15144004665777452,94.08369408369408,,
706,0.13853351442844836,94.94949494949495,,
707,0.1496404657465598,94.22799422799423,,
708,0.16722568136627797,94.66089466089466,,
709,0.15853403906457525,93.50649350649351,,
710,0.17162124561764094,93.36219336219337,,
711,0.14034021163055563,94.22799422799423,,
712,0.17517608197736534,93.07359307359307,,
713,0.17691610807292218,92.06349206349206,,
714,0.16600794599943863,92.78499278499278,,
715,0.14123515889027075,94.8051948051948,,
716,0.16302578470326656,92.78499278499278,,
717,0.1645648152719307,92.92929292929293,,
718,0.17050089207739927,93.07359307359307,,
719,0.15618122462317627,93.65079365079364,,
720,0.14537606468964448,94.37229437229438,,
721,0.1515474288225776,93.93939393939394,,
722,0.13661666233818254,94.8051948051948,,
723,0.1398676297967396,95.0937950937951,,
724,0.137369958635468,93.93939393939394,,
725,0.1383020193524347,94.8051948051948,0.5798292547077327,84.41558441558442
726,0.14085142055330166,94.51659451659452,,
727,0.1521985096021046,93.79509379509379,,
728,0.15725666805994287,93.65079365079364,,
729,0.15599821415470447,93.07359307359307,,
730,0.14656950963975549,92.92929292929293,,
731,0.1662092851783978,93.36219336219337,,
732,0.14951556419461837,94.66089466089466,,
733,0.14462835886777736,95.0937950937951,,
734,0.17420095370875466,93.65079365079364,,
735,0.1668329948040658,93.36219336219337,,
736,0.16089873598595547,92.92929292929293,,
737,0.15625289757971209,93.50649350649351,,
738,0.16074545602455284,92.78499278499278,,
739,0.1583900661254772,94.08369408369408,,
740,0.17426731171890084,91.63059163059162,,
741,0.16060041121246152,93.50649350649351,,
742,0.1494630194426357,93.93939393939394,,
743,0.13987049368219545,93.79509379509379,,
744,0.171412879265146,93.79509379509379,,
745,0.17054196188030132,93.07359307359307,,
746,0.14523066470633336,94.8051948051948,,
747,0.15896562337218534,93.21789321789322,,
748,0.16443822173130246,93.21789321789322,,
749,0.16598575462252546,93.07359307359307,,
750,0.14707069969796516,94.22799422799423,0.5016321640510064,83.11688311688312
751,0.17670730677733001,92.06349206349206,,
752,0.1632426248683257,93.50649350649351,,
753,0.12404319774063807,95.95959595959596,,
754,0.14915241143218688,92.92929292929293,,
755,0.1311626783471345,95.67099567099567,,
756,0.14656935459940895,94.51659451659452,,
757,0.16874210281676544,93.36219336219337,,
758,0.18018161485033463,92.4963924963925,,
759,0.1437553487493674,94.51659451659452,,
760,0.13493096872540608,94.8051948051948,,
761,0.13927737747629484,93.93939393939394,,
762,0.14347143563701306,94.51659451659452,,
763,0.15676624997697694,93.36219336219337,,
764,0.13761625083937468,94.37229437229438,,
765,0.15802279211483994,94.08369408369408,,
766,0.15526783130901717,94.22799422799423,,
767,0.14045868794639388,95.0937950937951,,
768,0.1542372965827735,93.93939393939394,,
769,0.156686811370595,93.21789321789322,,
770,0.1543020075093014,93.50649350649351,,
771,0.14223815608248222,93.93939393939394,,
772,0.15626417970739057,94.08369408369408,,
773,0.16799037106883474,94.37229437229438,,
774,0.15586683707658475,94.08369408369408,,
775,0.13676621618010049,94.08369408369408,0.5497327528216622,80.51948051948052
776,0.14414231472717218,93.36219336219337,,
777,0.14276745545571673,93.50649350649351,,
778,0.15339905412096266,92.92929292929293,,
779,0.14304710551558808,93.93939393939394,,
780,0.14618394727056677,94.37229437229438,,
781,0.14520414095119308,93.79509379509379,,
782,0.14575291660440948,94.8051948051948,,
783,0.14808364165207696,95.0937950937951,,
784,0.13794205601335185,94.66089466089466,,
785,0.14196168533479325,94.37229437229438,,
786,0.13437022065574472,95.38239538239539,,
787,0.15199602200699402,93.21789321789322,,
788,0.14198272502181505,94.94949494949495,,
789,0.17651595592815938,93.36219336219337,,
790,0.14945268795474784,93.93939393939394,,
791,0.15185435171122158,94.08369408369408,,
792,0.1506424206073838,95.23809523809524,,
793,0.1638792853958335,94.22799422799423,,
794,0.14133894873559905,95.23809523809524,,
795,0.1352484118499797,94.8051948051948,,
796,0.16112452122405665,93.93939393939394,,
797,0.13135333716181277,95.23809523809524,,
798,0.16279634639747106,94.08369408369408,,
799,0.15575871843452233,93.36219336219337,,
800,0.137855516883718,94.37229437229438,0.5474170999867576,81.81818181818181
801,0.1448979250667415,93.65079365079364,,
802,0.1352151767821098,94.66089466089466,,
803,0.15327653994119872,93.79509379509379,,
804,0.1587518500903296,94.08369408369408,,
805,0.1325001882988567,94.37229437229438,,
806,0.1447594484091235,94.22799422799423,,
807,0.1414067175663997,93.50649350649351,,
808,0.17417623091913748,93.21789321789322,,
809,0.15690380795005424,93.93939393939394,,
810,0.14841083872627903,94.51659451659452,,
811,0.15481803468919075,93.36219336219337,,
812,0.15536382949399033,94.51659451659452,,
813,0.17781149375576305,92.78499278499278,,
814,0.14378962088591307,93.79509379509379,,
815,0.1368636256258553,94.51659451659452,,
816,0.16598784095711178,92.92929292929293,,
817,0.14782675216982374,94.66089466089466,,
818,0.1290009379021361,95.23809523809524,,
819,0.1529305813851542,94.08369408369408,,
820,0.14195813995505135,95.0937950937951,,
821,0.1526991587728907,93.93939393939394,,
822,0.13605673868924079,94.37229437229438,,
823,0.14062003642965704,94.66089466089466,,
824,0.1285455326776828,95.52669552669553,,
825,0.1279735800368015,94.37229437229438,0.5636583535702198,84.41558441558442
826,0.1491021750035224,94.37229437229438,,
827,0.1638690744987642,93.79509379509379,,
828,0.14230655840481127,94.94949494949495,,
829,0.14977142210474606,93.65079365079364,,
830,0.18279859361280437,94.22799422799423,,
831,0.1599933651328345,93.36219336219337,,
832,0.15423460203675823,93.50649350649351,,
833,0.1313884152908518,94.22799422799423,,
834,0.1473158871779194,94.37229437229438,,
835,0.13693776715769934,94.8051948051948,,
836,0.1465612638655722,94.37229437229438,,
837,0.15289724247011358,94.51659451659452,,
838,0.1457368696611079,94.94949494949495,,
839,0.1440927606898469,93.79509379509379,,
840,0.16794977929513003,93.21789321789322,,
841,0.13522665194688635,95.0937950937951,,
842,0.14127115939688717,94.37229437229438,,
843,0.1553150381164526,93.79509379509379,,
844,0.12710788906222642,94.66089466089466,,
845,0.1474049821560517,94.37229437229438,,
846,0.1667602870876741,93.21789321789322,,
847,0.13648809413029173,94.66089466089466,,
848,0.15084828813741732,94.08369408369408,,
849,0.1643157842183354,93.50649350649351,,
850,0.14683975498521268,94.08369408369408,0.5488922317306717,84.41558441558442
851,0.15619254026234064,93.93939393939394,,
852,0.15587905370247312,93.36219336219337,,
853,0.14078255935234768,94.66089466089466,,
854,0.13448971266687604,95.23809523809524,,
855,0.14422820771884437,94.51659451659452,,
856,0.15853533329688077,93.21789321789322,,
857,0.1457515875627468,93.36219336219337,,
858,0.15827338081921624,93.79509379509379,,
859,0.14027349654891533,94.8051948051948,,
860,0.14280330580034298,94.37229437229438,,
861,0.1472742304012373,94.22799422799423,,
862,0.15432549247311222,93.36219336219337,,
863,0.13404543693533535,94.8051948051948,,
864,0.14602809704700417,94.37229437229438,,
865,0.1267051693121936,94.94949494949495,,
866,0.1424582138722077,94.94949494949495,,
867,0.12825057262079023,95.23809523809524,,
868,0.14174030923310124,93.07359307359307,,
869,0.14064896764693322,94.51659451659452,,
870,0.1371554048331441,95.23809523809524,,
871,0.13574678122642495,94.51659451659452,,
872,0.1476946815869853,94.51659451659452,,
873,0.1387970530055732,94.8051948051948,,
874,0.14431686966020135,94.51659451659452,,
875,0.138478396043805,93.79509379509379,0.5470527677566974,81.81818181818181
876,0.1671366316157502,93.07359307359307,,
877,0.12477232822254676,95.0937950937951,,
878,0.13845281393238992,94.8051948051948,,
879,0.13471945396168925,95.23809523809524,,
880,0.13168531920744744,93.93939393939394,,
881,0.1177722288115544,95.23809523809524,,
882,0.13575096502980757,94.37229437229438,,
883,0.16547006609463932,93.36219336219337,,
884,0.15588819228575,94.37229437229438,,
885,0.11625460177272945,95.23809523809524,,
886,0.13142049449669335,95.38239538239539,,
887,0.1376709769685547,94.66089466089466,,
888,0.13272629652446483,94.66089466089466,,
889,0.14084562495845393,95.81529581529581,,
890,0.16585206308148123,93.50649350649351,,
891,0.16274499549150123,93.21789321789322,,
892,0.13433473533581172,94.66089466089466,,
893,0.14202314165849533,94.66089466089466,,
894,0.1629123856255739,92.78499278499278,,
895,0.15169553153356605,94.66089466089466,,
896,0.14997706933734564,94.37229437229438,,
897,0.15967073458183723,93.21789321789322,,
898,0.13669625777229774,94.22799422799423,,
899,0.1639740141686509,93.93939393939394,,
900,0.1361935811512398,93.93939393939394,0.5308603710168368,81.81818181818181
901,0.14277646069187794,94.51659451659452,,
902,0.12915571198926723,95.38239538239539,,
903,0.14981331141910167,94.08369408369408,,
904,0.12458590438527635,94.51659451659452,,
905,0.13716822706598353,93.79509379509379,,
906,0.11801314003453799,95.52669552669553,,
907,0.14630855114601046,93.79509379509379,,
908,0.13401428871340565,94.51659451659452,,
909,0.14977135150162516,94.51659451659452,,
910,0.1278975641228592,95.67099567099567,,
911,0.12356568741226437,95.81529581529581,,
912,0.10490861670537428,96.3924963924964,,
913,0.12429814123445088,95.67099567099567,,
914,0.13038641625066513,93.93939393939394,,
915,0.1373135447287112,93.79509379509379,,
916,0.12883009091503433,95.95959595959596,,
917,0.1386030073859561,94.8051948051948,,
918,0.14314381358735315,94.66089466089466,,
919,0.13008950631339827,95.67099567099567,,
920,0.17039357327881657,93.79509379509379,,
921,0.1359413604952212,94.8051948051948,,
922,0.13008966709757264,95.0937950937951,,
923,0.15171545994579577,93.79509379509379,,
924,0.12680109434399597,95.67099567099567,,
925,0.14313444219970428,95.38239538239539,0.5920901046944903,83.11688311688312
926,0.17917762289003805,94.22799422799423,,
927,0.13662637368081107,94.51659451659452,,
928,0.11519675422325451,95.67099567099567,,
929,0.12801354560157094,94.37229437229438,,
930,0.132898520554643,94.8051948051948,,
931,0.12873106879890395,94.8051948051948,,
932,0.12939891545975535,95.38239538239539,,
933,0.12158258874264974,95.0937950937951,,
934,0.1428148661771034,93.50649350649351,,
935,0.14649217935953648,94.94949494949495,,
936,0.15096169213453928,93.79509379509379,,
937,0.1378885962117415,94.37229437229438,,
938,0.10749972976131357,95.81529581529581,,
939,0.1513497143725812,94.37229437229438,,
940,0.14055274790596395,93.50649350649351,,
941,0.1455195229849946,93.50649350649351,,
942,0.1098971517506616,95.67099567099567,,
943,0.1472754782229705,93.07359307359307,,
944,0.1441960231996374,94.66089466089466,,
945,0.13512098415073379,94.22799422799423,,
946,0.13850692718748062,94.66089466089466,,
947,0.11174334693178642,95.52669552669553,,
948,0.12415393623610768,95.95959595959596,,
949,0.11160677491887479,95.52669552669553,,
950,0.12366470116933789,95.23809523809524,0.6349627244008051,81.81818181818181
951,0.11194699632560277,95.67099567099567,,
952,0.1440474713949586,93.93939393939394,,
953,0.15314097414371083,94.22799422799423,,
954,0.11217971002309439,96.24819624819625,,
955,0.14531732601090772,94.08369408369408,,
956,0.12336820113495486,95.38239538239539,,
957,0.1246610756044264,94.8051948051948,,
958,0.12686018151208264,95.23809523809524,,
959,0.16208860969431643,93.07359307359307,,
960,0.1377576386386698,93.36219336219337,,
961,0.1245390527530924,95.23809523809524,,
962,0.14256338453697093,94.51659451659452,,
963,0.12892683771738586,94.66089466089466,,
964,0.13974130762173845,94.22799422799423,,
965,0.15459999597421747,93.93939393939394,,
966,0.12097999232069927,94.8051948051948,,
967,0.12436255444953968,94.94949494949495,,
968,0.11266432615725423,96.24819624819625,,
969,0.12622054832386764,95.23809523809524,,
970,0.12614307099152666,95.23809523809524,,
971,0.11496859359921831,95.23809523809524,,
972,0.1277947695482345,94.66089466089466,,
973,0.1289245943024131,94.8051948051948,,
974,0.12341231073845517,95.67099567099567,,
975,0.14352764472940568,95.52669552669553,0.5044773762876337,81.81818181818181
976,0.12424240121550718,95.23809523809524,,
977,0.1433062787835646,94.22799422799423,,
978,0.14481395292250387,94.22799422799423,,
979,0.11131157281084193,96.1038961038961,,
980,0.13090132077965042,95.38239538239539,,
981,0.15114589194628755,93.65079365079364,,
982,0.1421128311936984,94.22799422799423,,
983,0.12476028031084961,95.52669552669553,,
984,0.13787261184847888,94.51659451659452,,
985,0.1307866106247919,95.0937950937951,,
986,0.1358190035880214,94.94949494949495,,
987,0.15240372534610147,94.22799422799423,,
988,0.12217919423122599,94.8051948051948,,
989,0.1474005039996356,93.93939393939394,,
990,0.1266450079703572,95.67099567099567,,
991,0.12513989647702564,95.81529581529581,,
992,0.12818172707160752,94.66089466089466,,
993,0.1310664096478948,94.8051948051948,,
994,0.14784139478619482,94.51659451659452,,
995,0.13328328203479792,94.66089466089466,,
996,0.13394123806603372,93.93939393939394,,
997,0.11606259398433832,95.0937950937951,,
998,0.12419952703760816,95.38239538239539,,
999,0.11428760725891951,94.08369408369408,,
1000,0.1306871363696942,94.66089466089466,0.5507905862548135,80.51948051948052
