epoch,train_loss,train_acc,test_loss,test_acc
1,0.6930440858673051,53.39105339105339,0.6880892406810414,55.84415584415584
2,0.690758333405719,55.84415584415584,,
3,0.6881765333605019,55.55555555555556,,
4,0.6862988057418647,55.41125541125541,,
5,0.6869716720835644,55.699855699855696,,
6,0.691693506629608,55.41125541125541,,
7,0.6879936977038308,55.84415584415584,,
8,0.686387701296015,56.70995670995671,,
9,0.6865379297716105,56.132756132756136,,
10,0.6900720806176872,56.132756132756136,,
11,0.6851561125394758,54.97835497835498,,
12,0.6861740935588467,55.699855699855696,,
13,0.6895702757360616,55.266955266955264,,
14,0.686228232724326,55.84415584415584,,
15,0.6856492186693575,55.84415584415584,,
16,0.6865649199244952,55.699855699855696,,
17,0.6852246475598168,55.55555555555556,,
18,0.6857604677714999,55.55555555555556,,
19,0.6852709694858238,55.98845598845599,,
20,0.6839128579584207,55.98845598845599,,
21,0.6840094143866117,55.98845598845599,,
22,0.6800160497469991,55.122655122655125,,
23,0.6769952721582002,55.98845598845599,,
24,0.6812280492177085,55.266955266955264,,
25,0.6770805970242874,56.277056277056275,0.6813268235751561,55.84415584415584
26,0.6773841777577201,55.98845598845599,,
27,0.6754642915072036,56.132756132756136,,
28,0.6764545022667229,55.41125541125541,,
29,0.6761697636538254,55.699855699855696,,
30,0.6710503220042109,55.122655122655125,,
31,0.6707211518700504,55.266955266955264,,
32,0.6675817803042964,55.699855699855696,,
33,0.672347454367606,56.277056277056275,,
34,0.6681200717434739,58.874458874458874,,
35,0.6659073955224878,57.43145743145743,,
36,0.6634420574485481,59.307359307359306,,
37,0.6657002334298854,56.56565656565657,,
38,0.6577957891368591,59.16305916305916,,
39,0.6587174294830916,57.142857142857146,,
40,0.6555348023191675,60.46176046176046,,
41,0.6541908873624099,59.16305916305916,,
42,0.65176658566724,60.317460317460316,,
43,0.6520335842004586,60.894660894660895,,
44,0.6494072852024613,59.307359307359306,,
45,0.6481663977772987,60.46176046176046,,
46,0.6380461976469681,63.924963924963926,,
47,0.6499714174483934,58.874458874458874,,
48,0.6410681798860625,62.04906204906205,,
49,0.6371783615018727,62.19336219336219,,
50,0.6382281013897487,62.62626262626262,0.6674169805142787,50.64935064935065
51,0.6382277842723962,61.32756132756133,,
52,0.6337504270788911,60.46176046176046,,
53,0.6335829566051434,62.914862914862915,,
54,0.6345672187695084,62.914862914862915,,
55,0.6282962477224385,61.904761904761905,,
56,0.6274795774773602,63.492063492063494,,
57,0.6254882288701606,64.21356421356421,,
58,0.6315382135034812,64.64646464646465,,
59,0.6188016803921731,64.35786435786436,,
60,0.6098427915297889,66.37806637806638,,
61,0.6160840336206499,66.52236652236653,,
62,0.612448922483436,66.37806637806638,,
63,0.6063738651089854,67.0995670995671,,
64,0.6053043882568161,64.7907647907648,,
65,0.6005728410349952,67.82106782106783,,
66,0.6015724824448513,68.3982683982684,,
67,0.590428011930006,69.55266955266956,,
68,0.5870040256051618,70.56277056277057,,
69,0.5820588939547711,68.68686868686869,,
70,0.5834503819760134,69.40836940836941,,
71,0.5785200426846872,71.13997113997114,,
72,0.5865438318183755,70.99567099567099,,
73,0.5575150791528765,73.44877344877345,,
74,0.5603189805111328,73.44877344877345,,
75,0.5688480890072442,72.15007215007215,0.582274147442409,68.83116883116882
76,0.5485795760395551,74.31457431457432,,
77,0.5581163503820934,73.01587301587301,,
78,0.5636828939980071,72.58297258297259,,
79,0.5441706522030576,74.17027417027417,,
80,0.5424430002209772,74.17027417027417,,
81,0.5410499850564877,74.02597402597402,,
82,0.5351141657664146,75.03607503607503,,
83,0.5420066267036945,73.5930735930736,,
84,0.5445888956301829,74.74747474747475,,
85,0.534901740489068,75.32467532467533,,
86,0.5358899398283525,76.19047619047619,,
87,0.5224973945992678,76.62337662337663,,
88,0.5319253665974302,73.5930735930736,,
89,0.5266433442911889,75.18037518037518,,
90,0.5242143791131298,74.31457431457432,,
91,0.5184644263716143,75.61327561327562,,
92,0.5157075733333439,76.76767676767676,,
93,0.5034436931857815,78.21067821067821,,
94,0.5086882715617423,76.19047619047619,,
95,0.5033007750951538,79.79797979797979,,
96,0.5129719798871105,77.4891774891775,,
97,0.510149138400393,75.18037518037518,,
98,0.49600723467519964,77.92207792207792,,
99,0.48601247286383725,78.35497835497836,,
100,0.49577222121570363,77.2005772005772,0.508295400576158,74.02597402597402
101,0.4873496985538697,78.35497835497836,,
102,0.47420642334661445,78.78787878787878,,
103,0.47562775407174623,79.36507936507937,,
104,0.485289641703018,78.06637806637806,,
105,0.47729301792374595,81.0966810966811,,
106,0.4723588487114569,78.06637806637806,,
107,0.4879241802475669,79.22077922077922,,
108,0.4713102741674943,78.78787878787878,,
109,0.4726259255994106,80.8080808080808,,
110,0.4893556453964927,77.77777777777777,,
111,0.4493264903409829,80.51948051948052,,
112,0.4724979806600023,78.64357864357865,,
113,0.45257245582591576,80.23088023088023,,
114,0.4633898306718636,79.65367965367966,,
115,0.4557022562446704,81.0966810966811,,
116,0.44889940474112483,80.37518037518038,,
117,0.4615507209283793,79.50937950937951,,
118,0.4424571403951356,80.8080808080808,,
119,0.43971368137204114,80.8080808080808,,
120,0.43633539159748636,82.3953823953824,,
121,0.43379261444657397,81.0966810966811,,
122,0.4267504656899715,81.0966810966811,,
123,0.4308441558269539,81.52958152958153,,
124,0.4239240044897253,82.1067821067821,,
125,0.4332526921795904,81.96248196248196,0.46150472721496183,75.32467532467533
126,0.43288263927978526,81.81818181818181,,
127,0.424101302419046,81.52958152958153,,
128,0.43457360342037454,79.65367965367966,,
129,0.4128662488849304,81.52958152958153,,
130,0.4211526544063122,82.82828282828282,,
131,0.41443282301291756,82.82828282828282,,
132,0.40866070426731743,82.82828282828282,,
133,0.421113028928831,82.3953823953824,,
134,0.3994058892668412,84.55988455988457,,
135,0.40905503371749263,81.0966810966811,,
136,0.39569775710718286,83.69408369408369,,
137,0.3896295750812019,83.54978354978356,,
138,0.3975648863233013,82.82828282828282,,
139,0.4068728374884414,82.53968253968254,,
140,0.4053675705220276,82.25108225108225,,
141,0.4170664498558292,81.0966810966811,,
142,0.40039686667282687,83.69408369408369,,
143,0.42064374040215563,81.81818181818181,,
144,0.4083025345812628,83.26118326118326,,
145,0.3941229260157025,83.69408369408369,,
146,0.39560083728848083,82.68398268398268,,
147,0.3717715310155915,84.12698412698413,,
148,0.36309159733086266,86.002886002886,,
149,0.4005021247555855,83.54978354978356,,
150,0.38027893649723277,84.55988455988457,0.41393462016985016,80.51948051948052
151,0.3970579513997743,82.53968253968254,,
152,0.40254021748835905,82.97258297258297,,
153,0.379653921052491,84.27128427128427,,
154,0.37729093505534606,84.99278499278499,,
155,0.36174514218842313,84.55988455988457,,
156,0.3819213633843487,84.27128427128427,,
157,0.3681643754458875,85.13708513708514,,
158,0.3761792029395248,85.56998556998558,,
159,0.404411471767343,83.83838383838383,,
160,0.3802985238478469,84.41558441558442,,
161,0.3649154452534465,85.56998556998558,,
162,0.39222769318807005,84.99278499278499,,
163,0.36372834917098756,83.69408369408369,,
164,0.35770183317847065,84.7041847041847,,
165,0.35570004771626185,86.002886002886,,
166,0.36647456802675044,83.98268398268398,,
167,0.3439857418747003,86.43578643578644,,
168,0.3764464471591327,84.27128427128427,,
169,0.366387192993109,85.13708513708514,,
170,0.35156341677620295,85.28138528138528,,
171,0.3506040748364654,86.14718614718615,,
172,0.37290995182069003,84.12698412698413,,
173,0.3434416174157529,86.86868686868686,,
174,0.3361077235116587,87.73448773448773,,
175,0.35507596891593796,84.27128427128427,0.40557078262428187,84.41558441558442
176,0.3493223845700681,85.85858585858585,,
177,0.35580014754597417,86.14718614718615,,
178,0.3547930543728893,84.7041847041847,,
179,0.35426235151669333,85.56998556998558,,
180,0.3499724618972294,86.86868686868686,,
181,0.339052715815851,86.2914862914863,,
182,0.3419324535484094,87.87878787878788,,
183,0.34983436952507685,84.99278499278499,,
184,0.3433120371545376,85.42568542568543,,
185,0.3542115804436919,85.85858585858585,,
186,0.340754738832793,85.85858585858585,,
187,0.3251821883076541,87.73448773448773,,
188,0.33045982026520576,87.44588744588745,,
189,0.3057304405288779,88.02308802308802,,
190,0.3324664556790912,86.2914862914863,,
191,0.3281183383961089,84.99278499278499,,
192,0.34772361051640643,84.55988455988457,,
193,0.3175727611388823,87.5901875901876,,
194,0.3093740901819727,89.32178932178932,,
195,0.3318594446429959,85.71428571428571,,
196,0.3275841103401707,88.02308802308802,,
197,0.31985975933109356,86.86868686868686,,
198,0.3427571261901016,85.85858585858585,,
199,0.3234223890055138,88.31168831168831,,
200,0.31475095956184473,88.74458874458874,0.40007950230078265,83.11688311688312
201,0.3041699363125695,87.73448773448773,,
202,0.3113831982640133,87.5901875901876,,
203,0.3087495856986933,88.16738816738817,,
204,0.31152978859852576,87.5901875901876,,
205,0.30761374505223305,87.5901875901876,,
206,0.3045640947434293,87.01298701298701,,
207,0.3132365031912385,88.02308802308802,,
208,0.3085712972829524,88.16738816738817,,
209,0.3239586406627947,87.3015873015873,,
210,0.323012352849842,86.72438672438672,,
211,0.32200768400752355,86.72438672438672,,
212,0.29957085877957973,89.03318903318903,,
213,0.31234872128282276,86.2914862914863,,
214,0.3342934838277093,86.86868686868686,,
215,0.30350796179509953,88.74458874458874,,
216,0.3184449468426202,87.87878787878788,,
217,0.3179910509681805,87.73448773448773,,
218,0.3113907989958492,87.87878787878788,,
219,0.29317617349724406,88.02308802308802,,
220,0.29813767958857107,87.73448773448773,,
221,0.31876068872978847,86.58008658008659,,
222,0.30946906227054016,88.16738816738817,,
223,0.3024251754536773,88.88888888888889,,
224,0.2978062330386339,88.45598845598846,,
225,0.2991353628611324,88.74458874458874,0.39917562727804307,84.41558441558442
226,0.3025705874568284,88.60028860028861,,
227,0.2985257738811457,88.02308802308802,,
228,0.3046568581810245,88.74458874458874,,
229,0.2963915491022417,89.17748917748918,,
230,0.27169889348194887,89.32178932178932,,
231,0.32223977845210533,88.02308802308802,,
232,0.2957597928387778,88.31168831168831,,
233,0.29071808227943996,89.46608946608947,,
234,0.305958863009106,87.73448773448773,,
235,0.28040186783452054,89.17748917748918,,
236,0.29262966059503104,88.60028860028861,,
237,0.2871789839145597,88.88888888888889,,
238,0.27879071629150604,89.17748917748918,,
239,0.28047899208414606,89.17748917748918,,
240,0.2872110934656592,89.46608946608947,,
241,0.29101861523085343,89.03318903318903,,
242,0.3014404893050462,88.02308802308802,,
243,0.27502626864425034,89.17748917748918,,
244,0.2609688722210013,90.9090909090909,,
245,0.3000405706669517,87.87878787878788,,
246,0.26532034187820913,89.6103896103896,,
247,0.25088088969131567,91.34199134199135,,
248,0.2742709640472654,89.17748917748918,,
249,0.29768870624714944,87.87878787878788,,
250,0.26301969448037305,90.33189033189034,0.4113689819713692,84.41558441558442
251,0.27455846176174986,90.04329004329004,,
252,0.286408721411555,88.31168831168831,,
253,0.2581276178015947,89.46608946608947,,
254,0.2499316508463795,90.9090909090909,,
255,0.25864907380994434,90.47619047619048,,
256,0.2911292301843005,88.16738816738817,,
257,0.2712308303876357,89.17748917748918,,
258,0.27773213394061486,89.03318903318903,,
259,0.25527124398241485,90.18759018759019,,
260,0.2643211120349848,88.74458874458874,,
261,0.27430272781831705,88.60028860028861,,
262,0.25609150675661635,91.05339105339105,,
263,0.2783628051286136,88.31168831168831,,
264,0.2537551649119087,91.05339105339105,,
265,0.2746880347766573,89.32178932178932,,
266,0.2859189531632832,89.8989898989899,,
267,0.2676803695648092,90.47619047619048,,
268,0.25051028471746484,91.63059163059162,,
269,0.25361012662041926,90.76479076479076,,
270,0.2557303254824524,90.47619047619048,,
271,0.24743006007495896,91.1976911976912,,
272,0.27423351908486987,87.87878787878788,,
273,0.27576233818589524,89.6103896103896,,
274,0.24863236571674224,90.62049062049061,,
275,0.2536798405956912,89.8989898989899,0.4295464541230883,84.41558441558442
276,0.25595949373031934,91.1976911976912,,
277,0.2430530208529848,90.47619047619048,,
278,0.25965694700398656,91.1976911976912,,
279,0.2279933598134425,91.77489177489177,,
280,0.24979503428587665,90.76479076479076,,
281,0.26102503755735973,89.8989898989899,,
282,0.25140770859102496,90.47619047619048,,
283,0.2298372516255358,91.91919191919192,,
284,0.24859925055228616,90.9090909090909,,
285,0.26278086989300936,90.76479076479076,,
286,0.2508844179766519,90.9090909090909,,
287,0.23504102426012616,90.47619047619048,,
288,0.22682393656729102,92.06349206349206,,
289,0.23820799077400054,91.05339105339105,,
290,0.24255991023985338,90.18759018759019,,
291,0.25346260987662994,89.03318903318903,,
292,0.26512263016439275,89.6103896103896,,
293,0.23141840885125886,90.9090909090909,,
294,0.2713765874827579,89.6103896103896,,
295,0.23425734518324315,90.9090909090909,,
296,0.21661203235258789,92.78499278499278,,
297,0.26700916349844844,89.6103896103896,,
298,0.23431320434696917,91.77489177489177,,
299,0.2366818364327948,91.63059163059162,,
300,0.22659980073506697,91.63059163059162,0.42230883511629974,84.41558441558442
301,0.24840473176166952,90.9090909090909,,
302,0.2424340076948829,91.1976911976912,,
303,0.21380119621323646,91.91919191919192,,
304,0.22084041152681624,92.20779220779221,,
305,0.246905385663069,90.04329004329004,,
306,0.2554028690893413,90.33189033189034,,
307,0.23131447048887374,91.63059163059162,,
308,0.2331355203367759,90.76479076479076,,
309,0.23758436297570473,92.20779220779221,,
310,0.21673494087153183,91.91919191919192,,
311,0.21893991697660256,92.35209235209236,,
312,0.23897065589954328,91.48629148629149,,
313,0.22485727469556432,91.05339105339105,,
314,0.22279748436692473,91.05339105339105,,
315,0.23851694272022056,90.33189033189034,,
316,0.24696716902747987,89.75468975468975,,
317,0.22704041111692894,93.21789321789322,,
318,0.24008756829761668,92.35209235209236,,
319,0.24894011242135092,89.03318903318903,,
320,0.23588267108492694,91.63059163059162,,
321,0.21656390921378033,92.20779220779221,,
322,0.22558045185145534,90.33189033189034,,
323,0.2394823274571142,91.63059163059162,,
324,0.2516239100118392,91.05339105339105,,
325,0.22731873754299048,91.05339105339105,0.4518001772366561,83.11688311688312
326,0.2372761137170709,90.76479076479076,,
327,0.2576403023962679,91.48629148629149,,
328,0.22203300815898103,92.4963924963925,,
329,0.20117731633747982,91.77489177489177,,
330,0.21506379407119613,92.35209235209236,,
331,0.2384168616621009,91.05339105339105,,
332,0.2289602661244625,91.34199134199135,,
333,0.20213090925118624,93.50649350649351,,
334,0.23174872823478856,92.64069264069263,,
335,0.23168467258306122,89.32178932178932,,
336,0.22790966220576353,92.4963924963925,,
337,0.22369934845323342,91.05339105339105,,
338,0.2197359652187229,91.91919191919192,,
339,0.2002592854427569,93.07359307359307,,
340,0.2296749588645038,91.77489177489177,,
341,0.23057154810101782,90.9090909090909,,
342,0.22534883030909308,91.05339105339105,,
343,0.2324212408082998,92.35209235209236,,
344,0.19651640841702447,92.92929292929293,,
345,0.21011595118355442,91.63059163059162,,
346,0.21480974030357075,92.4963924963925,,
347,0.22929705909492307,91.05339105339105,,
348,0.23779402460370744,90.9090909090909,,
349,0.19523163634375232,93.50649350649351,,
350,0.21572949609371148,91.77489177489177,0.45464617013931274,84.41558441558442
351,0.20596567761760426,92.35209235209236,,
352,0.2098731751651819,92.20779220779221,,
353,0.22885591643197195,92.06349206349206,,
354,0.2176104596510938,91.48629148629149,,
355,0.23321209125446551,90.62049062049061,,
356,0.22964987988767857,91.77489177489177,,
357,0.21915032049106142,91.05339105339105,,
358,0.2102443195911713,92.06349206349206,,
359,0.22756294172907632,92.20779220779221,,
360,0.20538824434898806,92.20779220779221,,
361,0.20638680191439124,92.78499278499278,,
362,0.1889853034636159,93.93939393939394,,
363,0.1956048993525481,93.21789321789322,,
364,0.179396228797594,94.66089466089466,,
365,0.19753183442749847,92.64069264069263,,
366,0.18192597780736838,93.65079365079364,,
367,0.21624968432341563,91.63059163059162,,
368,0.241974501006445,91.48629148629149,,
369,0.19665081775377666,93.93939393939394,,
370,0.202206678355239,92.4963924963925,,
371,0.19490192793470956,92.78499278499278,,
372,0.21508301388402437,92.92929292929293,,
373,0.21331358579502133,91.77489177489177,,
374,0.2022435712005841,92.4963924963925,,
375,0.20769131663127724,92.20779220779221,0.45600155150735533,84.41558441558442
376,0.2096627883984026,92.92929292929293,,
377,0.18241149688093866,93.93939393939394,,
378,0.19861748977463484,92.92929292929293,,
379,0.17345697496188495,94.22799422799423,,
380,0.18894801642557588,92.35209235209236,,
381,0.22796085104883834,92.06349206349206,,
382,0.19039208597865112,93.07359307359307,,
383,0.17755487445112947,94.94949494949495,,
384,0.17605753434340848,93.93939393939394,,
385,0.18712507936603578,93.21789321789322,,
386,0.1956146402233435,93.50649350649351,,
387,0.19033907926916904,93.36219336219337,,
388,0.18925179852895752,93.07359307359307,,
389,0.1943405344947893,92.20779220779221,,
390,0.20182727614866536,92.4963924963925,,
391,0.1986912601341159,92.78499278499278,,
392,0.17890400812567397,93.36219336219337,,
393,0.18921914632858178,94.37229437229438,,
394,0.1991048062819595,91.63059163059162,,
395,0.18769333243886113,93.36219336219337,,
396,0.2045115510063598,92.4963924963925,,
397,0.19360460351727915,92.06349206349206,,
398,0.1839392651813199,93.36219336219337,,
399,0.21060226737248777,91.34199134199135,,
400,0.18129969322664224,92.92929292929293,0.4789759342546587,84.41558441558442
401,0.19687542151579093,92.92929292929293,,
402,0.18927464659176604,92.35209235209236,,
403,0.1896672634163288,92.4963924963925,,
404,0.2060669684650922,92.35209235209236,,
405,0.18780063978607348,92.06349206349206,,
406,0.19106161493329601,94.08369408369408,,
407,0.17525666466716563,94.51659451659452,,
408,0.1645321920191571,94.08369408369408,,
409,0.19670371381192325,92.4963924963925,,
410,0.21011459724749149,91.77489177489177,,
411,0.20210255991027812,92.78499278499278,,
412,0.17883849556827958,93.93939393939394,,
413,0.2334920438476885,90.9090909090909,,
414,0.16219001085985274,94.08369408369408,,
415,0.18763517691588505,93.07359307359307,,
416,0.1962988358985466,92.4963924963925,,
417,0.16605227013773044,95.23809523809524,,
418,0.18832330798130875,92.78499278499278,,
419,0.16424613029925855,95.23809523809524,,
420,0.2031482346785963,92.20779220779221,,
421,0.18388779493637417,93.93939393939394,,
422,0.17457189158809305,93.79509379509379,,
423,0.17296732867520953,94.08369408369408,,
424,0.1798461897441147,93.79509379509379,,
425,0.15725567739075225,95.0937950937951,0.47438671914013947,85.71428571428571
426,0.19056187318517015,93.21789321789322,,
427,0.1802318367843676,93.07359307359307,,
428,0.1666866966226228,93.36219336219337,,
429,0.1785829049383235,93.07359307359307,,
430,0.17862180302196423,93.65079365079364,,
431,0.1811367558452474,92.64069264069263,,
432,0.177813527818022,92.78499278499278,,
433,0.17234022885259956,93.79509379509379,,
434,0.18755076367617685,92.4963924963925,,
435,0.17732208033467267,93.79509379509379,,
436,0.1701086424559914,93.79509379509379,,
437,0.17352533164134445,94.08369408369408,,
438,0.15797043814287556,94.22799422799423,,
439,0.15032675359156225,94.08369408369408,,
440,0.15030097587284072,94.94949494949495,,
441,0.1749172511269993,93.93939393939394,,
442,0.1719307391911014,94.08369408369408,,
443,0.17886389789815244,93.50649350649351,,
444,0.16810109192696313,93.65079365079364,,
445,0.15867158370616632,94.22799422799423,,
446,0.173695586008943,94.08369408369408,,
447,0.18663738285222267,92.64069264069263,,
448,0.18491513508910912,92.35209235209236,,
449,0.17085271185696727,93.93939393939394,,
450,0.16098361573092004,95.0937950937951,0.46913445537740533,84.41558441558442
451,0.17701511998885294,93.79509379509379,,
452,0.14788341616827344,95.52669552669553,,
453,0.1713792128410475,93.50649350649351,,
454,0.1599074991105439,93.93939393939394,,
455,0.1756307878363528,94.08369408369408,,
456,0.18382117844591236,92.4963924963925,,
457,0.15236933131582636,93.79509379509379,,
458,0.16740223451438233,93.50649350649351,,
459,0.18372267746994161,92.92929292929293,,
460,0.16228075156695226,94.51659451659452,,
461,0.16595796294628629,93.65079365079364,,
462,0.15504494610458913,94.66089466089466,,
463,0.16225044397048619,95.23809523809524,,
464,0.1654969709690171,94.66089466089466,,
465,0.17759393989867805,93.50649350649351,,
466,0.16652772662701545,93.36219336219337,,
467,0.19642944350129082,92.35209235209236,,
468,0.1686928351161112,94.37229437229438,,
469,0.16291383076539803,92.4963924963925,,
470,0.1377358485824962,95.81529581529581,,
471,0.15781707260193248,94.08369408369408,,
472,0.14623686851877155,94.37229437229438,,
473,0.1683828815452292,93.93939393939394,,
474,0.17137120765180988,93.79509379509379,,
475,0.18134081173381764,93.79509379509379,0.5142060115739897,85.71428571428571
476,0.15663146849017467,94.22799422799423,,
477,0.16217438906732232,93.79509379509379,,
478,0.17182374927302632,93.65079365079364,,
479,0.1456551334429613,95.23809523809524,,
480,0.16843616476478687,93.65079365079364,,
481,0.18050417637326158,92.92929292929293,,
482,0.15942958649919833,94.37229437229438,,
483,0.14351417755904308,94.37229437229438,,
484,0.16009726725292928,94.37229437229438,,
485,0.1692469386655359,94.22799422799423,,
486,0.17104859785600143,94.66089466089466,,
487,0.16775117773686307,94.66089466089466,,
488,0.13988392134593508,95.38239538239539,,
489,0.18844140199527767,92.64069264069263,,
490,0.17839967858309697,93.21789321789322,,
491,0.16927021057015718,94.22799422799423,,
492,0.1743983244268065,93.65079365079364,,
493,0.1429539808377215,95.23809523809524,,
494,0.15782026521872305,94.8051948051948,,
495,0.17122977717227233,93.50649350649351,,
496,0.14835769782033661,95.0937950937951,,
497,0.14976155150998893,95.0937950937951,,
498,0.14500921601254874,94.8051948051948,,
499,0.1645205785637294,92.92929292929293,,
500,0.15109206071663728,94.37229437229438,0.46395608511838043,87.01298701298701
501,0.15193734147073903,94.51659451659452,,
502,0.16912633721403572,94.22799422799423,,
503,0.17294631122166632,93.93939393939394,,
504,0.17001175972892438,93.50649350649351,,
505,0.1593139460162511,93.93939393939394,,
506,0.14508523130829717,95.52669552669553,,
507,0.1532020563257033,94.51659451659452,,
508,0.13394185414733997,95.38239538239539,,
509,0.16092668095278362,94.66089466089466,,
510,0.14309637315711074,95.23809523809524,,
511,0.1497182266149686,95.0937950937951,,
512,0.1316842089741777,94.66089466089466,,
513,0.17545056846234705,93.07359307359307,,
514,0.1848490425932502,92.64069264069263,,
515,0.13773178658884927,95.23809523809524,,
516,0.167512501575171,92.78499278499278,,
517,0.15182735655902957,94.22799422799423,,
518,0.14592583675319154,94.37229437229438,,
519,0.1499519490275376,95.81529581529581,,
520,0.15619791196968305,95.23809523809524,,
521,0.14023992665445306,95.23809523809524,,
522,0.15108392085519876,94.8051948051948,,
523,0.16838685061895486,94.51659451659452,,
524,0.11850564570998044,96.24819624819625,,
525,0.14432993517250553,93.79509379509379,0.4721104185302536,87.01298701298701
526,0.13393973908555112,95.38239538239539,,
527,0.13648657995299,95.0937950937951,,
528,0.13006637938868948,95.67099567099567,,
529,0.153011127231269,93.50649350649351,,
530,0.14266770869536488,94.51659451659452,,
531,0.15523211568766,94.08369408369408,,
532,0.15253694403868218,94.94949494949495,,
533,0.13242232507634988,95.38239538239539,,
534,0.13016896172121575,96.24819624819625,,
535,0.15220947733517162,93.79509379509379,,
536,0.15228402156592447,93.79509379509379,,
537,0.13530458245711324,94.8051948051948,,
538,0.14304454850428033,94.66089466089466,,
539,0.1471460276695901,94.51659451659452,,
540,0.1393347271270566,95.52669552669553,,
541,0.13143274868995725,95.0937950937951,,
542,0.11950462898521712,95.52669552669553,,
543,0.13854988175209124,94.66089466089466,,
544,0.12845455079969734,95.38239538239539,,
545,0.164866396036499,93.21789321789322,,
546,0.1757913316139067,94.22799422799423,,
547,0.14172466587366653,94.94949494949495,,
548,0.14296149674260084,95.0937950937951,,
549,0.1444356514820977,95.0937950937951,,
550,0.15370216808707854,94.37229437229438,0.45427071893369997,87.01298701298701
551,0.14795572870823556,94.8051948051948,,
552,0.1343548891778288,94.22799422799423,,
553,0.13506235069397723,94.08369408369408,,
554,0.1433470124999682,94.51659451659452,,
555,0.13393792039130156,94.94949494949495,,
556,0.1287305463255957,95.52669552669553,,
557,0.12975262175347727,96.24819624819625,,
558,0.12624406875588248,95.52669552669553,,
559,0.1450173474557988,94.66089466089466,,
560,0.13908329717868678,95.67099567099567,,
561,0.14872682434311849,94.08369408369408,,
562,0.14620991018943455,94.51659451659452,,
563,0.1328421752324696,95.67099567099567,,
564,0.129814472742927,94.94949494949495,,
565,0.1363761459207122,95.23809523809524,,
566,0.14089949162943022,94.94949494949495,,
567,0.14081483746073806,94.66089466089466,,
568,0.1404308457502727,94.37229437229438,,
569,0.14797058930381338,94.66089466089466,,
570,0.1406764757710618,94.51659451659452,,
571,0.12619655847033381,96.24819624819625,,
572,0.12099012884097698,96.24819624819625,,
573,0.12196877905171671,95.95959595959596,,
574,0.1301184365361886,96.1038961038961,,
575,0.14407815234829682,94.66089466089466,0.542359400879253,85.71428571428571
576,0.16736407883325524,94.22799422799423,,
577,0.11551397882971756,95.23809523809524,,
578,0.11242752491051672,96.24819624819625,,
579,0.12091973272365925,95.0937950937951,,
580,0.1316125329401113,95.52669552669553,,
581,0.13856271741452156,94.8051948051948,,
582,0.12070542028843066,96.3924963924964,,
583,0.15149739008359234,93.65079365079364,,
584,0.13825292916481974,94.66089466089466,,
585,0.14366272693932658,94.66089466089466,,
586,0.12989561605935146,95.52669552669553,,
587,0.14613811574704288,94.8051948051948,,
588,0.15931898586769166,94.08369408369408,,
589,0.12163197478174648,95.95959595959596,,
590,0.1256803897724179,94.94949494949495,,
591,0.12319175974287168,95.52669552669553,,
592,0.13349764541458087,95.38239538239539,,
593,0.09994780965697714,96.96969696969697,,
594,0.14278248464218293,94.51659451659452,,
595,0.15794398988265151,94.37229437229438,,
596,0.13262421042694675,95.67099567099567,,
597,0.13406177426313426,94.94949494949495,,
598,0.12783857851059405,96.1038961038961,,
599,0.13342208329260263,95.38239538239539,,
600,0.15409408406519787,95.23809523809524,0.4941948474227608,88.31168831168831
601,0.12963815835475234,95.38239538239539,,
602,0.13500194064466467,95.38239538239539,,
603,0.14551376648150482,93.93939393939394,,
604,0.1122959956075206,96.53679653679653,,
605,0.1288611123830209,95.52669552669553,,
606,0.11562653888194334,96.1038961038961,,
607,0.1357054722590794,96.1038961038961,,
608,0.12265568061007394,96.24819624819625,,
609,0.12767450669632543,95.23809523809524,,
610,0.15641240945454113,94.94949494949495,,
611,0.12477814136301456,94.51659451659452,,
612,0.11061825621523727,96.68109668109668,,
613,0.13110916421870994,94.8051948051948,,
614,0.1280281310323169,95.81529581529581,,
615,0.12880086118266695,96.1038961038961,,
616,0.11764312838708167,96.3924963924964,,
617,0.1432254510309445,94.8051948051948,,
618,0.10540498057743172,96.68109668109668,,
619,0.1313513767882687,95.52669552669553,,
620,0.10611724810510831,96.24819624819625,,
621,0.10221398640612159,96.82539682539682,,
622,0.123881778761766,95.0937950937951,,
623,0.11226103765537901,96.53679653679653,,
624,0.10071238976450365,96.53679653679653,,
625,0.1187930449864909,95.95959595959596,0.5252699875212336,87.01298701298701
626,0.11830775527899055,95.23809523809524,,
627,0.11476402667392728,95.52669552669553,,
628,0.12003611094583079,96.24819624819625,,
629,0.11694583661241449,95.81529581529581,,
630,0.13247462448060598,96.24819624819625,,
631,0.12536074213070786,94.8051948051948,,
632,0.12886831404111773,95.81529581529581,,
633,0.10760872635834488,96.53679653679653,,
634,0.11854851865686723,94.8051948051948,,
635,0.12473729532077629,96.53679653679653,,
636,0.10664567500782908,96.24819624819625,,
637,0.11618977604490338,96.1038961038961,,
638,0.1260887285745548,94.37229437229438,,
639,0.12125955218876595,95.38239538239539,,
640,0.14384869309236306,94.8051948051948,,
641,0.11698644308300761,95.52669552669553,,
642,0.13505626082807393,94.8051948051948,,
643,0.10954622436223437,96.53679653679653,,
644,0.11669464337318318,96.1038961038961,,
645,0.10876498617161963,96.96969696969697,,
646,0.1424642978142006,94.51659451659452,,
647,0.13078400535672946,95.67099567099567,,
648,0.10430272525609141,96.68109668109668,,
649,0.1028850277076767,96.24819624819625,,
650,0.13099002459558187,94.8051948051948,0.49581333027257546,85.71428571428571
651,0.11743206549909578,95.67099567099567,,
652,0.10188307141156767,96.68109668109668,,
653,0.11309178704651231,95.52669552669553,,
654,0.10996914292654777,96.1038961038961,,
655,0.1320596979379998,95.23809523809524,,
656,0.12472831006571758,94.8051948051948,,
657,0.12903351326503967,95.81529581529581,,
658,0.1142983270585967,96.96969696969697,,
659,0.11693973635010217,95.23809523809524,,
660,0.11350958111654284,95.81529581529581,,
661,0.10114398013805759,96.53679653679653,,
662,0.10891568974402302,96.1038961038961,,
663,0.12973812826698133,95.81529581529581,,
664,0.10513490626607279,95.81529581529581,,
665,0.1255891133451896,95.52669552669553,,
666,0.10753881550174943,96.24819624819625,,
667,0.13083751321182965,95.23809523809524,,
668,0.12378724411796525,95.0937950937951,,
669,0.10380289190775388,96.24819624819625,,
670,0.11288240622906458,95.38239538239539,,
671,0.13565092496197634,94.22799422799423,,
672,0.1239956607464244,95.38239538239539,,
673,0.1019553772642843,96.53679653679653,,
674,0.12584075119889315,95.52669552669553,,
675,0.10456328326231473,96.3924963924964,0.4397596360801102,84.41558441558442
676,0.09944025565793504,96.3924963924964,,
677,0.12506970371862855,95.0937950937951,,
678,0.1242237381776862,95.38239538239539,,
679,0.11138827916003581,96.82539682539682,,
680,0.10303291635558245,96.82539682539682,,
681,0.11291386142996654,96.1038961038961,,
682,0.11671343728534415,95.81529581529581,,
683,0.1199160185232651,95.0937950937951,,
684,0.12462028238551441,95.67099567099567,,
685,0.09844647367279251,95.81529581529581,,
686,0.12817326999265394,94.37229437229438,,
687,0.13664858966184212,94.94949494949495,,
688,0.10296318017639768,96.68109668109668,,
689,0.09048427717187704,97.11399711399712,,
690,0.12468751325187358,95.38239538239539,,
691,0.11479128641311569,96.24819624819625,,
692,0.11502710311884574,95.81529581529581,,
693,0.11041062758512483,95.95959595959596,,
694,0.13101926602390937,94.08369408369408,,
695,0.12495950345503648,95.95959595959596,,
696,0.10901451622596894,96.3924963924964,,
697,0.100699380560258,96.3924963924964,,
698,0.10745008865003118,96.3924963924964,,
699,0.11219333776663908,96.82539682539682,,
700,0.10440032829464686,96.3924963924964,0.4774598502493524,85.71428571428571
701,0.11946331097745749,95.38239538239539,,
702,0.10268622917132546,97.11399711399712,,
703,0.134737574940206,95.0937950937951,,
704,0.11699925318177558,96.24819624819625,,
705,0.09322325182705042,96.82539682539682,,
706,0.10199328848465869,96.3924963924964,,
707,0.08943614556385583,96.96969696969697,,
708,0.1005952890645202,96.1038961038961,,
709,0.0928540692528949,96.1038961038961,,
710,0.10477396543574496,96.82539682539682,,
711,0.12057507259591145,96.3924963924964,,
712,0.1011600781992766,96.53679653679653,,
713,0.10903353318249509,95.67099567099567,,
714,0.10380658829345503,96.1038961038961,,
715,0.10233631951554341,96.82539682539682,,
716,0.10339989177452623,96.3924963924964,,
717,0.1110613970778087,95.38239538239539,,
718,0.10195232414160714,96.53679653679653,,
719,0.0814143850630711,96.96969696969697,,
720,0.08849289849895076,96.68109668109668,,
721,0.14895589900717762,94.08369408369408,,
722,0.10444732068421005,96.1038961038961,,
723,0.10807021746807026,95.95959595959596,,
724,0.08829870208705444,97.11399711399712,,
725,0.08729090574661116,97.40259740259741,0.5330039704000795,85.71428571428571
726,0.1017579808078631,96.53679653679653,,
727,0.10244748184745016,97.25829725829726,,
728,0.09609480679551244,96.3924963924964,,
729,0.09146671569912895,97.54689754689754,,
730,0.12108715615016213,95.23809523809524,,
731,0.12661250498989787,95.95959595959596,,
732,0.1218741350413487,95.67099567099567,,
733,0.08760032424378017,97.69119769119769,,
734,0.10063409396752307,96.53679653679653,,
735,0.11042090489234758,96.24819624819625,,
736,0.09158887145409164,97.40259740259741,,
737,0.11774737126641459,95.23809523809524,,
738,0.0962605531909335,96.82539682539682,,
739,0.10864211523752192,96.68109668109668,,
740,0.10224033859632319,95.38239538239539,,
741,0.1021175707111197,96.53679653679653,,
742,0.09569815202235832,97.83549783549783,,
743,0.0855468986273715,97.40259740259741,,
744,0.09179665415963054,96.68109668109668,,
745,0.08958548433207847,96.96969696969697,,
746,0.09910947273647974,96.3924963924964,,
747,0.1095211792946894,95.81529581529581,,
748,0.0902857379006789,96.68109668109668,,
749,0.12327321013502916,96.24819624819625,,
750,0.11091428711838365,96.1038961038961,0.5697339711251197,85.71428571428571
751,0.08883639781206341,96.96969696969697,,
752,0.11236418873974771,96.24819624819625,,
753,0.093098214973963,97.11399711399712,,
754,0.1296949569555201,96.24819624819625,,
755,0.10676855793892047,96.3924963924964,,
756,0.09361174280659805,96.53679653679653,,
757,0.09763290358957274,96.53679653679653,,
758,0.11095934839647742,96.53679653679653,,
759,0.09301328383826934,96.96969696969697,,
760,0.11061359816170357,95.95959595959596,,
761,0.11320931140822593,96.1038961038961,,
762,0.08612325011307714,97.11399711399712,,
763,0.08943116858408048,96.82539682539682,,
764,0.09316055498167894,97.11399711399712,,
765,0.10344930075936848,96.53679653679653,,
766,0.08006533290277011,97.83549783549783,,
767,0.08660150321488085,97.25829725829726,,
768,0.10338788393422596,95.38239538239539,,
769,0.0902823181916969,96.96969696969697,,
770,0.10945360458215422,96.1038961038961,,
771,0.08589133810558361,96.68109668109668,,
772,0.09151409975216761,97.54689754689754,,
773,0.0992468282402981,96.82539682539682,,
774,0.14231679094001157,96.1038961038961,,
775,0.10314895994262434,96.3924963924964,0.532105219828618,85.71428571428571
776,0.11062750160092055,96.24819624819625,,
777,0.09977200628402086,96.68109668109668,,
778,0.09148325601224432,96.3924963924964,,
779,0.08814698213396908,96.68109668109668,,
780,0.1067503739046242,96.96969696969697,,
781,0.09404511466987893,96.24819624819625,,
782,0.10127498209476471,95.95959595959596,,
783,0.11294197565291351,96.3924963924964,,
784,0.09864597014201237,96.82539682539682,,
785,0.10036991034536306,96.96969696969697,,
786,0.10632857648604704,96.68109668109668,,
787,0.08183660056081857,96.68109668109668,,
788,0.09001713076238164,97.25829725829726,,
789,0.10610037859298106,96.24819624819625,,
790,0.10530027145691871,96.68109668109668,,
791,0.09613053435070001,97.40259740259741,,
792,0.1005213597034639,96.24819624819625,,
793,0.08782145898106467,96.68109668109668,,
794,0.10159074191493217,96.3924963924964,,
795,0.0986352592147618,96.53679653679653,,
796,0.08950539837990489,96.53679653679653,,
797,0.07381334989015846,97.97979797979798,,
798,0.12396995615466763,95.52669552669553,,
799,0.08591564996288968,97.25829725829726,,
800,0.09356175767308877,96.96969696969697,0.5803274071061766,85.71428571428571
801,0.08612781834034693,97.69119769119769,,
802,0.09312429422079915,96.68109668109668,,
803,0.11755119897640198,94.66089466089466,,
804,0.10029044264623785,96.3924963924964,,
805,0.11051587025066476,96.1038961038961,,
806,0.09919868870860055,96.68109668109668,,
807,0.08194092590721999,97.25829725829726,,
808,0.0717233678952268,98.55699855699855,,
809,0.08699680529373549,97.11399711399712,,
810,0.10585760270362292,96.96969696969697,,
811,0.08895240053413557,97.25829725829726,,
812,0.09851884973083568,95.52669552669553,,
813,0.09033348699991321,97.11399711399712,,
814,0.08185960150331871,96.96969696969697,,
815,0.08820380526359635,96.96969696969697,,
816,0.08594758500053425,97.11399711399712,,
817,0.086619809914977,97.25829725829726,,
818,0.09904085028873592,96.96969696969697,,
819,0.12467015663653741,95.52669552669553,,
820,0.0989103162443483,96.1038961038961,,
821,0.08805407227848859,97.11399711399712,,
822,0.07835211834909252,96.96969696969697,,
823,0.0804456245546561,97.69119769119769,,
824,0.11355093299460961,96.1038961038961,,
825,0.09699810910190511,96.53679653679653,0.5671721007916835,84.41558441558442
826,0.08593574386697483,96.96969696969697,,
827,0.08499503096976838,96.82539682539682,,
828,0.11204057772043141,96.3924963924964,,
829,0.08407618215611315,97.25829725829726,,
830,0.07061053817879415,97.83549783549783,,
831,0.09033808058388478,96.3924963924964,,
832,0.07842181927509724,97.69119769119769,,
833,0.08105123202312431,96.82539682539682,,
834,0.0973049212693308,97.40259740259741,,
835,0.09178850383727581,96.82539682539682,,
836,0.08492935445659604,97.83549783549783,,
837,0.08320969023068488,97.11399711399712,,
838,0.08588286002218981,96.68109668109668,,
839,0.09107807237778563,96.82539682539682,,
840,0.09835910594996608,95.95959595959596,,
841,0.08282386716912148,96.96969696969697,,
842,0.08772865711868584,96.68109668109668,,
843,0.07465198473711894,97.83549783549783,,
844,0.08769238173617601,96.96969696969697,,
845,0.07150714707925034,97.83549783549783,,
846,0.07684582771940364,97.40259740259741,,
847,0.069496712170294,97.40259740259741,,
848,0.08906814980106953,97.54689754689754,,
849,0.1015155478266389,95.67099567099567,,
850,0.08644213610225254,97.11399711399712,0.5597269062872057,81.81818181818181
851,0.08103289047704974,97.25829725829726,,
852,0.10611035048015534,95.95959595959596,,
853,0.10533074040065317,96.24819624819625,,
854,0.0716338726392212,97.25829725829726,,
855,0.0734990971299993,97.40259740259741,,
856,0.10578047612837878,96.82539682539682,,
857,0.08064297393426664,97.54689754689754,,
858,0.09847349530989022,97.11399711399712,,
859,0.08120125625148136,96.96969696969697,,
860,0.08706951877276962,96.68109668109668,,
861,0.08478244508026654,97.11399711399712,,
862,0.09673743597184768,96.68109668109668,,
863,0.11730745441749327,95.52669552669553,,
864,0.08067361718315152,97.40259740259741,,
865,0.06690015070796185,97.54689754689754,,
866,0.08242499961115925,96.82539682539682,,
867,0.07061932449905044,97.54689754689754,,
868,0.105237704442349,95.67099567099567,,
869,0.09634084590612595,96.3924963924964,,
870,0.06441327706812565,98.26839826839827,,
871,0.10028566901463193,97.25829725829726,,
872,0.10078634816244739,97.40259740259741,,
873,0.07779297093937407,97.40259740259741,,
874,0.09151108321044352,96.3924963924964,,
875,0.07790480061161398,97.54689754689754,0.4923006861240833,84.41558441558442
876,0.08372397117133952,96.68109668109668,,
877,0.08738807354389165,96.82539682539682,,
878,0.07792825021742054,97.97979797979798,,
879,0.07290616622369354,97.54689754689754,,
880,0.09160116780146117,96.96969696969697,,
881,0.09073988108493893,97.25829725829726,,
882,0.10460995941981942,95.95959595959596,,
883,0.08721432538936923,97.25829725829726,,
884,0.08583358540582708,96.82539682539682,,
885,0.06965278533070979,97.97979797979798,,
886,0.06630501717673064,97.83549783549783,,
887,0.09797994660221652,97.11399711399712,,
888,0.0843829121682551,97.25829725829726,,
889,0.06750412259525035,98.12409812409813,,
890,0.0773937963003032,97.40259740259741,,
891,0.0917568893788697,95.95959595959596,,
892,0.08031434557181588,96.3924963924964,,
893,0.10096298436624836,96.53679653679653,,
894,0.06694072104377664,97.97979797979798,,
895,0.06763646453968417,97.40259740259741,,
896,0.0974870641832744,96.68109668109668,,
897,0.08910766493362438,96.96969696969697,,
898,0.07119179292330666,97.83549783549783,,
899,0.08868600220606268,96.68109668109668,,
900,0.10873438581329747,96.53679653679653,0.5789933916810271,84.41558441558442
901,0.09909622589446078,96.96969696969697,,
902,0.08426129461308433,96.68109668109668,,
903,0.07619942410500964,97.83549783549783,,
904,0.06002152313493074,98.55699855699855,,
905,0.09830770841940786,96.3924963924964,,
906,0.08580894665026562,96.68109668109668,,
907,0.0731746034016685,97.54689754689754,,
908,0.08214128381891168,96.96969696969697,,
909,0.08651174326428289,97.69119769119769,,
910,0.09830222954008658,96.82539682539682,,
911,0.06934165533142861,98.55699855699855,,
912,0.07727431615043168,97.25829725829726,,
913,0.08985532392864619,96.96969696969697,,
914,0.07722706488544635,97.40259740259741,,
915,0.07809297061521253,97.11399711399712,,
916,0.10242645750776427,96.96969696969697,,
917,0.08356626009270227,97.40259740259741,,
918,0.06396332158791748,98.12409812409813,,
919,0.09596533150899977,97.25829725829726,,
920,0.07876777652285531,97.97979797979798,,
921,0.0787368220660814,97.40259740259741,,
922,0.06396162908182924,98.12409812409813,,
923,0.10271480361276547,96.3924963924964,,
924,0.06865132142874328,97.97979797979798,,
925,0.06459989094458961,98.12409812409813,0.5623186989264055,84.41558441558442
926,0.06122439578148667,98.41269841269842,,
927,0.07233111046437406,97.69119769119769,,
928,0.08715195768925363,96.68109668109668,,
929,0.07889231322346656,96.68109668109668,,
930,0.06574168452968845,97.97979797979798,,
931,0.07802706267946759,97.25829725829726,,
932,0.06809977219476328,97.11399711399712,,
933,0.06614081322888792,97.83549783549783,,
934,0.08215329813344933,97.40259740259741,,
935,0.12727437679041687,96.82539682539682,,
936,0.08264324103964528,97.25829725829726,,
937,0.09917985763492178,97.25829725829726,,
938,0.08197437819432128,97.69119769119769,,
939,0.08150404584184182,97.25829725829726,,
940,0.052600110933442655,98.84559884559884,,
941,0.07879701054763871,96.53679653679653,,
942,0.06376260294462051,97.83549783549783,,
943,0.08427533093963523,96.53679653679653,,
944,0.07414768788893673,96.96969696969697,,
945,0.06718771918011564,97.69119769119769,,
946,0.09487002927804578,96.96969696969697,,
947,0.07694920736215848,97.25829725829726,,
948,0.07610814716306771,96.96969696969697,,
949,0.09219394054352528,97.25829725829726,,
950,0.08439131947650882,96.96969696969697,0.5841131783151007,84.41558441558442
951,0.07500009404288398,97.69119769119769,,
952,0.08528984383200154,96.82539682539682,,
953,0.07820725424852205,96.82539682539682,,
954,0.07010521039818272,97.83549783549783,,
955,0.08300100457767215,96.96969696969697,,
956,0.07474183221045252,97.54689754689754,,
957,0.07488343522522442,97.25829725829726,,
958,0.09338815695193595,96.53679653679653,,
959,0.08540402501176446,96.53679653679653,,
960,0.0698599000683143,97.83549783549783,,
961,0.0860279695460812,96.96969696969697,,
962,0.0666052352900457,97.69119769119769,,
963,0.07198757290958412,97.69119769119769,,
964,0.056140434520364796,98.26839826839827,,
965,0.0716436966450033,97.69119769119769,,
966,0.06448152147416257,97.83549783549783,,
967,0.08172046359827335,96.68109668109668,,
968,0.09113288789175848,96.68109668109668,,
969,0.06736949165882529,97.69119769119769,,
970,0.07220118672924296,97.11399711399712,,
971,0.061829490081808956,98.41269841269842,,
972,0.06376885897970475,98.12409812409813,,
973,0.06310740115408602,97.83549783549783,,
974,0.09897522815378197,96.3924963924964,,
975,0.0832717591657439,97.54689754689754,0.5997245280773609,84.41558441558442
976,0.08138638422763966,96.3924963924964,,
977,0.06927269256390191,97.69119769119769,,
978,0.07430865486995095,97.54689754689754,,
979,0.050630077886331996,98.7012987012987,,
980,0.07466116142801908,97.40259740259741,,
981,0.07333260036005086,98.12409812409813,,
982,0.08935603618078891,96.96969696969697,,
983,0.10348321179742422,97.25829725829726,,
984,0.08092191986185948,96.53679653679653,,
985,0.0753955841924549,97.54689754689754,,
986,0.08140654718264141,97.25829725829726,,
987,0.07290494660235415,97.97979797979798,,
988,0.08302981580082128,96.68109668109668,,
989,0.05423527799578972,98.12409812409813,,
990,0.08455456466740602,97.25829725829726,,
991,0.09646176042312066,97.11399711399712,,
992,0.05603975603494035,98.41269841269842,,
993,0.07326339982976818,97.11399711399712,,
994,0.06473126223722062,97.97979797979798,,
995,0.055219483775493905,97.97979797979798,,
996,0.09640218262677584,96.24819624819625,,
997,0.09088085348278413,97.83549783549783,,
998,0.05590784109989114,98.12409812409813,,
999,0.0758656326030928,97.54689754689754,,
1000,0.06380915787463408,98.26839826839827,0.5902727958443877,83.11688311688312
