epoch,train_loss,train_acc,test_loss,test_acc
1,2.264809661745873,14.048531289910601,2.2610139209805555,17.938931297709924
2,2.0418274053973104,31.800766283524904,,
3,1.8261986558312504,47.76500638569604,,
4,1.6499515144608792,51.724137931034484,,
5,1.528305105627116,56.32183908045977,,
6,1.3931113307960188,60.02554278416348,,
7,1.263802031599851,66.79438058748404,,
8,1.1677807949359693,67.94380587484035,,
9,1.074834360930198,70.11494252873563,,
10,1.0325586675531868,71.77522349936143,,
11,0.9671546644786918,73.81864623243933,,
12,0.9125129217388986,74.07407407407408,,
13,0.8399363868842484,76.75606641123882,,
14,0.8052997184895921,78.41634738186463,,
15,0.7598136552296684,80.07662835249042,,
16,0.6948979903454982,82.88633461047255,,
17,0.6625620218833592,81.35376756066411,,
18,0.6566592566050484,82.6309067688378,,
19,0.6513152038761787,82.50319284802043,,
20,0.6340066320899194,84.54661558109834,,
21,0.5924092172282257,85.18518518518519,,
22,0.5972319591700042,83.39719029374201,,
23,0.543330587189773,85.31289910600256,,
24,0.5505114057663909,84.03575989782887,,
25,0.5161622305178246,87.10089399744572,0.5473167500423111,85.1145038167939
26,0.4916698729017533,86.46232439335887,,
27,0.5072412806756956,86.97318007662835,,
28,0.5125316457577896,85.9514687100894,,
29,0.493339865334037,85.82375478927203,,
30,0.4863940846379537,85.82375478927203,,
31,0.4321903367532776,87.61174968071519,,
32,0.40638318273451746,91.06002554278416,,
33,0.4145324658007762,88.88888888888889,,
34,0.40446490778244015,89.39974457215837,,
35,0.40898674509534433,88.76117496807151,,
36,0.37804716893996315,89.52745849297574,,
37,0.39497104953227524,89.14431673052363,,
38,0.40744642138785636,87.35632183908046,,
39,0.3789560062903554,89.91060025542784,,
40,0.35236182957316725,90.29374201787995,,
41,0.35231769438904365,91.57088122605364,,
42,0.3421612688712538,91.57088122605364,,
43,0.357965965228367,90.93231162196679,,
44,0.35669397373385203,90.29374201787995,,
45,0.3456395140552886,91.18773946360153,,
46,0.3176393345626378,92.5925925925926,,
47,0.3279755230836028,91.95402298850574,,
48,0.30632352383657435,91.69859514687101,,
49,0.30528741347987687,92.72030651340997,,
50,0.2834251835504559,92.20945083014048,0.44030862662742154,87.40458015267176
