epoch,train_loss,train_acc,test_loss,test_acc
1,0.6918290472477889,52.23665223665223,0.6844867583993194,55.84415584415584
2,0.6868860305301727,55.84415584415584,,
3,0.6846632078440502,55.84415584415584,,
4,0.6810467905468411,56.132756132756136,,
5,0.6792181309683498,56.132756132756136,,
6,0.6807692158445824,56.56565656565657,,
7,0.6739436063759598,56.277056277056275,,
8,0.6689964259341682,56.42135642135642,,
9,0.6684439000801262,56.70995670995671,,
10,0.6651709903714289,58.297258297258296,,
11,0.6595127151642011,60.02886002886003,,
12,0.657581886515817,58.874458874458874,,
13,0.6542717053260638,61.03896103896104,,
14,0.6464700579299211,60.02886002886003,,
15,0.6398416613947605,63.34776334776335,,
16,0.6348385570885299,64.35786435786436,,
17,0.6252937540519461,66.95526695526695,,
18,0.6210177265548431,66.23376623376623,,
19,0.6111876433889931,68.97546897546897,,
20,0.6138720264682522,67.96536796536796,,
21,0.601875434362183,66.95526695526695,,
22,0.5859124857453901,69.26406926406926,,
23,0.5784987368624964,70.27417027417027,,
24,0.5812588053692299,70.12987012987013,,
25,0.565232509056383,71.13997113997114,0.5874242538755591,66.23376623376623
26,0.5706108137642666,71.42857142857143,,
27,0.5551090130816291,73.01587301587301,,
28,0.5599113591821678,72.43867243867244,,
29,0.5405437663778082,73.01587301587301,,
30,0.5419899989860226,73.44877344877345,,
31,0.5353425848277616,73.01587301587301,,
32,0.528251154082162,75.32467532467533,,
33,0.5205490359496244,75.03607503607503,,
34,0.5196913727606186,74.60317460317461,,
35,0.5087557434175609,76.62337662337663,,
36,0.5296871735893115,75.46897546897547,,
37,0.5123091342215242,76.91197691197691,,
38,0.49935448212713046,78.06637806637806,,
39,0.4922087660857609,76.33477633477634,,
40,0.5021337518444309,73.5930735930736,,
41,0.49608722217327245,75.32467532467533,,
42,0.49319494441474154,75.03607503607503,,
43,0.4867813108975409,77.4891774891775,,
44,0.48177467456455697,78.06637806637806,,
45,0.48798167524915753,77.34487734487735,,
46,0.4670224757851632,79.50937950937951,,
47,0.4724572023530027,77.34487734487735,,
48,0.46533271124180603,77.92207792207792,,
49,0.46850729053154655,77.63347763347764,,
50,0.45718579125438763,79.50937950937951,0.4873054306228439,76.62337662337663
51,0.46620843383183896,78.21067821067821,,
52,0.4624086683790749,78.4992784992785,,
53,0.45540478563239906,79.36507936507937,,
54,0.4629100604146762,78.35497835497836,,
55,0.45107330414123864,80.51948051948052,,
56,0.45029166233315954,78.64357864357865,,
57,0.4690848370909175,77.77777777777777,,
58,0.46353526626314434,79.65367965367966,,
59,0.45622167799723956,79.50937950937951,,
60,0.44331959079182337,80.37518037518038,,
61,0.42655580285479666,80.95238095238095,,
62,0.42371097968254257,81.96248196248196,,
63,0.42523250228914866,81.52958152958153,,
64,0.44528638009213095,80.08658008658008,,
65,0.440251111554205,79.22077922077922,,
66,0.43797652889983824,77.92207792207792,,
67,0.4315319951478537,82.53968253968254,,
68,0.4227127770840864,82.25108225108225,,
69,0.4320474551697658,80.95238095238095,,
70,0.4280693419008888,80.08658008658008,,
71,0.4438087393195082,81.67388167388168,,
72,0.434681031955097,80.8080808080808,,
73,0.3975706458263755,82.97258297258297,,
74,0.4017038219762915,81.81818181818181,,
75,0.4063484732378785,81.38528138528139,0.4625072297337767,79.22077922077922
76,0.4151427650348449,80.23088023088023,,
77,0.4163608680899869,82.25108225108225,,
78,0.41895891470138474,81.52958152958153,,
79,0.4205260885312272,81.81818181818181,,
80,0.40800715215278394,83.40548340548341,,
81,0.39906090814055817,81.81818181818181,,
82,0.4080570073096783,81.24098124098124,,
83,0.40200205454750665,80.95238095238095,,
84,0.40537570412626855,81.0966810966811,,
85,0.40520871429560334,80.23088023088023,,
86,0.39765879309710656,81.96248196248196,,
87,0.3764058693834886,83.69408369408369,,
88,0.3840013120597575,82.3953823953824,,
89,0.40962193590221985,81.81818181818181,,
90,0.38092503424674745,84.41558441558442,,
91,0.40010989972351263,80.51948051948052,,
92,0.38050588212832054,83.69408369408369,,
93,0.37818013464905653,83.83838383838383,,
94,0.40252630191103894,82.68398268398268,,
95,0.3765069328861319,82.53968253968254,,
96,0.3860847537995761,81.52958152958153,,
97,0.3791061346063022,84.41558441558442,,
98,0.39199066885665035,81.52958152958153,,
99,0.3717309513047316,82.82828282828282,,
100,0.4218181906560971,80.51948051948052,0.48241127311409293,80.51948051948052
101,0.3653426024992917,83.40548340548341,,
102,0.37205933415012443,83.83838383838383,,
103,0.3829320873661991,82.82828282828282,,
104,0.383823664071412,82.53968253968254,,
105,0.382116377450429,83.54978354978356,,
106,0.3523202015551998,86.86868686868686,,
107,0.3816889754535488,82.53968253968254,,
108,0.3808802863392135,82.3953823953824,,
109,0.3899840602024981,82.97258297258297,,
110,0.3702023278325151,82.97258297258297,,
111,0.37274271198165365,82.1067821067821,,
112,0.39033084922882727,84.84848484848484,,
113,0.374528778794868,83.40548340548341,,
114,0.36377638771936494,84.55988455988457,,
115,0.37029536719962114,84.12698412698413,,
116,0.36260939730280234,84.7041847041847,,
117,0.35384625893134575,84.84848484848484,,
118,0.3413047672049136,84.84848484848484,,
119,0.3695613366012793,83.11688311688312,,
120,0.34478906521635483,84.84848484848484,,
121,0.34507965254577205,83.98268398268398,,
122,0.3683793576162787,82.25108225108225,,
123,0.3844990948319951,82.1067821067821,,
124,0.3579037891536908,84.27128427128427,,
125,0.36626861032641467,83.98268398268398,0.4875263382088054,80.51948051948052
126,0.3530200045518201,85.13708513708514,,
127,0.35694713191724614,84.99278499278499,,
128,0.34015071830708227,84.99278499278499,,
129,0.3604896322946356,83.54978354978356,,
130,0.3509191585137559,84.99278499278499,,
131,0.32892923945128316,85.56998556998558,,
132,0.3637303877702523,83.40548340548341,,
133,0.37718682947956983,83.40548340548341,,
134,0.36354247905303216,84.12698412698413,,
135,0.3458812950235425,84.12698412698413,,
136,0.34211418535802274,85.28138528138528,,
137,0.35969256193606886,85.42568542568543,,
138,0.33679161740071845,85.28138528138528,,
139,0.3419140321007711,87.01298701298701,,
140,0.3248860914297778,87.3015873015873,,
141,0.35253024909747455,83.98268398268398,,
142,0.3168177636928889,86.2914862914863,,
143,0.3568455581627195,83.40548340548341,,
144,0.3466263214532087,84.99278499278499,,
145,0.3475330275138047,85.71428571428571,,
146,0.3491731285188793,84.7041847041847,,
147,0.32860307281495515,85.71428571428571,,
148,0.33611802795490664,84.99278499278499,,
149,0.32490026611098305,86.43578643578644,,
150,0.342297508517041,84.55988455988457,0.5023511214689775,83.11688311688312
151,0.3529797192517813,84.7041847041847,,
152,0.33044703173602985,86.2914862914863,,
153,0.34880059568310884,85.28138528138528,,
154,0.3300922817482061,85.28138528138528,,
155,0.3366485729297518,86.14718614718615,,
156,0.33609646053455267,84.84848484848484,,
157,0.34753912739982507,84.55988455988457,,
158,0.3235196042241472,86.43578643578644,,
159,0.3441989306591634,86.58008658008659,,
160,0.3294007107077911,85.71428571428571,,
161,0.33702364034982984,85.28138528138528,,
162,0.33586960037549335,85.28138528138528,,
163,0.3131292697155114,88.02308802308802,,
164,0.305302137581559,86.72438672438672,,
165,0.3145806299143539,85.71428571428571,,
166,0.3157247377594484,86.72438672438672,,
167,0.3047099503517839,87.3015873015873,,
168,0.3376918062460199,85.42568542568543,,
169,0.33431028180136135,86.002886002886,,
170,0.30602317611978513,87.01298701298701,,
171,0.32326429246953037,86.2914862914863,,
172,0.32011253955474317,86.2914862914863,,
173,0.32510183861245323,84.99278499278499,,
174,0.3198483748654439,85.71428571428571,,
175,0.3200625722843503,85.71428571428571,0.5129267170831755,81.81818181818181
176,0.3265176654550076,86.43578643578644,,
177,0.32586358231727525,86.14718614718615,,
178,0.3283483163919972,87.01298701298701,,
179,0.2931589878138698,87.5901875901876,,
180,0.3284979538312034,85.56998556998558,,
181,0.30406941005806903,87.3015873015873,,
182,0.31744088410987137,86.43578643578644,,
183,0.31010911892158816,86.72438672438672,,
184,0.3128593178710552,86.58008658008659,,
185,0.3275821783497908,86.43578643578644,,
186,0.323411821845978,87.15728715728716,,
187,0.32826761086437783,86.58008658008659,,
188,0.32996025165438136,86.43578643578644,,
189,0.314336252719981,86.14718614718615,,
190,0.2962333012538899,88.02308802308802,,
191,0.2982082977611437,87.44588744588745,,
192,0.3120573105836155,86.2914862914863,,
193,0.31457831085394816,87.44588744588745,,
194,0.2983742438009463,87.44588744588745,,
195,0.30880955227181683,88.16738816738817,,
196,0.2937220494984548,87.44588744588745,,
197,0.2940080606017106,86.43578643578644,,
198,0.306462016026523,86.72438672438672,,
199,0.3099854367463964,87.15728715728716,,
200,0.2982042560630718,87.5901875901876,0.5574809003185917,84.41558441558442
201,0.29253795822547457,87.3015873015873,,
202,0.2894407030823943,87.44588744588745,,
203,0.29951339663365184,86.72438672438672,,
204,0.3074272775116765,86.86868686868686,,
205,0.282885876138833,89.32178932178932,,
206,0.2795242416802767,89.8989898989899,,
207,0.31541789941285425,86.72438672438672,,
208,0.29542278968238556,87.3015873015873,,
209,0.3124126003246115,86.86868686868686,,
210,0.2981512509770208,86.58008658008659,,
211,0.30879931885098655,87.73448773448773,,
212,0.31778776978947554,86.002886002886,,
213,0.3121804687453899,86.43578643578644,,
214,0.29924280470583864,87.44588744588745,,
215,0.2951880842232257,87.15728715728716,,
216,0.307618200606942,86.002886002886,,
217,0.30421974536832447,87.73448773448773,,
218,0.3154898093204306,86.86868686868686,,
219,0.2917964945494871,87.73448773448773,,
220,0.3050351192768862,88.16738816738817,,
221,0.2845894352010146,88.60028860028861,,
222,0.29424034085925693,87.3015873015873,,
223,0.31014060363990575,88.02308802308802,,
224,0.31089744421224746,87.44588744588745,,
225,0.28029847979373573,89.46608946608947,0.5900052453016306,83.11688311688312
226,0.2987279388811681,87.01298701298701,,
227,0.3195979212226634,86.43578643578644,,
228,0.26639609468877745,88.74458874458874,,
229,0.2899478404832437,87.15728715728716,,
230,0.2906466969980994,87.73448773448773,,
231,0.29740660015122716,86.2914862914863,,
232,0.29550973815147324,86.86868686868686,,
233,0.29802121682170496,89.17748917748918,,
234,0.27923328816503673,88.74458874458874,,
235,0.28189811381426727,89.32178932178932,,
236,0.2773659513540254,88.88888888888889,,
237,0.26913792380866897,88.60028860028861,,
238,0.27302410840601116,88.31168831168831,,
239,0.3013247870349609,87.3015873015873,,
240,0.2732893152842446,88.31168831168831,,
241,0.2858298016661001,88.02308802308802,,
242,0.27845765537384787,88.60028860028861,,
243,0.29608479675448474,87.73448773448773,,
244,0.2772654667819217,88.88888888888889,,
245,0.2877553937497077,87.87878787878788,,
246,0.28569293744367524,87.87878787878788,,
247,0.257758864689441,90.33189033189034,,
248,0.302313195850598,86.86868686868686,,
249,0.2672452346716092,90.18759018759019,,
250,0.26737734447482,88.45598845598846,0.6175558327080367,81.81818181818181
251,0.2953035912085405,87.5901875901876,,
252,0.2998900135702213,87.73448773448773,,
253,0.24020612235537167,91.63059163059162,,
254,0.28871020438179135,88.45598845598846,,
255,0.2633433665806081,88.02308802308802,,
256,0.26395166036370515,90.18759018759019,,
257,0.2818944607075159,88.60028860028861,,
258,0.292534741703394,87.15728715728716,,
259,0.2844105662205519,87.73448773448773,,
260,0.2828843646493309,88.60028860028861,,
261,0.2704891790387262,89.46608946608947,,
262,0.2747249015395948,87.87878787878788,,
263,0.2667455594088952,90.04329004329004,,
264,0.25642940638557316,90.47619047619048,,
265,0.2898289920146675,87.44588744588745,,
266,0.2790011021524969,88.88888888888889,,
267,0.25389810955799674,90.33189033189034,,
268,0.2757881243765612,88.02308802308802,,
269,0.262806410397286,89.46608946608947,,
270,0.2621024417842793,89.03318903318903,,
271,0.2720575098910545,88.31168831168831,,
272,0.2983119057284461,87.5901875901876,,
273,0.2729520516908186,89.03318903318903,,
274,0.28979924438900245,87.87878787878788,,
275,0.2673155346732119,89.8989898989899,0.6257196045541144,80.51948051948052
276,0.2810393636790877,88.74458874458874,,
277,0.25728082934241275,90.47619047619048,,
278,0.27528475786184337,88.02308802308802,,
279,0.2652522221444145,89.8989898989899,,
280,0.2797265289321778,88.45598845598846,,
281,0.2590839732088912,89.46608946608947,,
282,0.25285947334671777,89.75468975468975,,
283,0.2773623154706941,90.04329004329004,,
284,0.26037639069866825,89.75468975468975,,
285,0.2493752786865482,90.04329004329004,,
286,0.28288888247498184,87.87878787878788,,
287,0.25426955205021484,89.46608946608947,,
288,0.2740846963929924,89.32178932178932,,
289,0.2551526060223063,90.47619047619048,,
290,0.2660116521698056,88.88888888888889,,
291,0.26077891927088837,88.60028860028861,,
292,0.25690559760639164,89.6103896103896,,
293,0.2692723562363078,89.6103896103896,,
294,0.2528479986032538,89.6103896103896,,
295,0.272370485752864,90.04329004329004,,
296,0.257684329930494,88.88888888888889,,
297,0.268196277159117,88.45598845598846,,
298,0.26879346646868435,90.04329004329004,,
299,0.24893553905500823,91.34199134199135,,
300,0.25727700272206794,88.45598845598846,0.6056059815666892,83.11688311688312
301,0.2592582946258878,89.17748917748918,,
302,0.23875295642822508,90.33189033189034,,
303,0.23408283867361226,88.60028860028861,,
304,0.24335290257204834,90.9090909090909,,
305,0.24611268517753435,88.88888888888889,,
306,0.247604072222978,90.18759018759019,,
307,0.25233715845736937,89.46608946608947,,
308,0.2665865838387914,89.75468975468975,,
309,0.2659259909954766,88.88888888888889,,
310,0.23370620199784228,90.47619047619048,,
311,0.24362964766882197,90.47619047619048,,
312,0.2422975084138295,89.8989898989899,,
313,0.26957160061357,88.60028860028861,,
314,0.23282776155857124,90.76479076479076,,
315,0.27093349587478677,89.17748917748918,,
316,0.2544376032069476,89.75468975468975,,
317,0.24240027359467736,89.75468975468975,,
318,0.23971207452800883,90.18759018759019,,
319,0.25107331154666424,89.75468975468975,,
320,0.2552194535936542,90.04329004329004,,
321,0.26286353846047006,88.60028860028861,,
322,0.24883192070204802,90.04329004329004,,
323,0.261879023965475,88.88888888888889,,
324,0.2519096630648273,89.8989898989899,,
325,0.23852625517188042,90.18759018759019,0.6729846023893976,84.41558441558442
326,0.25807677439452936,89.32178932178932,,
327,0.25067165898210214,89.75468975468975,,
328,0.24900365684283587,89.46608946608947,,
329,0.23447230831057392,90.04329004329004,,
330,0.22428260270565276,90.76479076479076,,
331,0.2621254397161079,88.60028860028861,,
332,0.23249074006063425,90.04329004329004,,
333,0.23464331529701254,89.8989898989899,,
334,0.23392357877193592,90.47619047619048,,
335,0.25436197378246644,88.88888888888889,,
336,0.26173932901429064,89.17748917748918,,
337,0.24714111019608606,89.32178932178932,,
338,0.2564995585151909,90.9090909090909,,
339,0.2263552506936749,90.62049062049061,,
340,0.24656496221713,89.8989898989899,,
341,0.24512232659441052,90.04329004329004,,
342,0.25599842889484387,90.18759018759019,,
343,0.24845278989873062,89.03318903318903,,
344,0.2312185677013012,91.1976911976912,,
345,0.24394784762401772,90.18759018759019,,
346,0.24149586329126427,90.47619047619048,,
347,0.2540248845519786,89.46608946608947,,
348,0.22775122768435127,90.47619047619048,,
349,0.22882397062162643,90.9090909090909,,
350,0.25357733847516956,89.03318903318903,0.7236532236074472,81.81818181818181
351,0.24284167043746463,89.32178932178932,,
352,0.2351465503460745,90.62049062049061,,
353,0.2338504542262007,89.8989898989899,,
354,0.2553876564659254,90.33189033189034,,
355,0.25231996156049497,87.73448773448773,,
356,0.23881341194435632,91.34199134199135,,
357,0.2421127249195118,90.18759018759019,,
358,0.2386455098099867,90.9090909090909,,
359,0.2333534476904986,90.33189033189034,,
360,0.23000448771240392,91.63059163059162,,
361,0.21880671720613132,90.33189033189034,,
362,0.2467165572130663,90.76479076479076,,
363,0.2333109329466696,90.9090909090909,,
364,0.2280383240350913,90.18759018759019,,
365,0.2455898230037992,89.75468975468975,,
366,0.2254519679114588,89.8989898989899,,
367,0.23874351385480913,90.62049062049061,,
368,0.2484694781026455,88.60028860028861,,
369,0.23487316779416018,90.33189033189034,,
370,0.2339112488781391,90.04329004329004,,
371,0.2283927330809066,90.62049062049061,,
372,0.2300477669954644,89.75468975468975,,
373,0.2516451442310476,88.60028860028861,,
374,0.2254295808412296,91.34199134199135,,
375,0.23324840912571201,90.76479076479076,0.6534852935122205,81.81818181818181
376,0.24414443629988689,91.34199134199135,,
377,0.2406497181300477,89.8989898989899,,
378,0.2295493810379832,90.62049062049061,,
379,0.2094827660212957,90.9090909090909,,
380,0.22686087760488363,91.48629148629149,,
381,0.22691536098073573,89.8989898989899,,
382,0.22066527759874022,91.63059163059162,,
383,0.22694614780112607,91.1976911976912,,
384,0.22848140144072915,91.77489177489177,,
385,0.2278230736437986,90.18759018759019,,
386,0.25064317131627345,90.47619047619048,,
387,0.22309844772644546,91.1976911976912,,
388,0.21769764462504723,92.20779220779221,,
389,0.2500929534005224,90.04329004329004,,
390,0.22355986573608408,91.05339105339105,,
391,0.22638722067271477,90.18759018759019,,
392,0.2272545900706519,91.05339105339105,,
393,0.2182592713632883,91.1976911976912,,
394,0.21869131364197097,90.47619047619048,,
395,0.2172717587944405,91.48629148629149,,
396,0.2302494820578274,91.34199134199135,,
397,0.22073935550700707,91.91919191919192,,
398,0.22214914942200567,90.18759018759019,,
399,0.2413112467845625,89.6103896103896,,
400,0.21853438716430168,91.48629148629149,0.6714864473838311,81.81818181818181
401,0.22915347952605325,90.47619047619048,,
402,0.21885595020191667,91.1976911976912,,
403,0.20288656596067492,91.63059163059162,,
404,0.2100780187833189,90.9090909090909,,
405,0.224898095512803,91.34199134199135,,
406,0.2163788942891626,90.9090909090909,,
407,0.21062245629566573,92.06349206349206,,
408,0.20660979267946225,91.34199134199135,,
409,0.20733153033587667,91.63059163059162,,
410,0.23860269950495827,88.74458874458874,,
411,0.2244313985195339,90.47619047619048,,
412,0.22602726078308677,91.1976911976912,,
413,0.2281608735285108,91.05339105339105,,
414,0.22676437633034127,91.34199134199135,,
415,0.22692241580971392,90.62049062049061,,
416,0.2143972765057634,92.92929292929293,,
417,0.22268774378695358,90.62049062049061,,
418,0.21599919197363254,92.06349206349206,,
419,0.20826003656414852,90.18759018759019,,
420,0.21463209644368544,91.77489177489177,,
421,0.19798415152068433,91.91919191919192,,
422,0.20441579963866766,92.06349206349206,,
423,0.18905192900524295,93.07359307359307,,
424,0.20129324315172253,92.06349206349206,,
425,0.19629935900886336,91.91919191919192,0.6700641288385762,81.81818181818181
426,0.20639742627030327,91.91919191919192,,
427,0.22029780816894245,90.9090909090909,,
428,0.2229807815940521,90.18759018759019,,
429,0.2127818675526293,91.1976911976912,,
430,0.21833499868280787,91.05339105339105,,
431,0.19213016911760553,92.06349206349206,,
432,0.23029688671553805,91.63059163059162,,
433,0.2303326559531224,90.62049062049061,,
434,0.21662520407598257,91.91919191919192,,
435,0.22771462909931056,90.04329004329004,,
436,0.21837092750043235,90.62049062049061,,
437,0.19518916259424338,91.48629148629149,,
438,0.2089770075046655,91.34199134199135,,
439,0.19258639526057553,92.4963924963925,,
440,0.20240486915321404,92.4963924963925,,
441,0.21145357977609658,90.62049062049061,,
442,0.19390173290801083,92.35209235209236,,
443,0.2174821426772108,91.77489177489177,,
444,0.20997245603309564,92.35209235209236,,
445,0.21499656431355432,91.91919191919192,,
446,0.19551415267315778,93.36219336219337,,
447,0.1989474594485536,91.63059163059162,,
448,0.19677374304459036,90.33189033189034,,
449,0.21203490333768713,92.20779220779221,,
450,0.20476297107437816,92.20779220779221,0.7085411571837091,81.81818181818181
451,0.21548439087117732,91.77489177489177,,
452,0.17613864947019028,93.50649350649351,,
453,0.21191824996819744,91.63059163059162,,
454,0.190975581111674,92.64069264069263,,
455,0.1915147217665228,92.4963924963925,,
456,0.2022912653128134,91.48629148629149,,
457,0.2146927820569681,91.1976911976912,,
458,0.22690884796915978,90.62049062049061,,
459,0.21852403401812434,90.9090909090909,,
460,0.2021185853941874,90.76479076479076,,
461,0.1877147972067713,92.20779220779221,,
462,0.18431264281401902,93.07359307359307,,
463,0.20123732485640444,91.05339105339105,,
464,0.21828406051467852,90.47619047619048,,
465,0.20377429127478153,91.63059163059162,,
466,0.20785935194074334,91.91919191919192,,
467,0.20079591397255186,91.77489177489177,,
468,0.20023542565184754,91.77489177489177,,
469,0.1950851489627172,91.77489177489177,,
470,0.2001429939317325,91.63059163059162,,
471,0.2239960643206152,91.34199134199135,,
472,0.21561020089939645,91.1976911976912,,
473,0.1978273249807812,92.06349206349206,,
474,0.18889065463133534,92.06349206349206,,
475,0.2020105934697828,91.91919191919192,0.718361724506725,80.51948051948052
476,0.17714314931441869,93.36219336219337,,
477,0.18859087924162546,92.4963924963925,,
478,0.18027254967032402,92.78499278499278,,
479,0.18234440920307352,92.06349206349206,,
480,0.22046564968671076,90.62049062049061,,
481,0.20258910422889356,91.91919191919192,,
482,0.17941256301829653,92.78499278499278,,
483,0.19840631050206883,92.20779220779221,,
484,0.2054184094651953,91.48629148629149,,
485,0.20189116500629836,92.06349206349206,,
486,0.19223022783473456,91.48629148629149,,
487,0.211446107982041,91.48629148629149,,
488,0.1845724931871048,92.4963924963925,,
489,0.2073763415840969,93.21789321789322,,
490,0.20258509368779512,90.9090909090909,,
491,0.17764182646811266,93.65079365079364,,
492,0.1689469286631712,93.65079365079364,,
493,0.19788638387321567,91.77489177489177,,
494,0.206770224660678,91.05339105339105,,
495,0.19163278716080118,92.06349206349206,,
496,0.19605509534714713,92.20779220779221,,
497,0.21530844862364545,91.63059163059162,,
498,0.1809496237999863,92.92929292929293,,
499,0.17563101333199124,94.37229437229438,,
500,0.2007188041725372,92.64069264069263,0.7280438248213236,80.51948051948052
501,0.1736230379532254,94.51659451659452,,
502,0.1942338432154442,91.63059163059162,,
503,0.1992876592480603,91.91919191919192,,
504,0.19798689525880855,91.77489177489177,,
505,0.1906908962332669,92.78499278499278,,
506,0.19036827897612665,92.20779220779221,,
507,0.18408235276459273,92.64069264069263,,
508,0.19300160820973555,92.64069264069263,,
509,0.19785439194022836,91.34199134199135,,
510,0.20305122291026864,92.4963924963925,,
511,0.18339244073087518,93.79509379509379,,
512,0.19655359414920834,91.91919191919192,,
513,0.18270652530974243,92.20779220779221,,
514,0.1880006982177539,92.92929292929293,,
515,0.18422170043593705,92.4963924963925,,
516,0.19245327276165608,91.77489177489177,,
517,0.1779030556501592,93.07359307359307,,
518,0.17487811382112736,93.21789321789322,,
519,0.18108306582183892,92.92929292929293,,
520,0.18586278281041554,93.21789321789322,,
521,0.18176714335212116,92.4963924963925,,
522,0.1923907163081231,91.77489177489177,,
523,0.2003554404426963,92.35209235209236,,
524,0.18472215032250677,92.92929292929293,,
525,0.2185803618265953,91.91919191919192,0.7489553628029761,81.81818181818181
526,0.18447074205930442,92.78499278499278,,
527,0.1887714182487642,92.06349206349206,,
528,0.1842408236788121,92.35209235209236,,
529,0.18521930777278298,92.92929292929293,,
530,0.1648540168162032,93.79509379509379,,
531,0.18197336666081718,92.4963924963925,,
532,0.19468245583265203,92.92929292929293,,
533,0.1870910328575027,93.36219336219337,,
534,0.18848794672912333,92.4963924963925,,
535,0.19483943680814678,91.77489177489177,,
536,0.19281472887139645,92.20779220779221,,
537,0.19798074032665158,91.77489177489177,,
538,0.17213423937172084,92.78499278499278,,
539,0.2003160979152586,90.18759018759019,,
540,0.1829042426091424,93.36219336219337,,
541,0.18476953133833185,92.06349206349206,,
542,0.16452701644592987,93.65079365079364,,
543,0.17862094549561647,92.92929292929293,,
544,0.20131000867825738,91.77489177489177,,
545,0.19144238025208057,92.78499278499278,,
546,0.17030214839769475,93.07359307359307,,
547,0.19437928173105093,91.48629148629149,,
548,0.19516487853953676,92.20779220779221,,
549,0.2013830476659545,91.91919191919192,,
550,0.17210648705561957,93.65079365079364,0.7607160388649284,81.81818181818181
551,0.20035914788600515,92.35209235209236,,
552,0.176789699641055,92.92929292929293,,
553,0.19221135423468994,91.34199134199135,,
554,0.1884140141770609,92.35209235209236,,
555,0.1843427118413892,92.92929292929293,,
556,0.18158361134166368,92.06349206349206,,
557,0.16890273620018367,93.79509379509379,,
558,0.17161414681962042,93.65079365079364,,
559,0.17837787576525072,93.50649350649351,,
560,0.20223318526862677,91.05339105339105,,
561,0.18657357846675668,92.78499278499278,,
562,0.16366646235639398,93.07359307359307,,
563,0.16861911171786542,92.20779220779221,,
564,0.1619181191336369,92.92929292929293,,
565,0.16536162769983684,93.36219336219337,,
566,0.17885737484495706,92.4963924963925,,
567,0.19015040609872702,92.35209235209236,,
568,0.1753315045290007,93.21789321789322,,
569,0.18088946466752118,93.50649350649351,,
570,0.16319707762799393,93.50649350649351,,
571,0.1670811753209363,94.08369408369408,,
572,0.17480895001156332,93.07359307359307,,
573,0.18345032114680712,92.78499278499278,,
574,0.18822065453766745,92.20779220779221,,
575,0.15726036714957045,93.79509379509379,0.7466887731056708,80.51948051948052
576,0.19800919917389256,92.20779220779221,,
577,0.18977364850422693,91.34199134199135,,
578,0.16795535155533023,92.64069264069263,,
579,0.16864418188945898,93.36219336219337,,
580,0.16751658811111642,94.37229437229438,,
581,0.18491476597896042,92.35209235209236,,
582,0.17458740761570773,92.92929292929293,,
583,0.1718183651803032,93.21789321789322,,
584,0.16970937594792887,93.21789321789322,,
585,0.17285131534741596,94.22799422799423,,
586,0.1640621114301819,94.66089466089466,,
587,0.18337567316161263,93.21789321789322,,
588,0.15887019506683855,93.65079365079364,,
589,0.17060517765377334,92.4963924963925,,
590,0.15546487411551319,93.79509379509379,,
591,0.15248328722572602,94.66089466089466,,
592,0.1782300060703641,92.78499278499278,,
593,0.16800092223058705,93.50649350649351,,
594,0.1562347567302926,94.37229437229438,,
595,0.1640569062481539,93.50649350649351,,
596,0.14992543835660596,94.08369408369408,,
597,0.1614325607966895,93.07359307359307,,
598,0.17726299575224927,92.35209235209236,,
599,0.18428738821636548,91.77489177489177,,
600,0.16136201553874546,93.93939393939394,0.7615807412506698,81.81818181818181
601,0.15187310759639328,94.8051948051948,,
602,0.16599605018528338,95.81529581529581,,
603,0.15746963114449472,93.93939393939394,,
604,0.14882975297443796,93.65079365079364,,
605,0.16456051569426644,93.93939393939394,,
606,0.16813762865498297,93.65079365079364,,
607,0.171339979118427,93.65079365079364,,
608,0.1634750616176304,94.08369408369408,,
609,0.16937109326451888,93.07359307359307,,
610,0.16127648622786672,93.21789321789322,,
611,0.15460487744336865,93.79509379509379,,
612,0.16872263115979894,92.92929292929293,,
613,0.18352415973070638,93.07359307359307,,
614,0.15072726360475175,94.51659451659452,,
615,0.18444054234842802,92.35209235209236,,
616,0.1452375382593528,94.66089466089466,,
617,0.1650920191411504,93.65079365079364,,
618,0.1455359791350399,94.08369408369408,,
619,0.16506298388721366,92.92929292929293,,
620,0.16469874216880634,93.21789321789322,,
621,0.12906624652004517,95.23809523809524,,
622,0.1881167215831352,93.50649350649351,,
623,0.13806030920788667,94.66089466089466,,
624,0.15277861542515941,93.50649350649351,,
625,0.17422368941885052,92.92929292929293,0.7318739186633717,81.81818181818181
626,0.17608370598604497,92.64069264069263,,
627,0.14689675287422851,94.51659451659452,,
628,0.1551156479644913,92.78499278499278,,
629,0.16138307438440308,93.65079365079364,,
630,0.14902236541628322,94.22799422799423,,
631,0.17679903302126676,91.91919191919192,,
632,0.177450671125456,93.65079365079364,,
633,0.15082745187382332,94.37229437229438,,
634,0.16587099095088836,92.4963924963925,,
635,0.16385645564567583,94.08369408369408,,
636,0.14486596990285325,95.23809523809524,,
637,0.15208218972941842,93.65079365079364,,
638,0.16180511757537916,93.36219336219337,,
639,0.16194208495286636,93.65079365079364,,
640,0.17292655339534427,92.92929292929293,,
641,0.1595416177402843,92.78499278499278,,
642,0.156609524595101,95.67099567099567,,
643,0.16298825140037235,93.65079365079364,,
644,0.1464764674558354,94.8051948051948,,
645,0.15389142517661636,94.22799422799423,,
646,0.15860673268077005,93.93939393939394,,
647,0.15005195579487524,94.51659451659452,,
648,0.14399369310421,94.08369408369408,,
649,0.15626372165795185,93.93939393939394,,
650,0.14728012313316394,94.51659451659452,0.7905845069265985,83.11688311688312
651,0.15633094297019123,94.51659451659452,,
652,0.14627191403942535,93.21789321789322,,
653,0.13661219788148118,94.51659451659452,,
654,0.15832289066407587,93.36219336219337,,
655,0.14131844851146702,94.22799422799423,,
656,0.15274741693062527,93.93939393939394,,
657,0.1537224386656095,93.50649350649351,,
658,0.1671824710709708,94.22799422799423,,
659,0.1532256513360947,94.37229437229438,,
660,0.15765271898127908,93.79509379509379,,
661,0.16254645973056941,93.65079365079364,,
662,0.1626535735777102,93.65079365079364,,
663,0.1680387593967058,93.79509379509379,,
664,0.15788405917552642,93.21789321789322,,
665,0.1635325662899241,94.37229437229438,,
666,0.15278825400367615,94.8051948051948,,
667,0.17318550941317973,92.64069264069263,,
668,0.15288592773942547,93.65079365079364,,
669,0.14302694970610166,94.37229437229438,,
670,0.15059494462622192,94.94949494949495,,
671,0.15226275255583754,93.36219336219337,,
672,0.16156445667255148,93.36219336219337,,
673,0.15490994889498788,93.79509379509379,,
674,0.1388379783943446,94.51659451659452,,
675,0.16329722983754558,93.21789321789322,0.7795710950702816,81.81818181818181
676,0.1497597327566078,94.22799422799423,,
677,0.1465630578401285,93.07359307359307,,
678,0.16994282543057143,94.08369408369408,,
679,0.16116406068657385,94.08369408369408,,
680,0.13411378903209648,94.8051948051948,,
681,0.15791530963060316,92.78499278499278,,
682,0.1664928693867263,93.21789321789322,,
683,0.18447199378909832,92.20779220779221,,
684,0.14881827485509766,94.08369408369408,,
685,0.14783159973742213,94.94949494949495,,
686,0.1338063945071866,95.38239538239539,,
687,0.13955875847106974,94.37229437229438,,
688,0.1408374800224497,94.22799422799423,,
689,0.14325031418283438,95.38239538239539,,
690,0.14588252853059236,94.37229437229438,,
691,0.1470303049507251,94.08369408369408,,
692,0.1339341068457581,95.38239538239539,,
693,0.1492849447553464,94.51659451659452,,
694,0.1454260310112441,93.65079365079364,,
695,0.14443261810668448,94.22799422799423,,
696,0.14501888776388863,94.37229437229438,,
697,0.1304483354161527,95.52669552669553,,
698,0.15253277297143814,93.65079365079364,,
699,0.14807658955390318,94.08369408369408,,
700,0.13175059648561271,95.23809523809524,0.796186180857869,80.51948051948052
701,0.1472712546361215,94.66089466089466,,
702,0.13303446527812388,94.66089466089466,,
703,0.1696679139722133,93.50649350649351,,
704,0.15222079466496194,95.0937950937951,,
705,0.13846737060367975,93.79509379509379,,
706,0.16459359290967945,93.07359307359307,,
707,0.13403904750878676,94.66089466089466,,
708,0.13212500132142957,95.0937950937951,,
709,0.1435358714618724,94.37229437229438,,
710,0.1435245887657873,94.51659451659452,,
711,0.1597420136735897,92.4963924963925,,
712,0.15555538699396418,94.51659451659452,,
713,0.13653996049239694,94.66089466089466,,
714,0.1374021688688541,94.51659451659452,,
715,0.1210240852867198,95.81529581529581,,
716,0.14437968479093127,94.08369408369408,,
717,0.14217578878822437,94.94949494949495,,
718,0.15218390928632425,93.65079365079364,,
719,0.136608509156009,95.38239538239539,,
720,0.14190316276052298,94.66089466089466,,
721,0.1427294641259781,94.94949494949495,,
722,0.13891017851977466,94.08369408369408,,
723,0.13596323655023204,94.66089466089466,,
724,0.13366084010172286,93.65079365079364,,
725,0.1218525224175804,96.24819624819625,0.8524044968865134,81.81818181818181
726,0.14936589643434442,93.36219336219337,,
727,0.1335469370581543,95.52669552669553,,
728,0.12864362325890238,95.52669552669553,,
729,0.1552836053170167,95.0937950937951,,
730,0.13167024092025742,95.81529581529581,,
731,0.14903832124855268,93.79509379509379,,
732,0.15754016114648803,94.37229437229438,,
733,0.13777623694352428,95.23809523809524,,
734,0.14593647763369574,93.93939393939394,,
735,0.1425276349633287,93.93939393939394,,
736,0.15482926110684614,93.21789321789322,,
737,0.13290801652926215,94.8051948051948,,
738,0.16962150702304052,93.50649350649351,,
739,0.14208211944926352,94.66089466089466,,
740,0.145257982045068,94.08369408369408,,
741,0.12014625972999639,95.95959595959596,,
742,0.1294306226580002,94.51659451659452,,
743,0.13956318850512112,94.94949494949495,,
744,0.11460323257756139,96.24819624819625,,
745,0.13841091928543983,94.66089466089466,,
746,0.12810213295917577,95.52669552669553,,
747,0.13638638506195702,94.51659451659452,,
748,0.14108843649878647,93.07359307359307,,
749,0.1333761918768394,94.08369408369408,,
750,0.1263490082510622,95.23809523809524,0.8261438019863971,81.81818181818181
751,0.1552242563559014,94.37229437229438,,
752,0.15250708782826355,94.37229437229438,,
753,0.13476105954116385,95.0937950937951,,
754,0.13170530837805994,95.67099567099567,,
755,0.14023124205128626,94.94949494949495,,
756,0.1287835646275576,94.22799422799423,,
757,0.13647348961616834,94.22799422799423,,
758,0.1389204775444185,93.65079365079364,,
759,0.11998276531153385,95.52669552669553,,
760,0.12753300775181164,95.38239538239539,,
761,0.13656806818936637,94.8051948051948,,
762,0.1296912899931616,94.66089466089466,,
763,0.13264986801715123,94.22799422799423,,
764,0.12118226548853031,94.8051948051948,,
765,0.12876409902889147,94.8051948051948,,
766,0.13327018402162052,94.51659451659452,,
767,0.1423968846921797,94.94949494949495,,
768,0.1364263021467794,94.8051948051948,,
769,0.13976913214288922,95.0937950937951,,
770,0.13115961108931903,94.37229437229438,,
771,0.1244804792933994,95.81529581529581,,
772,0.1417099464937378,94.08369408369408,,
773,0.11545349126695124,95.52669552669553,,
774,0.12756447283306507,94.37229437229438,,
775,0.13432989263313072,95.23809523809524,0.8173476720785166,81.81818181818181
776,0.12532508905982387,95.23809523809524,,
777,0.13433039419535778,94.66089466089466,,
778,0.12469312685446392,94.8051948051948,,
779,0.13823876329959728,94.66089466089466,,
780,0.13962163023575389,93.79509379509379,,
781,0.12496189444096058,94.94949494949495,,
782,0.13649995433647738,94.8051948051948,,
783,0.1401190630349762,94.08369408369408,,
784,0.1317749543580486,94.94949494949495,,
785,0.11072601386564979,95.23809523809524,,
786,0.12108498880529472,94.66089466089466,,
787,0.13290120978419054,95.0937950937951,,
788,0.11100850386536999,95.95959595959596,,
789,0.1494128838029299,94.66089466089466,,
790,0.11417736403353802,96.1038961038961,,
791,0.13709084016592127,95.0937950937951,,
792,0.12366914323129265,95.81529581529581,,
793,0.1252073094270274,95.81529581529581,,
794,0.13645057450619782,94.08369408369408,,
795,0.11715055191499674,95.23809523809524,,
796,0.13274666936302082,95.38239538239539,,
797,0.13510436484049926,94.94949494949495,,
798,0.13907099431877873,94.8051948051948,,
799,0.14729832839570176,94.22799422799423,,
800,0.13511740640988426,94.66089466089466,0.8698702137191574,81.81818181818181
801,0.12409303018024989,95.81529581529581,,
802,0.10647700866885902,95.81529581529581,,
803,0.14182984742939386,94.8051948051948,,
804,0.14046788684389463,94.22799422799423,,
805,0.12007421182003544,95.81529581529581,,
806,0.1439181032548907,93.93939393939394,,
807,0.10074031156787452,95.95959595959596,,
808,0.11989292764732504,95.0937950937951,,
809,0.1440712987387507,94.51659451659452,,
810,0.13559393580427762,95.52669552669553,,
811,0.12412975041913393,95.0937950937951,,
812,0.11210052729859776,95.38239538239539,,
813,0.11640647498818187,95.38239538239539,,
814,0.11671942836654736,95.81529581529581,,
815,0.12806027775030976,95.0937950937951,,
816,0.13320034622748264,94.8051948051948,,
817,0.1313698497341481,94.8051948051948,,
818,0.12331526295361236,96.24819624819625,,
819,0.12436979303262795,94.8051948051948,,
820,0.1374098001018403,94.22799422799423,,
821,0.13533966114118287,94.94949494949495,,
822,0.12738044521251282,95.0937950937951,,
823,0.11793809982949349,94.94949494949495,,
824,0.11890282113142688,95.52669552669553,,
825,0.11794724946500247,95.95959595959596,0.8790078271519054,83.11688311688312
826,0.13473174453297734,95.23809523809524,,
827,0.1369185692605174,94.22799422799423,,
828,0.1423200878273013,93.65079365079364,,
829,0.11693485338687036,95.38239538239539,,
830,0.10347844766719001,96.96969696969697,,
831,0.1302908789776373,94.94949494949495,,
832,0.11688541001095981,95.67099567099567,,
833,0.1373450079661341,94.51659451659452,,
834,0.13308097200110705,94.08369408369408,,
835,0.11616022431010765,95.23809523809524,,
836,0.12697422659242308,94.94949494949495,,
837,0.11722122147829846,95.52669552669553,,
838,0.12048648395689815,95.0937950937951,,
839,0.13426754175326525,94.08369408369408,,
840,0.14635184777075422,95.0937950937951,,
841,0.12497855662697493,95.67099567099567,,
842,0.1302548481895982,94.51659451659452,,
843,0.13740549166384455,94.66089466089466,,
844,0.13426433425144027,94.51659451659452,,
845,0.1318053465126913,94.66089466089466,,
846,0.12313079179841138,95.67099567099567,,
847,0.12267807848525769,95.23809523809524,,
848,0.13601411408160155,94.8051948051948,,
849,0.12817268950856608,94.94949494949495,,
850,0.11799700667579023,95.23809523809524,0.8726752609401555,83.11688311688312
851,0.12634146185578377,94.94949494949495,,
852,0.13970593988632013,94.37229437229438,,
853,0.10912359739192809,97.11399711399712,,
854,0.1161441420665895,95.38239538239539,,
855,0.13990815585911875,93.65079365079364,,
856,0.12302557381157579,94.51659451659452,,
857,0.11253816061377697,95.95959595959596,,
858,0.1272512122733864,94.51659451659452,,
859,0.111822292028589,96.1038961038961,,
860,0.11295357763681232,95.38239538239539,,
861,0.13412360128816245,94.66089466089466,,
862,0.11181085939488197,95.52669552669553,,
863,0.11769035331969395,95.38239538239539,,
864,0.1230563728130741,95.0937950937951,,
865,0.11556964411439231,95.67099567099567,,
866,0.11287085638847874,96.1038961038961,,
867,0.106034678130842,96.3924963924964,,
868,0.12652711309008785,95.38239538239539,,
869,0.10372365081970396,96.3924963924964,,
870,0.1409088975143811,95.23809523809524,,
871,0.1355213663321725,95.23809523809524,,
872,0.12855382756065326,94.8051948051948,,
873,0.12479439059011692,95.23809523809524,,
874,0.11745881556948543,95.95959595959596,,
875,0.12896222707480837,95.23809523809524,0.8795393798258397,80.51948051948052
876,0.1395025554329458,94.37229437229438,,
877,0.12617073671907067,95.23809523809524,,
878,0.13045783949179998,94.8051948051948,,
879,0.12173258036396548,95.95959595959596,,
880,0.10442645963910338,96.3924963924964,,
881,0.13632742203718312,94.22799422799423,,
882,0.13501851277998386,94.08369408369408,,
883,0.10934396189184588,96.1038961038961,,
884,0.11813439743816423,95.23809523809524,,
885,0.11162993563460065,95.95959595959596,,
886,0.0932413274677629,97.11399711399712,,
887,0.12487408718763492,94.8051948051948,,
888,0.1292353772046246,94.94949494949495,,
889,0.12552612658702966,95.0937950937951,,
890,0.12099069004279023,95.0937950937951,,
891,0.1491951137609124,93.21789321789322,,
892,0.12717091085719856,95.0937950937951,,
893,0.12496611355262316,95.23809523809524,,
894,0.12888056321491584,95.23809523809524,,
895,0.12855560731943724,95.0937950937951,,
896,0.14229695558612482,93.93939393939394,,
897,0.13553771714466217,94.37229437229438,,
898,0.1285170315836071,95.0937950937951,,
899,0.11859107967923042,95.81529581529581,,
900,0.11035034409892164,96.24819624819625,0.8925794316576673,81.81818181818181
901,0.11343192053942983,96.1038961038961,,
902,0.11988507082722072,95.52669552669553,,
903,0.1324506158232259,94.8051948051948,,
904,0.11047044607123943,94.66089466089466,,
905,0.11450978407225051,95.81529581529581,,
906,0.10056844463808433,95.81529581529581,,
907,0.11959736861965874,95.23809523809524,,
908,0.10569947136600984,95.81529581529581,,
909,0.11543719313533447,95.67099567099567,,
910,0.11606546101384779,94.94949494949495,,
911,0.11096938448980945,96.68109668109668,,
912,0.10336765887761357,96.53679653679653,,
913,0.12458874551850824,95.0937950937951,,
914,0.1054587894123354,96.24819624819625,,
915,0.1284133233721294,94.37229437229438,,
916,0.12673735000397393,95.23809523809524,,
917,0.11879026643598578,94.94949494949495,,
918,0.11669713194504874,95.67099567099567,,
919,0.11803913114304838,95.95959595959596,,
920,0.11516508881491844,96.24819624819625,,
921,0.11229774188976009,95.81529581529581,,
922,0.09942145022048923,96.68109668109668,,
923,0.1240954523070206,94.66089466089466,,
924,0.12660139110369384,95.67099567099567,,
925,0.09850375279031619,96.3924963924964,0.9862843008784504,81.81818181818181
926,0.12030622911132861,95.0937950937951,,
927,0.12356119479279841,95.23809523809524,,
928,0.12455799016687605,95.52669552669553,,
929,0.11751628612822612,95.81529581529581,,
930,0.10433924060535293,96.24819624819625,,
931,0.12023367611274746,95.81529581529581,,
932,0.10206192351264871,96.1038961038961,,
933,0.09683789487008924,96.53679653679653,,
934,0.11001562102715261,95.81529581529581,,
935,0.12491351960584371,94.8051948051948,,
936,0.140653299681122,94.08369408369408,,
937,0.1186045195751462,95.52669552669553,,
938,0.11393616814031918,95.81529581529581,,
939,0.10830468423180765,95.95959595959596,,
940,0.10647238825392757,95.52669552669553,,
941,0.10141799380682935,96.53679653679653,,
942,0.11360821027905393,95.52669552669553,,
943,0.11772324282455582,95.52669552669553,,
944,0.10463205691625889,96.24819624819625,,
945,0.12142405698470997,95.23809523809524,,
946,0.10899576276250474,96.82539682539682,,
947,0.10989959413269038,96.53679653679653,,
948,0.10056926621847166,96.82539682539682,,
949,0.10902054779349811,95.67099567099567,,
950,0.10585364284367445,96.1038961038961,0.9727120848445149,81.81818181818181
951,0.11170784908469127,95.67099567099567,,
952,0.13881870327466322,94.51659451659452,,
953,0.12471253665709736,95.0937950937951,,
954,0.0944077821037212,97.11399711399712,,
955,0.11826546341825873,95.23809523809524,,
956,0.11776023862875386,95.81529581529581,,
957,0.13225333246403786,95.67099567099567,,
958,0.1060860271620716,96.3924963924964,,
959,0.09438800944074516,96.53679653679653,,
960,0.11185753938418103,95.52669552669553,,
961,0.10232058529772972,96.1038961038961,,
962,0.09479310504371814,96.1038961038961,,
963,0.09041106369760302,96.68109668109668,,
964,0.11413643109204966,94.51659451659452,,
965,0.10724181571604434,96.53679653679653,,
966,0.11875734385774937,95.23809523809524,,
967,0.11321355902669147,95.67099567099567,,
968,0.1085380687940097,96.24819624819625,,
969,0.10089445905558346,96.53679653679653,,
970,0.11577228941614666,95.52669552669553,,
971,0.10449768266873098,96.1038961038961,,
972,0.09887604758379952,96.1038961038961,,
973,0.11973733655990117,95.23809523809524,,
974,0.11817733931300078,94.66089466089466,,
975,0.13321217718234482,94.08369408369408,0.9099722264649032,81.81818181818181
976,0.10760798189697672,95.52669552669553,,
977,0.1102915850386002,95.67099567099567,,
978,0.10791117169263989,95.81529581529581,,
979,0.10792299978230767,95.81529581529581,,
980,0.12160818902359036,95.95959595959596,,
981,0.10567631558777192,96.68109668109668,,
982,0.11764408131956539,94.66089466089466,,
983,0.11554485403839902,96.1038961038961,,
984,0.10848718046776488,94.37229437229438,,
985,0.0975277703174781,96.68109668109668,,
986,0.11312403776084878,95.67099567099567,,
987,0.09376901098961093,95.95959595959596,,
988,0.10227113001016311,96.24819624819625,,
989,0.12919733209151124,95.52669552669553,,
990,0.07691663051021391,97.40259740259741,,
991,0.09433590871124685,97.25829725829726,,
992,0.10951474491822484,96.24819624819625,,
993,0.12390130640022338,94.66089466089466,,
994,0.10753140074952168,96.1038961038961,,
995,0.12959362431005997,94.66089466089466,,
996,0.10296361681616839,96.1038961038961,,
997,0.11145803001191881,95.67099567099567,,
998,0.08484396832480404,96.53679653679653,,
999,0.1123844383211879,96.1038961038961,,
1000,0.11838090634793258,96.24819624819625,0.9144660838238605,81.81818181818181
