epoch,train_loss,train_acc,test_loss,test_acc
1,2.303347429553211,11.621966794380587,2.2799264019682206,16.412213740458014
2,2.126941526834383,30.140485312899106,,
3,1.9604342410086368,44.44444444444444,,
4,1.7769576166476935,52.618135376756065,,
5,1.6505481543668843,55.68326947637293,,
6,1.5075320119602014,56.70498084291188,,
7,1.3478028043476558,67.816091954023,,
8,1.2760151938308093,66.5389527458493,,
9,1.156189946835982,71.00893997445722,,
10,1.0542907956916254,73.9463601532567,,
11,0.9770777400578271,75.6066411238825,,
12,0.9402251258815995,75.47892720306514,,
13,0.8925890694176101,76.11749680715198,,
14,0.8064012684280084,79.05491698595146,,
15,0.7871891742769633,77.65006385696041,,
16,0.7400651718008107,81.73690932311622,,
17,0.7192060596489206,82.6309067688378,,
18,0.6841605342210938,82.24776500638569,,
19,0.6443343636024348,82.75862068965517,,
20,0.6205108992441404,83.01404853128992,,
21,0.6010085772128245,84.41890166028097,,
22,0.6133634276012504,83.14176245210729,,
23,0.5591946672814712,84.67432950191571,,
24,0.563057750425424,85.18518518518519,,
25,0.5109352232319794,86.84546615581098,0.5574347107237532,87.40458015267176
26,0.5243087144494818,85.56832694763729,,
27,0.5201097172643337,87.10089399744572,,
28,0.5033043822413965,86.46232439335887,,
29,0.5040892651483017,87.35632183908046,,
30,0.4768075185565047,86.71775223499361,,
31,0.46080719149584665,87.61174968071519,,
32,0.41677142879515316,88.88888888888889,,
33,0.42517430423776764,89.272030651341,,
34,0.4117331128772039,90.03831417624521,,
35,0.3973008568563985,89.65517241379311,,
36,0.3825013669324256,89.52745849297574,,
37,0.3727662103157847,90.93231162196679,,
38,0.38787149298236745,89.39974457215837,,
39,0.3734102085860753,89.65517241379311,,
40,0.3770794783972232,89.65517241379311,,
41,0.3968496876810398,89.39974457215837,,
42,0.35791574287231853,90.80459770114942,,
43,0.33610501409642696,92.20945083014048,,
44,0.3564294815291847,91.44316730523627,,
45,0.31595370474141826,91.82630906768838,,
46,0.33286167443331477,91.06002554278416,,
47,0.3160877623625033,92.46487867177522,,
48,0.3002521770971793,93.48659003831418,,
49,0.3023922296471675,91.57088122605364,,
50,0.2973334588690888,93.23116219667943,0.4319363090259428,88.54961832061069
