epoch,train_loss,train_acc,test_loss,test_acc
1,0.6872002075588892,55.98845598845599,0.6861072801924372,55.84415584415584
2,0.6874374835866183,55.98845598845599,,
3,0.684776365240931,55.98845598845599,,
4,0.6818293874913995,55.98845598845599,,
5,0.6796415865335286,55.98845598845599,,
6,0.674378927823957,55.98845598845599,,
7,0.6696794946472366,55.699855699855696,,
8,0.6651296782459187,55.699855699855696,,
9,0.6641648347243602,55.266955266955264,,
10,0.6499181165323629,57.142857142857146,,
11,0.6417370728428058,58.152958152958156,,
12,0.6281382511188458,60.60606060606061,,
13,0.6169685761821907,63.05916305916306,,
14,0.6163189669192095,63.924963924963926,,
15,0.5980325080615617,68.25396825396825,,
16,0.5989129607811635,67.24386724386724,,
17,0.5835748387965634,69.84126984126983,,
18,0.5709185863470102,69.84126984126983,,
19,0.5600927427389577,70.99567099567099,,
20,0.5709680803926476,69.6969696969697,,
21,0.5536818211040799,71.13997113997114,,
22,0.539877758698718,71.71717171717172,,
23,0.5479493995249529,72.15007215007215,,
24,0.532108103042041,74.17027417027417,,
25,0.5278161855745109,73.88167388167388,0.5470123337460803,68.83116883116882
26,0.5279744272624259,73.44877344877345,,
27,0.5198406409391593,73.44877344877345,,
28,0.5111134346429403,75.75757575757575,,
29,0.5338095128106176,72.87157287157287,,
30,0.5054216686781351,75.75757575757575,,
31,0.5150865039440117,73.44877344877345,,
32,0.5152398545676667,74.45887445887446,,
33,0.4884160678796094,75.75757575757575,,
34,0.4990434492219234,74.74747474747475,,
35,0.5134279860820605,73.3044733044733,,
36,0.48806937053950145,76.04617604617604,,
37,0.4913348252381081,76.62337662337663,,
38,0.4881986211904716,74.89177489177489,,
39,0.4747965635159315,74.89177489177489,,
40,0.46811386706337094,76.76767676767676,,
41,0.49351750690527635,76.62337662337663,,
42,0.4702933563986554,76.91197691197691,,
43,0.46857863432401187,76.04617604617604,,
44,0.4790289882801656,77.2005772005772,,
45,0.4745630895420586,77.2005772005772,,
46,0.45289968833606825,78.35497835497836,,
47,0.4594657880403263,77.34487734487735,,
48,0.45500778773474315,77.05627705627705,,
49,0.4678622939627924,76.91197691197691,,
50,0.45472272989725826,78.4992784992785,0.5025318195293476,74.02597402597402
51,0.4552623448089776,78.21067821067821,,
52,0.4570993683898948,77.4891774891775,,
53,0.45861078099943,80.23088023088023,,
54,0.4387529322939346,80.37518037518038,,
55,0.4719486209909293,76.62337662337663,,
56,0.46451726826754486,77.77777777777777,,
57,0.4478787443080506,79.07647907647907,,
58,0.4330955875384343,80.08658008658008,,
59,0.44970254374272894,79.50937950937951,,
60,0.46333100892936685,77.34487734487735,,
61,0.45821276939276495,77.4891774891775,,
62,0.41734468859511537,79.65367965367966,,
63,0.4266258367212304,80.66378066378067,,
64,0.4346157263797771,79.65367965367966,,
65,0.4409982321668325,78.35497835497836,,
66,0.4464047994964567,79.94227994227994,,
67,0.4220200830379778,80.51948051948052,,
68,0.43810983911737217,80.23088023088023,,
69,0.44987736094049563,77.34487734487735,,
70,0.4397354374974321,79.50937950937951,,
71,0.4382349492667557,80.08658008658008,,
72,0.43963555365929874,78.93217893217893,,
73,0.41990603934462795,79.79797979797979,,
74,0.4284574291406772,80.08658008658008,,
75,0.4181989904433962,79.79797979797979,0.48758690233354446,74.02597402597402
76,0.4306389498074161,79.22077922077922,,
77,0.4195444988997984,80.95238095238095,,
78,0.4312335669908345,79.94227994227994,,
79,0.42240795995206887,79.79797979797979,,
80,0.4221619176658201,79.65367965367966,,
81,0.4111409616504741,82.1067821067821,,
82,0.4177581612853949,79.79797979797979,,
83,0.4466915054066701,80.08658008658008,,
84,0.4100442314775819,81.67388167388168,,
85,0.4062735370399288,83.11688311688312,,
86,0.4132473671763146,80.08658008658008,,
87,0.4130147374725617,79.50937950937951,,
88,0.4189385330522215,79.94227994227994,,
89,0.4065215480749053,80.37518037518038,,
90,0.4110924562850556,80.8080808080808,,
91,0.4217920618354844,79.79797979797979,,
92,0.40251804950605397,80.08658008658008,,
93,0.4071010851756835,80.8080808080808,,
94,0.40040211459086916,81.81818181818181,,
95,0.40631425995675347,81.0966810966811,,
96,0.4023808315718845,80.08658008658008,,
97,0.3956298411838592,81.24098124098124,,
98,0.40873108999897734,79.94227994227994,,
99,0.42248201602465146,80.08658008658008,,
100,0.4067464491075596,82.25108225108225,0.4383444046819365,83.11688311688312
101,0.4036420975713675,80.51948051948052,,
102,0.4076064886984887,81.24098124098124,,
103,0.4031405056709851,81.81818181818181,,
104,0.366378666002513,83.11688311688312,,
105,0.402006636450301,80.95238095238095,,
106,0.3913184881726385,82.25108225108225,,
107,0.39719954584584094,81.24098124098124,,
108,0.38225895471731136,82.68398268398268,,
109,0.4077746093617201,81.24098124098124,,
110,0.39685206951689067,82.3953823953824,,
111,0.3847987659565814,80.37518037518038,,
112,0.3826700488984327,82.25108225108225,,
113,0.3830100175794241,83.83838383838383,,
114,0.39148810596177075,82.1067821067821,,
115,0.40225997386556683,80.8080808080808,,
116,0.38366586279559445,82.1067821067821,,
117,0.3998569386001961,82.25108225108225,,
118,0.3773417490041273,82.68398268398268,,
119,0.40038283519758633,81.38528138528139,,
120,0.3837405614350609,80.95238095238095,,
121,0.38504768849967363,82.53968253968254,,
122,0.39572452965580884,81.38528138528139,,
123,0.3895702557087289,81.38528138528139,,
124,0.3969355514555266,81.24098124098124,,
125,0.3929460769435888,80.08658008658008,0.46080037641834903,83.11688311688312
126,0.38531632577358044,81.96248196248196,,
127,0.37421776655346456,82.1067821067821,,
128,0.38409721838447436,82.68398268398268,,
129,0.37817347643179294,83.26118326118326,,
130,0.3675320649043822,82.97258297258297,,
131,0.39160862990788053,81.0966810966811,,
132,0.37425955508608494,84.27128427128427,,
133,0.3992974963281062,81.24098124098124,,
134,0.37608106298880145,82.68398268398268,,
135,0.38065861791243283,81.96248196248196,,
136,0.37274956556969735,81.52958152958153,,
137,0.35915428217269296,83.40548340548341,,
138,0.3878239551061848,80.95238095238095,,
139,0.3653091106235895,82.1067821067821,,
140,0.3781920607385869,82.25108225108225,,
141,0.3649110199741127,83.11688311688312,,
142,0.3621195340139353,84.27128427128427,,
143,0.3788297642103005,83.11688311688312,,
144,0.37292871666161015,81.24098124098124,,
145,0.3717288506495488,83.26118326118326,,
146,0.35733725833686397,84.7041847041847,,
147,0.3630133622136467,84.84848484848484,,
148,0.38657093108302415,80.37518037518038,,
149,0.3583331549537474,82.3953823953824,,
150,0.3705095648120492,83.11688311688312,0.4740526474915542,80.51948051948052
151,0.3804221994648076,81.38528138528139,,
152,0.35501651829283304,83.54978354978356,,
153,0.3635142347943387,82.3953823953824,,
154,0.3755639246402881,82.25108225108225,,
155,0.38227340918770775,81.96248196248196,,
156,0.3473281203453331,84.55988455988457,,
157,0.3475546162645366,84.41558441558442,,
158,0.3650232262339599,84.41558441558442,,
159,0.3615476320058236,83.26118326118326,,
160,0.3760284001349027,82.82828282828282,,
161,0.37133709464926395,83.83838383838383,,
162,0.38027189476321444,81.0966810966811,,
163,0.35214122953525007,84.12698412698413,,
164,0.363066011994088,83.26118326118326,,
165,0.365003001036238,82.53968253968254,,
166,0.34734529351431226,84.84848484848484,,
167,0.3536540044076515,83.98268398268398,,
168,0.34803290611393695,83.83838383838383,,
169,0.36802584926287335,83.26118326118326,,
170,0.36142704980972007,83.54978354978356,,
171,0.3544657387774744,83.83838383838383,,
172,0.3497897463099437,82.82828282828282,,
173,0.3732927126156819,82.1067821067821,,
174,0.3684015048272682,82.53968253968254,,
175,0.3557524800214589,82.68398268398268,0.46706517176194623,79.22077922077922
176,0.35179582859616604,83.83838383838383,,
177,0.33715046531538256,84.84848484848484,,
178,0.35694163255017214,84.84848484848484,,
179,0.3634255792284425,82.82828282828282,,
180,0.3627744654642383,82.53968253968254,,
181,0.332903493104387,86.58008658008659,,
182,0.3542832988509196,83.83838383838383,,
183,0.3611894175302759,82.3953823953824,,
184,0.33582277899180657,83.69408369408369,,
185,0.3772507421941124,82.53968253968254,,
186,0.36105193548216274,84.12698412698413,,
187,0.35468828669530145,83.40548340548341,,
188,0.3614038725263973,83.98268398268398,,
189,0.34189128329571533,84.55988455988457,,
190,0.35270282956213833,83.26118326118326,,
191,0.3396951137339054,83.69408369408369,,
192,0.33801836893500015,83.83838383838383,,
193,0.3495576735182758,83.69408369408369,,
194,0.3517868368742614,83.69408369408369,,
195,0.3545518100562722,83.40548340548341,,
196,0.3423512459639863,84.84848484848484,,
197,0.3527524910791956,83.98268398268398,,
198,0.34517048925032345,82.82828282828282,,
199,0.3595786761669886,84.41558441558442,,
200,0.3260570058832953,84.99278499278499,0.4638982264252452,79.22077922077922
201,0.34507349120590075,83.98268398268398,,
202,0.3414848396100351,83.69408369408369,,
203,0.3394131845812089,84.84848484848484,,
204,0.3482514793566639,84.27128427128427,,
205,0.35093855032157073,84.99278499278499,,
206,0.3529271627057338,82.97258297258297,,
207,0.33997016368920324,84.55988455988457,,
208,0.34080608727741035,84.99278499278499,,
209,0.34636634205498906,83.69408369408369,,
210,0.34723811077349115,84.12698412698413,,
211,0.3499658935814881,83.26118326118326,,
212,0.32426769521845367,84.84848484848484,,
213,0.3564980786191609,83.54978354978356,,
214,0.331155882941352,85.42568542568543,,
215,0.3222917439187588,85.71428571428571,,
216,0.3483034800872486,84.55988455988457,,
217,0.332007438417465,84.84848484848484,,
218,0.3224837208680088,85.13708513708514,,
219,0.36334028517529043,83.69408369408369,,
220,0.3334056009762903,85.28138528138528,,
221,0.33924344358334124,84.7041847041847,,
222,0.3539487003075956,84.55988455988457,,
223,0.3292861052319773,84.84848484848484,,
224,0.3318454258541696,83.98268398268398,,
225,0.33180796601211526,84.99278499278499,0.4391378659706611,81.81818181818181
226,0.3604150612288911,83.26118326118326,,
227,0.3395825523404676,84.41558441558442,,
228,0.3576861180440344,83.54978354978356,,
229,0.34261781230977434,84.55988455988457,,
230,0.34178612844596523,85.71428571428571,,
231,0.34141779201801375,85.42568542568543,,
232,0.3292329049901701,84.55988455988457,,
233,0.35758743305054924,83.69408369408369,,
234,0.34972489791859107,84.27128427128427,,
235,0.3117248463252234,86.86868686868686,,
236,0.31291922090459523,85.13708513708514,,
237,0.3419304294417603,84.55988455988457,,
238,0.34110530462615934,83.26118326118326,,
239,0.32879084890538995,84.27128427128427,,
240,0.3071626915044083,86.58008658008659,,
241,0.3408381938719302,84.55988455988457,,
242,0.32690143894839596,86.14718614718615,,
243,0.32040222640677446,86.2914862914863,,
244,0.33078960702360793,84.12698412698413,,
245,0.32261231032026794,85.42568542568543,,
246,0.34858645539607147,84.84848484848484,,
247,0.3174620504675145,85.85858585858585,,
248,0.31558252480768023,86.2914862914863,,
249,0.3239474017898758,85.56998556998558,,
250,0.3411409582238521,85.28138528138528,0.44076006753104074,80.51948051948052
251,0.3380144443174805,85.28138528138528,,
252,0.3050441840209314,87.15728715728716,,
253,0.32848041664814365,84.99278499278499,,
254,0.3190619228206156,85.28138528138528,,
255,0.3291620124040056,85.13708513708514,,
256,0.33026590705735,84.41558441558442,,
257,0.3326394064257843,84.55988455988457,,
258,0.3164826827647882,86.86868686868686,,
259,0.31075183976264226,86.2914862914863,,
260,0.3268200528484058,85.28138528138528,,
261,0.316358119717021,86.14718614718615,,
262,0.3274172264948208,85.42568542568543,,
263,0.30053054899364323,85.56998556998558,,
264,0.3325498683800085,84.41558441558442,,
265,0.32388788418680386,84.55988455988457,,
266,0.3276222829866891,85.71428571428571,,
267,0.341176126340423,84.27128427128427,,
268,0.33052574500205023,84.99278499278499,,
269,0.3339466009111631,84.41558441558442,,
270,0.3311012031626048,83.83838383838383,,
271,0.31381837148515007,86.002886002886,,
272,0.32431563025429133,86.002886002886,,
273,0.32620892199602997,84.99278499278499,,
274,0.32054900520979757,84.12698412698413,,
275,0.31838262915439247,85.13708513708514,0.48099512326252924,80.51948051948052
276,0.34084725642273095,84.7041847041847,,
277,0.30210883121985893,87.3015873015873,,
278,0.33372070652151864,84.99278499278499,,
279,0.31333702695146093,87.3015873015873,,
280,0.3017752965721389,86.43578643578644,,
281,0.32110750761211004,85.56998556998558,,
282,0.3199173676288145,85.42568542568543,,
283,0.33201879994005695,85.71428571428571,,
284,0.2974938763383491,85.13708513708514,,
285,0.3239869551053123,84.99278499278499,,
286,0.3132131096690592,85.56998556998558,,
287,0.31687930781087836,86.14718614718615,,
288,0.3075087662211056,85.56998556998558,,
289,0.32038336633173764,85.13708513708514,,
290,0.3162417644460136,86.14718614718615,,
291,0.3096516332757077,86.2914862914863,,
292,0.3043791904593959,85.56998556998558,,
293,0.29846739175515774,87.44588744588745,,
294,0.29956730645456353,86.86868686868686,,
295,0.30692754913804166,86.002886002886,,
296,0.31580395486963775,86.2914862914863,,
297,0.31001300858212755,85.85858585858585,,
298,0.30165981738942355,87.3015873015873,,
299,0.30855704325790184,86.58008658008659,,
300,0.3256654904303269,86.72438672438672,0.47233967889438977,79.22077922077922
301,0.3026275517577561,87.44588744588745,,
302,0.28982182631932984,86.58008658008659,,
303,0.3082797133389317,85.56998556998558,,
304,0.3172260383506874,86.2914862914863,,
305,0.3013386442332729,86.2914862914863,,
306,0.29683483150098233,87.5901875901876,,
307,0.3072391809065105,87.15728715728716,,
308,0.3041700126245768,85.42568542568543,,
309,0.32021194376040674,84.99278499278499,,
310,0.30926373097803683,85.56998556998558,,
311,0.30209566082961287,86.72438672438672,,
312,0.2964388323896719,86.58008658008659,,
313,0.32252245535066115,84.55988455988457,,
314,0.3203080100414557,85.85858585858585,,
315,0.30882039347940365,86.14718614718615,,
316,0.3085943482396923,86.86868686868686,,
317,0.3182653316859731,85.42568542568543,,
318,0.29719029076687703,87.44588744588745,,
319,0.3118500193476161,85.85858585858585,,
320,0.2972383595153711,86.58008658008659,,
321,0.31242184730147216,87.01298701298701,,
322,0.32069537473619414,84.41558441558442,,
323,0.304838609815848,86.14718614718615,,
324,0.3025228252142539,87.73448773448773,,
325,0.31586274243407436,85.71428571428571,0.466250774922309,80.51948051948052
326,0.3004985705426589,86.2914862914863,,
327,0.29171652560798295,88.31168831168831,,
328,0.2916419051082275,88.02308802308802,,
329,0.2818182259583026,89.46608946608947,,
330,0.2819183712655848,86.2914862914863,,
331,0.31916329914013203,84.99278499278499,,
332,0.30615766907667186,86.2914862914863,,
333,0.28633068078352086,87.5901875901876,,
334,0.3051839989931208,84.99278499278499,,
335,0.28999554678733214,86.14718614718615,,
336,0.2928760926444809,87.87878787878788,,
337,0.3064119535435158,87.3015873015873,,
338,0.3043854757820889,86.43578643578644,,
339,0.3011464869219159,87.5901875901876,,
340,0.28821446558441777,87.01298701298701,,
341,0.2884573921410724,88.02308802308802,,
342,0.3031572907690018,85.71428571428571,,
343,0.3042238717320849,86.14718614718615,,
344,0.2971086776445782,86.86868686868686,,
345,0.31467332700630285,87.01298701298701,,
346,0.303597479026555,86.86868686868686,,
347,0.289544134708538,86.58008658008659,,
348,0.3223624211369139,86.2914862914863,,
349,0.27730545162896575,87.73448773448773,,
350,0.293939844268397,88.02308802308802,0.5213811389811627,80.51948051948052
351,0.29105245447778083,86.58008658008659,,
352,0.3046823050208594,85.56998556998558,,
353,0.30373547687416985,87.3015873015873,,
354,0.28208476444773517,86.2914862914863,,
355,0.28260290166860363,89.32178932178932,,
356,0.29847094743454783,86.58008658008659,,
357,0.30437918710502193,85.71428571428571,,
358,0.27864639335251473,87.73448773448773,,
359,0.3065077480987725,87.3015873015873,,
360,0.29937402209506236,89.17748917748918,,
361,0.2775593585137165,87.87878787878788,,
362,0.28704391108102784,87.3015873015873,,
363,0.2906313617895176,86.58008658008659,,
364,0.30669174906710356,85.56998556998558,,
365,0.27680956078814223,87.5901875901876,,
366,0.2983753159534708,86.86868686868686,,
367,0.28549442318782836,87.15728715728716,,
368,0.29111274788734026,86.43578643578644,,
369,0.28862114302265696,87.01298701298701,,
370,0.273288456413997,87.87878787878788,,
371,0.3101854594840976,85.56998556998558,,
372,0.3124096019443495,87.01298701298701,,
373,0.28858919327737276,87.5901875901876,,
374,0.29491261593879214,86.58008658008659,,
375,0.2875571408743122,87.73448773448773,0.5163587598831623,76.62337662337663
376,0.2928735511471527,87.01298701298701,,
377,0.2936933074968976,86.43578643578644,,
378,0.2849829275628705,87.3015873015873,,
379,0.2908316750891109,86.2914862914863,,
380,0.2906479634677865,86.86868686868686,,
381,0.2839957820130633,88.31168831168831,,
382,0.28696238201159935,86.86868686868686,,
383,0.27825504180156824,87.01298701298701,,
384,0.29441273195230944,86.58008658008659,,
385,0.29983113149199825,87.44588744588745,,
386,0.2983884291688429,86.58008658008659,,
387,0.2664957091126263,89.17748917748918,,
388,0.2772482767765656,87.87878787878788,,
389,0.28952623627445573,88.02308802308802,,
390,0.29556373148769527,86.43578643578644,,
391,0.2855999156682178,87.87878787878788,,
392,0.2750530115625731,87.15728715728716,,
393,0.3033580533611826,87.73448773448773,,
394,0.2944536018165159,88.02308802308802,,
395,0.277584375509882,87.73448773448773,,
396,0.28995114070340494,86.43578643578644,,
397,0.28480778671102264,88.02308802308802,,
398,0.3043664061016851,86.14718614718615,,
399,0.27666400362230825,86.72438672438672,,
400,0.2705898812580934,87.87878787878788,0.6018809250422886,80.51948051948052
401,0.2768426311738563,87.5901875901876,,
402,0.27010637436002966,88.02308802308802,,
403,0.2741085206619417,88.74458874458874,,
404,0.2743826550666732,87.3015873015873,,
405,0.28256883202349126,86.14718614718615,,
406,0.29677347890484385,87.5901875901876,,
407,0.2858159530042398,87.44588744588745,,
408,0.276591130966404,87.44588744588745,,
409,0.28774989859710354,87.44588744588745,,
410,0.28776775909020613,86.86868686868686,,
411,0.2846993751942165,88.16738816738817,,
412,0.27829078411815145,87.01298701298701,,
413,0.28766904971300267,86.72438672438672,,
414,0.287512777784428,87.15728715728716,,
415,0.2924150141630682,85.71428571428571,,
416,0.26789138990778255,87.15728715728716,,
417,0.2924298556336077,88.16738816738817,,
418,0.2855970361639583,88.45598845598846,,
419,0.31455877134079196,85.85858585858585,,
420,0.272125639526703,87.87878787878788,,
421,0.2639463073634482,88.02308802308802,,
422,0.2764544118878473,88.88888888888889,,
423,0.27042898974377355,89.03318903318903,,
424,0.2766066158316696,88.74458874458874,,
425,0.2530622985778433,89.03318903318903,0.6345277064806455,77.92207792207792
426,0.27484359917960643,88.74458874458874,,
427,0.2864739303981071,87.44588744588745,,
428,0.28014380522448606,88.16738816738817,,
429,0.26659331074008696,89.46608946608947,,
430,0.27703660679241965,88.16738816738817,,
431,0.2769158651882952,89.03318903318903,,
432,0.2603019150820645,90.47619047619048,,
433,0.268141506640254,88.02308802308802,,
434,0.2670566333406759,89.46608946608947,,
435,0.283868536933676,86.43578643578644,,
436,0.26025406111026395,90.18759018759019,,
437,0.26311133872895015,87.15728715728716,,
438,0.28208932882607585,87.01298701298701,,
439,0.2707730635764107,88.02308802308802,,
440,0.2957645028098493,86.002886002886,,
441,0.2622199613724608,89.6103896103896,,
442,0.2647995362797427,89.03318903318903,,
443,0.26148855991521786,87.5901875901876,,
444,0.27184977886652706,88.16738816738817,,
445,0.2579047673020356,88.60028860028861,,
446,0.27670926984512445,88.02308802308802,,
447,0.2839747229093769,88.60028860028861,,
448,0.2639675901350693,88.16738816738817,,
449,0.2620290509206048,87.87878787878788,,
450,0.26998841138973206,87.5901875901876,0.5670219357911642,81.81818181818181
451,0.28495806498616977,87.3015873015873,,
452,0.2612559189442088,90.33189033189034,,
453,0.2643535193889086,88.02308802308802,,
454,0.25907288038025345,88.60028860028861,,
455,0.2542380527156428,87.73448773448773,,
456,0.2546274909295389,89.8989898989899,,
457,0.2659044906518504,88.74458874458874,,
458,0.2396084840421553,90.18759018759019,,
459,0.2637731881239714,87.87878787878788,,
460,0.2824752139838743,87.44588744588745,,
461,0.2456397343249548,90.18759018759019,,
462,0.2601404958989197,89.32178932178932,,
463,0.26339084107810457,87.73448773448773,,
464,0.28569834035368363,88.45598845598846,,
465,0.2645398581784869,88.31168831168831,,
466,0.2708317787960322,88.31168831168831,,
467,0.2947974686670785,88.16738816738817,,
468,0.269962891871795,89.17748917748918,,
469,0.25991310144829716,88.31168831168831,,
470,0.2711927122819475,88.88888888888889,,
471,0.258769149947132,89.32178932178932,,
472,0.2602468010839102,88.45598845598846,,
473,0.25528408655786583,90.18759018759019,,
474,0.26172638973718426,88.45598845598846,,
475,0.26037037514504935,88.60028860028861,0.5788378115598257,80.51948051948052
476,0.2553223389997799,88.02308802308802,,
477,0.2577122867021382,88.45598845598846,,
478,0.2632473602482423,88.88888888888889,,
479,0.27398139436179597,88.31168831168831,,
480,0.2778843671814532,88.16738816738817,,
481,0.2740845483704907,88.74458874458874,,
482,0.26549669076697996,88.45598845598846,,
483,0.271248798779767,88.02308802308802,,
484,0.2749685826583686,88.74458874458874,,
485,0.2596764738683577,89.46608946608947,,
486,0.25469041756565264,89.03318903318903,,
487,0.2589890431360077,89.46608946608947,,
488,0.27563434650027563,87.3015873015873,,
489,0.26124691778275183,87.87878787878788,,
490,0.24706195684050414,89.17748917748918,,
491,0.2533694057151525,88.74458874458874,,
492,0.2664555287711634,89.75468975468975,,
493,0.2624513870817414,87.73448773448773,,
494,0.24643427880768481,88.88888888888889,,
495,0.26193233468659854,89.8989898989899,,
496,0.24767702362066052,89.46608946608947,,
497,0.24985673150093352,91.05339105339105,,
498,0.23349934076678014,89.17748917748918,,
499,0.25294081619463615,89.8989898989899,,
500,0.24905172050601304,88.60028860028861,0.6636502386687638,83.11688311688312
501,0.2431740460414735,88.31168831168831,,
502,0.25899785549297905,89.75468975468975,,
503,0.26847228007915214,88.02308802308802,,
504,0.25882786596234225,88.88888888888889,,
505,0.2406938655320743,89.6103896103896,,
506,0.2691149112552103,88.45598845598846,,
507,0.2664282897387834,88.02308802308802,,
508,0.27313155525002475,87.01298701298701,,
509,0.257312026546803,89.6103896103896,,
510,0.2604432890210489,89.32178932178932,,
511,0.25733391822330537,89.32178932178932,,
512,0.26523453649805395,89.32178932178932,,
513,0.25302557098917117,89.32178932178932,,
514,0.27440564332242307,88.02308802308802,,
515,0.2556734956628918,87.87878787878788,,
516,0.2424477386956263,90.33189033189034,,
517,0.26248707804522475,89.32178932178932,,
518,0.2378532277127193,89.75468975468975,,
519,0.2660419251796659,87.3015873015873,,
520,0.24576995350839773,90.33189033189034,,
521,0.2429341503982076,90.33189033189034,,
522,0.24488054501889933,89.17748917748918,,
523,0.27080686869903386,85.85858585858585,,
524,0.24699879870958313,89.17748917748918,,
525,0.2665919084182549,89.75468975468975,0.6721337631151274,79.22077922077922
526,0.23470691430233256,90.76479076479076,,
527,0.26879459987213083,88.88888888888889,,
528,0.267167788907391,87.44588744588745,,
529,0.247052689479371,89.17748917748918,,
530,0.25429722533425553,87.5901875901876,,
531,0.26595722773202396,89.03318903318903,,
532,0.23886825073333012,90.33189033189034,,
533,0.24922168762308866,88.74458874458874,,
534,0.25135062955330634,88.74458874458874,,
535,0.24210953445296096,89.17748917748918,,
536,0.2689060446675894,88.88888888888889,,
537,0.23556144043674201,88.74458874458874,,
538,0.24823420878612634,86.58008658008659,,
539,0.243206491040719,90.04329004329004,,
540,0.23642352335208766,89.32178932178932,,
541,0.24973069382952406,88.74458874458874,,
542,0.23788874537225754,89.75468975468975,,
543,0.26235028262778276,88.60028860028861,,
544,0.2474800595989475,88.88888888888889,,
545,0.2500593541848539,88.60028860028861,,
546,0.24255885577305056,88.45598845598846,,
547,0.23938865519920297,89.46608946608947,,
548,0.23602229606193553,89.03318903318903,,
549,0.23948702872509048,88.60028860028861,,
550,0.22872133740098963,90.33189033189034,0.6834351730037045,80.51948051948052
551,0.2579885890860578,89.17748917748918,,
552,0.2830313241154945,86.86868686868686,,
553,0.26625292091314584,88.02308802308802,,
554,0.24840296241542134,89.17748917748918,,
555,0.26406584658578014,89.46608946608947,,
556,0.23804963160773893,91.34199134199135,,
557,0.23812082614131477,89.6103896103896,,
558,0.23035873985522753,91.48629148629149,,
559,0.2558858696946506,90.18759018759019,,
560,0.22551083526053986,90.04329004329004,,
561,0.24602957041920692,89.6103896103896,,
562,0.22781345785782278,90.9090909090909,,
563,0.2424606763815553,90.18759018759019,,
564,0.2371334789635299,88.60028860028861,,
565,0.24453744232052504,90.04329004329004,,
566,0.2500584828217136,89.32178932178932,,
567,0.2477785430171273,88.60028860028861,,
568,0.250502270462279,88.45598845598846,,
569,0.23568966584938644,91.34199134199135,,
570,0.2457689315209657,90.18759018759019,,
571,0.22669486717615292,90.62049062049061,,
572,0.24516772768026135,90.04329004329004,,
573,0.23423115730629682,89.32178932178932,,
574,0.2590609969514789,89.32178932178932,,
575,0.2632605829108157,88.31168831168831,0.6916437567054451,80.51948051948052
576,0.2514912437265914,89.17748917748918,,
577,0.23883988279284854,90.62049062049061,,
578,0.2589961492051982,88.60028860028861,,
579,0.2731880880193449,88.16738816738817,,
580,0.2508997274038596,89.8989898989899,,
581,0.25853348210518495,88.16738816738817,,
582,0.23929776825430074,88.74458874458874,,
583,0.25095882689281973,89.32178932178932,,
584,0.23440598505098925,89.32178932178932,,
585,0.23308252989385722,89.75468975468975,,
586,0.2348017046633909,90.33189033189034,,
587,0.24701321524975103,89.8989898989899,,
588,0.23658978562764446,89.75468975468975,,
589,0.25889752342931466,87.73448773448773,,
590,0.2373090550669,90.18759018759019,,
591,0.24416744687512495,89.03318903318903,,
592,0.2302448098664676,90.9090909090909,,
593,0.2390923686701842,90.18759018759019,,
594,0.23858504326312574,89.6103896103896,,
595,0.2377028846078449,89.75468975468975,,
596,0.2598508471061313,90.04329004329004,,
597,0.24789140296597328,89.46608946608947,,
598,0.23194539331942582,89.8989898989899,,
599,0.23659793185379255,91.1976911976912,,
600,0.21066333450280228,90.62049062049061,0.674016163720713,79.22077922077922
601,0.23160908671168537,90.76479076479076,,
602,0.26139062563492277,89.03318903318903,,
603,0.2410806995785619,89.17748917748918,,
604,0.2593173325534851,89.03318903318903,,
605,0.22662997228586657,90.62049062049061,,
606,0.2419358833463161,88.88888888888889,,
607,0.2294407051061999,90.04329004329004,,
608,0.23795400084699214,89.46608946608947,,
609,0.2125339015759259,90.9090909090909,,
610,0.25417051693454146,90.18759018759019,,
611,0.20372756200467612,91.48629148629149,,
612,0.24182476634415026,90.76479076479076,,
613,0.23917697995772094,89.46608946608947,,
614,0.22448589172198144,90.62049062049061,,
615,0.23759484897444258,90.62049062049061,,
616,0.25592081816423506,88.88888888888889,,
617,0.255344916989793,89.46608946608947,,
618,0.2189383636971917,90.18759018759019,,
619,0.21737508439763972,91.05339105339105,,
620,0.22744759388300248,90.33189033189034,,
621,0.22863550816392486,89.6103896103896,,
622,0.24296981853152078,89.03318903318903,,
623,0.24192591448022863,90.04329004329004,,
624,0.22671942117195282,90.9090909090909,,
625,0.24615535987231982,90.33189033189034,0.6306383106615636,83.11688311688312
626,0.24914378997524408,89.6103896103896,,
627,0.23687555011990782,90.04329004329004,,
628,0.21602326683689332,90.18759018759019,,
629,0.217012661037507,90.62049062049061,,
630,0.22365183876706407,90.04329004329004,,
631,0.24204344612856707,90.04329004329004,,
632,0.22332042681448389,90.76479076479076,,
633,0.22697966718914533,89.46608946608947,,
634,0.22187391037328374,90.76479076479076,,
635,0.2337776862439655,89.17748917748918,,
636,0.2538994059643962,88.45598845598846,,
637,0.22310792171755137,91.05339105339105,,
638,0.23795456089842715,89.17748917748918,,
639,0.22983746914916053,90.33189033189034,,
640,0.24868678257492885,89.75468975468975,,
641,0.23258850154766617,89.6103896103896,,
642,0.2338166165274459,91.05339105339105,,
643,0.2238947508096007,89.32178932178932,,
644,0.21748520375846267,90.76479076479076,,
645,0.24441955762164072,89.6103896103896,,
646,0.2392273202516988,89.17748917748918,,
647,0.22178959609432655,90.18759018759019,,
648,0.24142107089059522,89.17748917748918,,
649,0.22714429365909117,90.76479076479076,,
650,0.22928578222726848,90.62049062049061,0.7413904558528553,80.51948051948052
651,0.23717987242801192,88.74458874458874,,
652,0.2438681556978955,89.8989898989899,,
653,0.24803199613679194,90.04329004329004,,
654,0.22371486061176052,91.34199134199135,,
655,0.21932746846266468,90.9090909090909,,
656,0.23457235807464236,89.6103896103896,,
657,0.23231895986143472,91.05339105339105,,
658,0.23947069629446252,89.8989898989899,,
659,0.19863572643604802,91.05339105339105,,
660,0.24009915898200582,89.17748917748918,,
661,0.24561930545652755,89.03318903318903,,
662,0.24312451008766417,90.04329004329004,,
663,0.234239739429039,90.47619047619048,,
664,0.2399519226939819,90.18759018759019,,
665,0.22340541578087456,90.18759018759019,,
666,0.22405228605776123,90.33189033189034,,
667,0.20875757498314543,90.33189033189034,,
668,0.23184598187014224,89.75468975468975,,
669,0.18562972515520423,92.20779220779221,,
670,0.20556830215935756,91.77489177489177,,
671,0.22076417086444375,90.47619047619048,,
672,0.2029900507031151,91.34199134199135,,
673,0.22810432471840242,90.62049062049061,,
674,0.22425827896146877,89.17748917748918,,
675,0.23647099873118244,89.6103896103896,0.70003913130079,80.51948051948052
676,0.23139368507253144,91.48629148629149,,
677,0.2174868243511277,89.17748917748918,,
678,0.2299082383706972,90.33189033189034,,
679,0.21043608828970536,90.62049062049061,,
680,0.23424975946008042,89.75468975468975,,
681,0.22974590297041173,90.76479076479076,,
682,0.20732061827520357,91.1976911976912,,
683,0.23210032064935346,92.20779220779221,,
684,0.24675320959710456,88.88888888888889,,
685,0.21196856763627794,91.77489177489177,,
686,0.21958366282617547,90.9090909090909,,
687,0.2234188419367586,90.76479076479076,,
688,0.23959208313176814,89.8989898989899,,
689,0.2106016261064989,91.91919191919192,,
690,0.21762451972452249,90.18759018759019,,
691,0.2056823723760002,91.48629148629149,,
692,0.22987070120602288,89.46608946608947,,
693,0.21944529684677097,90.76479076479076,,
694,0.20944064449986596,91.34199134199135,,
695,0.2257904014288089,89.6103896103896,,
696,0.21908020594763378,90.62049062049061,,
697,0.20580927840558996,91.48629148629149,,
698,0.22769964158448994,89.6103896103896,,
699,0.2248330260338033,91.63059163059162,,
700,0.20192762061114952,91.05339105339105,0.7652334981150442,81.81818181818181
701,0.2086210981237166,91.05339105339105,,
702,0.23133159354651645,90.9090909090909,,
703,0.20238556395705473,91.63059163059162,,
704,0.2305929981720396,90.76479076479076,,
705,0.21121505251178493,91.34199134199135,,
706,0.21542980827251382,91.05339105339105,,
707,0.22744915289280218,90.62049062049061,,
708,0.22439136103462176,90.33189033189034,,
709,0.24236654362293206,90.04329004329004,,
710,0.2044774412592768,90.76479076479076,,
711,0.20902042376874674,91.05339105339105,,
712,0.22266564411776407,90.33189033189034,,
713,0.2100313753319681,90.9090909090909,,
714,0.22751971163274923,91.48629148629149,,
715,0.21178601877857942,91.1976911976912,,
716,0.21329649461468234,90.76479076479076,,
717,0.21599530558737498,91.48629148629149,,
718,0.2227671808666653,88.74458874458874,,
719,0.19152229233049556,92.78499278499278,,
720,0.2234254726685831,90.76479076479076,,
721,0.20045772738873013,90.33189033189034,,
722,0.20139342621721404,91.1976911976912,,
723,0.21603076039540647,90.76479076479076,,
724,0.21210346455869908,91.34199134199135,,
725,0.22159507055733282,90.62049062049061,0.7113768977004212,81.81818181818181
726,0.21449528743941632,91.05339105339105,,
727,0.21405771437059407,91.1976911976912,,
728,0.20316613462826164,91.63059163059162,,
729,0.20122054193443034,92.64069264069263,,
730,0.22836812518934838,90.33189033189034,,
731,0.2343069397095822,90.33189033189034,,
732,0.20252923858802213,91.48629148629149,,
733,0.2116096362063035,90.33189033189034,,
734,0.21333120404749378,90.76479076479076,,
735,0.21312640631009663,91.63059163059162,,
736,0.20544644202203804,92.06349206349206,,
737,0.23110352398513198,91.63059163059162,,
738,0.20769416941880836,91.91919191919192,,
739,0.21323974604730483,91.63059163059162,,
740,0.23190945485797623,89.46608946608947,,
741,0.1999871303766837,92.20779220779221,,
742,0.2045684757079354,90.62049062049061,,
743,0.2112342415304927,91.48629148629149,,
744,0.2105297628913779,90.62049062049061,,
745,0.19713311846143583,91.91919191919192,,
746,0.18704721421906442,92.4963924963925,,
747,0.21490736200351906,89.6103896103896,,
748,0.21101656904468288,91.91919191919192,,
749,0.21961382302370938,90.18759018759019,,
750,0.2036120860822617,92.64069264069263,0.70682840687888,83.11688311688312
751,0.19398802102773222,91.48629148629149,,
752,0.20896145654103113,91.34199134199135,,
753,0.21268499964071386,91.63059163059162,,
754,0.2179241833232698,91.1976911976912,,
755,0.2000400668485856,91.77489177489177,,
756,0.2093122403472017,90.76479076479076,,
757,0.20620703198348977,90.62049062049061,,
758,0.21229621746495345,91.34199134199135,,
759,0.18527815412477325,91.1976911976912,,
760,0.20266129365688107,91.91919191919192,,
761,0.20928256060997988,90.04329004329004,,
762,0.21994644871134778,90.47619047619048,,
763,0.21013485174760502,91.63059163059162,,
764,0.2189938599327082,91.1976911976912,,
765,0.2001117008051487,91.48629148629149,,
766,0.19945981870653998,91.48629148629149,,
767,0.19862063476361583,90.9090909090909,,
768,0.21343134045815915,91.1976911976912,,
769,0.23237137038470346,91.91919191919192,,
770,0.2074128213038864,91.91919191919192,,
771,0.19266399633660805,91.91919191919192,,
772,0.20033193769909086,92.20779220779221,,
773,0.21016202495039626,91.77489177489177,,
774,0.21837569263590362,91.05339105339105,,
775,0.19822932154069214,91.05339105339105,0.6859619253641599,80.51948051948052
776,0.2064841388997556,90.9090909090909,,
777,0.20424093617849365,90.9090909090909,,
778,0.19930945344210144,91.63059163059162,,
779,0.2015500407542329,91.1976911976912,,
780,0.18791848825341867,91.48629148629149,,
781,0.18300433961128948,92.06349206349206,,
782,0.20507389810178187,91.91919191919192,,
783,0.21938190203896504,91.1976911976912,,
784,0.1903209053248726,91.48629148629149,,
785,0.20550072797363111,91.48629148629149,,
786,0.22724651690091385,90.18759018759019,,
787,0.21107424718218964,91.1976911976912,,
788,0.21174952976975434,91.05339105339105,,
789,0.20238410095545808,91.34199134199135,,
790,0.20578608633936912,91.05339105339105,,
791,0.18948795651804662,93.21789321789322,,
792,0.21489180652438133,91.77489177489177,,
793,0.18298574581118718,93.07359307359307,,
794,0.20273456255895922,91.91919191919192,,
795,0.21223380297024616,90.76479076479076,,
796,0.1972894732172441,90.62049062049061,,
797,0.20930102402492176,90.9090909090909,,
798,0.2083024550309945,91.63059163059162,,
799,0.20612995536704945,90.9090909090909,,
800,0.1899468857219811,92.4963924963925,0.733427128234467,79.22077922077922
801,0.19450003549478098,92.4963924963925,,
802,0.19516837882875193,91.91919191919192,,
803,0.21692252881599194,91.91919191919192,,
804,0.1943195988175501,92.64069264069263,,
805,0.18213559457061954,92.20779220779221,,
806,0.19745492344939863,92.06349206349206,,
807,0.19111868368749324,91.63059163059162,,
808,0.19308566655775514,92.4963924963925,,
809,0.20152624877113284,91.91919191919192,,
810,0.2195385197368363,91.1976911976912,,
811,0.19817914769677028,92.06349206349206,,
812,0.21113011554894165,91.05339105339105,,
813,0.19666684637166032,91.05339105339105,,
814,0.2138381635213827,90.62049062049061,,
815,0.20252050952327372,91.63059163059162,,
816,0.18505942430159059,92.20779220779221,,
817,0.18385511223887985,92.4963924963925,,
818,0.19347915586627062,91.91919191919192,,
819,0.21440232163469858,90.76479076479076,,
820,0.20316788528388713,92.35209235209236,,
821,0.1854276042996031,92.06349206349206,,
822,0.19329914085104696,91.63059163059162,,
823,0.16721051695661196,93.21789321789322,,
824,0.20640142944078319,91.34199134199135,,
825,0.21398789077610164,90.9090909090909,0.7691727288357624,83.11688311688312
826,0.19944588272613278,92.06349206349206,,
827,0.19979246840160475,91.91919191919192,,
828,0.18910620403496217,91.48629148629149,,
829,0.2192584838917073,89.6103896103896,,
830,0.20490314493501427,91.48629148629149,,
831,0.18830219100392054,91.34199134199135,,
832,0.2144215615253901,90.62049062049061,,
833,0.1955166163425597,92.35209235209236,,
834,0.20279356519037167,91.91919191919192,,
835,0.18573979198029547,93.21789321789322,,
836,0.20143331802876135,91.48629148629149,,
837,0.1823775428165863,93.93939393939394,,
838,0.1910587918728289,91.91919191919192,,
839,0.18417822529829253,91.91919191919192,,
840,0.1821261542227017,92.06349206349206,,
841,0.1858304912038954,92.35209235209236,,
842,0.1769878002902302,93.21789321789322,,
843,0.19913340282517594,92.20779220779221,,
844,0.169239129790496,93.07359307359307,,
845,0.17806176760625014,92.78499278499278,,
846,0.19614838536769624,91.63059163059162,,
847,0.19980990787777206,91.91919191919192,,
848,0.21617128864511267,90.18759018759019,,
849,0.1743706079726719,92.64069264069263,,
850,0.18353766151320883,91.63059163059162,0.7152417364058556,81.81818181818181
851,0.19579758182232515,92.06349206349206,,
852,0.18664048046604723,92.20779220779221,,
853,0.19811366864011057,90.9090909090909,,
854,0.2054120318972187,90.62049062049061,,
855,0.19965564707646208,92.06349206349206,,
856,0.18671446068892403,91.91919191919192,,
857,0.18262461623416146,92.4963924963925,,
858,0.2023072684288541,91.91919191919192,,
859,0.21017903235739616,91.77489177489177,,
860,0.17905095262079357,92.35209235209236,,
861,0.2024082492870342,91.1976911976912,,
862,0.22469570063065314,91.1976911976912,,
863,0.20611355835397177,92.20779220779221,,
864,0.2006160681381886,91.63059163059162,,
865,0.18869823595565377,90.9090909090909,,
866,0.18355139223442105,92.4963924963925,,
867,0.21398754450149868,91.48629148629149,,
868,0.1776580639495306,92.35209235209236,,
869,0.19551627047650225,92.06349206349206,,
870,0.1881309924123091,92.4963924963925,,
871,0.19064422380743604,91.91919191919192,,
872,0.21639899119820774,90.33189033189034,,
873,0.16836609529038357,93.79509379509379,,
874,0.21236368501894876,90.9090909090909,,
875,0.19320046508209013,90.9090909090909,0.7583278347919513,76.62337662337663
876,0.1684145290528197,93.36219336219337,,
877,0.19091546879530297,91.63059163059162,,
878,0.18961744986657283,91.34199134199135,,
879,0.18560716552823825,92.4963924963925,,
880,0.1883741466793491,92.64069264069263,,
881,0.17539704153462063,92.92929292929293,,
882,0.18646498673836046,92.92929292929293,,
883,0.1925921845202795,91.63059163059162,,
884,0.16948326854478746,93.50649350649351,,
885,0.17213060368191113,92.20779220779221,,
886,0.19523240042068227,92.35209235209236,,
887,0.1884674984305925,91.63059163059162,,
888,0.18711302319237852,91.48629148629149,,
889,0.18499231738445562,91.77489177489177,,
890,0.15945109206790703,93.36219336219337,,
891,0.16828196303056173,92.4963924963925,,
892,0.19009592049737686,92.4963924963925,,
893,0.20974068027554135,91.1976911976912,,
894,0.1882472803324332,92.35209235209236,,
895,0.1834599291005348,92.78499278499278,,
896,0.1893176238817226,93.07359307359307,,
897,0.19310451208910814,92.4963924963925,,
898,0.20081604927278313,92.92929292929293,,
899,0.18928649742021877,92.4963924963925,,
900,0.1733362790396031,93.36219336219337,0.7989817633257283,79.22077922077922
901,0.20031385147382344,92.06349206349206,,
902,0.20335867102183994,91.63059163059162,,
903,0.1892016048598255,92.35209235209236,,
904,0.17185197455585433,93.21789321789322,,
905,0.1757395833859712,92.92929292929293,,
906,0.15861582349647174,93.79509379509379,,
907,0.17722818800510265,92.35209235209236,,
908,0.18093752542787472,92.92929292929293,,
909,0.18823092575971181,91.91919191919192,,
910,0.17475919887789057,92.92929292929293,,
911,0.17705588386774407,92.06349206349206,,
912,0.17919669196031138,93.93939393939394,,
913,0.19673149922021368,91.63059163059162,,
914,0.17089937990840423,93.36219336219337,,
915,0.16736400441077107,93.36219336219337,,
916,0.19499909834772305,91.34199134199135,,
917,0.19895567930966057,91.63059163059162,,
918,0.1997246299729203,91.05339105339105,,
919,0.2182796173399747,91.77489177489177,,
920,0.17533656677384396,92.35209235209236,,
921,0.198264004326658,92.92929292929293,,
922,0.16972443814057464,92.64069264069263,,
923,0.1635223323207827,93.36219336219337,,
924,0.1774372262356085,93.65079365079364,,
925,0.19761318978981193,92.06349206349206,0.7628630066846872,76.62337662337663
926,0.19922942680025857,91.05339105339105,,
927,0.18037394218114547,92.20779220779221,,
928,0.18740207767503775,92.20779220779221,,
929,0.1921827769898749,92.78499278499278,,
930,0.16191969515183272,92.4963924963925,,
931,0.190088803633983,92.4963924963925,,
932,0.15876602911443113,93.36219336219337,,
933,0.18013580020081688,92.06349206349206,,
934,0.1654044140955436,93.36219336219337,,
935,0.19829772900881362,91.91919191919192,,
936,0.1911255596649079,90.9090909090909,,
937,0.19307481900964896,91.63059163059162,,
938,0.1881093331175879,92.64069264069263,,
939,0.18287854386872543,92.06349206349206,,
940,0.1557683702585157,94.08369408369408,,
941,0.1854390860743509,92.4963924963925,,
942,0.1751500384675132,92.92929292929293,,
943,0.16394944897547772,93.93939393939394,,
944,0.19277470547055442,91.48629148629149,,
945,0.1780211923356352,92.35209235209236,,
946,0.1924278007236996,92.06349206349206,,
947,0.1672258044648136,93.07359307359307,,
948,0.1654205990130079,93.07359307359307,,
949,0.16952509113720485,93.07359307359307,,
950,0.18433976783531397,93.36219336219337,0.7815284202625226,77.92207792207792
951,0.16856881601985915,93.07359307359307,,
952,0.19704533455433784,92.06349206349206,,
953,0.15857132695195994,93.79509379509379,,
954,0.17915766996910734,92.78499278499278,,
955,0.16489843271059906,93.79509379509379,,
956,0.1942461682174457,91.48629148629149,,
957,0.1754989865710381,93.07359307359307,,
958,0.1789200444629182,92.06349206349206,,
959,0.19387470916838184,91.34199134199135,,
960,0.18821046973375702,93.36219336219337,,
961,0.1849484857370671,91.77489177489177,,
962,0.1635025864464337,93.36219336219337,,
963,0.19918672254505268,92.35209235209236,,
964,0.17080569572606988,92.92929292929293,,
965,0.19188580706092015,91.05339105339105,,
966,0.19002078266607392,91.91919191919192,,
967,0.19176506991854306,92.20779220779221,,
968,0.17699149976152534,92.64069264069263,,
969,0.20089798576560028,91.63059163059162,,
970,0.18857396268225335,93.21789321789322,,
971,0.19241093580770974,91.91919191919192,,
972,0.17843334817611123,92.78499278499278,,
973,0.17419537940582672,93.07359307359307,,
974,0.1898295468238181,92.4963924963925,,
975,0.1631405253398728,93.65079365079364,0.7786822806705128,79.22077922077922
976,0.1669107632117526,93.07359307359307,,
977,0.17098150747420984,92.64069264069263,,
978,0.1797082818947829,92.4963924963925,,
979,0.1601909947773767,92.92929292929293,,
980,0.17744077335704456,92.20779220779221,,
981,0.17394186094037725,93.21789321789322,,
982,0.1806231024009841,92.4963924963925,,
983,0.18622368634349168,92.06349206349206,,
984,0.16726563107571732,92.20779220779221,,
985,0.18116591227863085,91.63059163059162,,
986,0.18368065465526578,92.4963924963925,,
987,0.16690452717255377,93.21789321789322,,
988,0.16855598408809472,92.78499278499278,,
989,0.16929472894723624,92.92929292929293,,
990,0.17637494992878702,92.35209235209236,,
991,0.16938196794596241,92.92929292929293,,
992,0.16847783441065367,92.20779220779221,,
993,0.17483962175649997,92.06349206349206,,
994,0.16904873284813646,93.07359307359307,,
995,0.16168664306574226,93.50649350649351,,
996,0.16538105942685194,94.51659451659452,,
997,0.17744540963940117,92.64069264069263,,
998,0.18335752801977712,91.63059163059162,,
999,0.16801933444294578,93.79509379509379,,
1000,0.1791574853280234,92.78499278499278,0.8695204273446814,77.92207792207792
