epoch,train_loss,train_acc,test_loss,test_acc
1,0.6886055597667227,54.4011544011544,0.6851698810403998,55.84415584415584
2,0.6875723062827646,55.98845598845599,,
3,0.6850224649063265,55.98845598845599,,
4,0.6834512729665417,55.98845598845599,,
5,0.6777221907956947,55.98845598845599,,
6,0.6784349079599972,55.98845598845599,,
7,0.6730960135336046,55.84415584415584,,
8,0.6651945183803509,55.98845598845599,,
9,0.6605949007931554,55.84415584415584,,
10,0.6537422083673023,55.55555555555556,,
11,0.6481292086074191,56.277056277056275,,
12,0.6378471189075046,59.307359307359306,,
13,0.6314442800236987,63.34776334776335,,
14,0.6076845481970266,66.52236652236653,,
15,0.6054097742573351,66.52236652236653,,
16,0.5982422348740813,69.98556998556998,,
17,0.5858530143294671,69.98556998556998,,
18,0.5860793354879382,69.11976911976912,,
19,0.5614034886139984,73.3044733044733,,
20,0.560678809752196,72.87157287157287,,
21,0.5652622751687341,71.57287157287158,,
22,0.5423919441552045,73.88167388167388,,
23,0.5451261259260631,72.43867243867244,,
24,0.5299398484512153,74.31457431457432,,
25,0.5278253963843397,73.44877344877345,0.5350395843580171,71.42857142857143
26,0.5404603373780739,73.44877344877345,,
27,0.5151392592152132,77.4891774891775,,
28,0.5109437177277575,76.47907647907648,,
29,0.5006677229253073,75.46897546897547,,
30,0.5082401953648351,75.03607503607503,,
31,0.5097526864916043,75.75757575757575,,
32,0.504725822767654,76.04617604617604,,
33,0.4891793286645567,78.06637806637806,,
34,0.49641847580370274,75.75757575757575,,
35,0.48164084493511855,78.4992784992785,,
36,0.4947575335894828,75.61327561327562,,
37,0.4825073056578808,76.47907647907648,,
38,0.47853436702687674,78.4992784992785,,
39,0.48030969694063264,77.77777777777777,,
40,0.45823603193309226,79.22077922077922,,
41,0.4705728455023332,78.06637806637806,,
42,0.44838784078154903,79.65367965367966,,
43,0.46331748215839114,77.92207792207792,,
44,0.4665650568397186,77.2005772005772,,
45,0.468218679637964,79.36507936507937,,
46,0.45485152233214604,77.77777777777777,,
47,0.4527323998586096,79.36507936507937,,
48,0.4385850650579554,80.95238095238095,,
49,0.4455755182674953,78.06637806637806,,
50,0.4520466003411088,80.37518037518038,0.4748370825470268,75.32467532467533
51,0.45533698418783763,80.23088023088023,,
52,0.4656612803409626,79.07647907647907,,
53,0.45988341086526624,79.79797979797979,,
54,0.44200564824141464,81.0966810966811,,
55,0.458731359862662,80.23088023088023,,
56,0.4377909851452661,81.67388167388168,,
57,0.4240060446066258,81.81818181818181,,
58,0.4358331368857132,79.94227994227994,,
59,0.4388612951723184,79.65367965367966,,
60,0.4289926774746068,79.07647907647907,,
61,0.437837940983442,79.50937950937951,,
62,0.4455015565581824,79.22077922077922,,
63,0.4356235714271815,79.22077922077922,,
64,0.43950700992113584,80.08658008658008,,
65,0.43331278445572735,80.23088023088023,,
66,0.4181749738355048,79.79797979797979,,
67,0.4129615157713622,82.53968253968254,,
68,0.42081586107031094,79.65367965367966,,
69,0.39057454613036063,81.38528138528139,,
70,0.4085848559376825,82.1067821067821,,
71,0.4034649406332646,81.81818181818181,,
72,0.4188139940065051,81.24098124098124,,
73,0.40828389307809254,83.11688311688312,,
74,0.39167860799709614,83.83838383838383,,
75,0.4110541818461893,80.95238095238095,0.44446349027868987,81.81818181818181
76,0.38602273572574963,83.69408369408369,,
77,0.4032674359552788,82.1067821067821,,
78,0.385934372699966,83.69408369408369,,
79,0.42418929775383907,81.24098124098124,,
80,0.3881895419151064,82.97258297258297,,
81,0.3963794336690531,82.25108225108225,,
82,0.40034505406671445,83.83838383838383,,
83,0.39686470959351694,82.53968253968254,,
84,0.390762346346485,80.95238095238095,,
85,0.39034614624915187,83.26118326118326,,
86,0.3735294182923277,82.68398268398268,,
87,0.41405888725324796,82.68398268398268,,
88,0.4130981705147467,81.67388167388168,,
89,0.38216569421955343,82.97258297258297,,
90,0.3969089206507024,80.8080808080808,,
91,0.39414886349723455,81.96248196248196,,
92,0.3824691674410007,82.68398268398268,,
93,0.3974045308637413,82.53968253968254,,
94,0.3740097734147164,82.53968253968254,,
95,0.39220824450641484,84.99278499278499,,
96,0.37517671366618655,83.26118326118326,,
97,0.36968892554700117,84.55988455988457,,
98,0.3672956811401235,84.55988455988457,,
99,0.36962116646216203,81.96248196248196,,
100,0.3808222791935286,83.83838383838383,0.4500603513284163,81.81818181818181
101,0.37218321535150384,82.82828282828282,,
102,0.3865161792712466,84.27128427128427,,
103,0.3668667095220106,84.27128427128427,,
104,0.37847172947329016,83.40548340548341,,
105,0.3885706690654782,82.68398268398268,,
106,0.36049757375345604,83.26118326118326,,
107,0.37746939970473364,83.26118326118326,,
108,0.36136830928177716,85.13708513708514,,
109,0.37927649263695723,83.98268398268398,,
110,0.358181842004754,85.56998556998558,,
111,0.37312944489296035,84.55988455988457,,
112,0.3609363560982769,83.54978354978356,,
113,0.35326790244118306,85.56998556998558,,
114,0.36366817647588545,83.69408369408369,,
115,0.36033522351651653,85.71428571428571,,
116,0.37340683880306424,83.98268398268398,,
117,0.3552235375235091,83.83838383838383,,
118,0.35508255639031505,82.97258297258297,,
119,0.34989975652997457,83.83838383838383,,
120,0.3705883812465709,82.82828282828282,,
121,0.35174084673024186,84.55988455988457,,
122,0.36055692916394655,84.7041847041847,,
123,0.36117840810943647,84.84848484848484,,
124,0.35488173835420334,83.26118326118326,,
125,0.35453574486281103,85.13708513708514,0.4653969674141376,81.81818181818181
126,0.34518526617066686,84.84848484848484,,
127,0.34474283250379356,85.42568542568543,,
128,0.3435099255212974,83.40548340548341,,
129,0.3500769675466061,84.99278499278499,,
130,0.36792203476504676,84.41558441558442,,
131,0.35554806378496673,85.13708513708514,,
132,0.35911730065146225,84.41558441558442,,
133,0.3501100325997258,85.28138528138528,,
134,0.32833693654936286,85.56998556998558,,
135,0.35933538088722833,84.12698412698413,,
136,0.3544886925863841,83.83838383838383,,
137,0.3412705873170112,84.84848484848484,,
138,0.3477980922396909,86.2914862914863,,
139,0.33565056349808003,85.42568542568543,,
140,0.3459875194025246,84.55988455988457,,
141,0.32884144894832484,86.58008658008659,,
142,0.3500189225997072,84.84848484848484,,
143,0.3347816675858408,85.56998556998558,,
144,0.35361931564401927,85.13708513708514,,
145,0.34228331315052973,85.42568542568543,,
146,0.34996670297471993,84.7041847041847,,
147,0.34741088266324516,84.12698412698413,,
148,0.33664848153381294,87.01298701298701,,
149,0.3386555201391465,86.14718614718615,,
150,0.33150401806074475,84.99278499278499,0.48266093761889967,80.51948051948052
151,0.32289484087350906,87.44588744588745,,
152,0.33833830301551765,87.01298701298701,,
153,0.34605454766389093,85.85858585858585,,
154,0.3273140454791153,86.2914862914863,,
155,0.3351374576446126,84.99278499278499,,
156,0.3361077725801289,86.86868686868686,,
157,0.3395263562126765,86.43578643578644,,
158,0.3161231564925002,85.71428571428571,,
159,0.3127200098393799,85.71428571428571,,
160,0.3315594680553563,86.002886002886,,
161,0.29888777970235586,88.02308802308802,,
162,0.34188243226399495,86.2914862914863,,
163,0.31286170141177433,87.44588744588745,,
164,0.32886303666694167,86.14718614718615,,
165,0.33617820057475034,84.84848484848484,,
166,0.3286015394790176,85.85858585858585,,
167,0.32774154211879636,87.01298701298701,,
168,0.3367150236044783,84.41558441558442,,
169,0.34176155112006446,85.85858585858585,,
170,0.3289702091511194,86.2914862914863,,
171,0.32425231023182255,86.86868686868686,,
172,0.3281465416927358,85.85858585858585,,
173,0.3382875274727054,84.12698412698413,,
174,0.2967015703519185,87.5901875901876,,
175,0.3036710854732629,86.2914862914863,0.4662267356723934,79.22077922077922
176,0.31649742192692226,87.01298701298701,,
177,0.32769538761045336,84.99278499278499,,
178,0.3339024279024694,85.13708513708514,,
179,0.3261878542053751,84.7041847041847,,
180,0.31619440300812107,86.14718614718615,,
181,0.3064381650946013,86.43578643578644,,
182,0.31177370093257567,87.5901875901876,,
183,0.30259531869688766,87.44588744588745,,
184,0.28518474523467247,87.3015873015873,,
185,0.3264163527180794,85.71428571428571,,
186,0.319999910020209,87.01298701298701,,
187,0.3206985158278657,86.2914862914863,,
188,0.2949072851935162,87.5901875901876,,
189,0.3243285447230071,86.43578643578644,,
190,0.3129930245927918,86.58008658008659,,
191,0.32022531287580686,86.2914862914863,,
192,0.30655485098109103,87.15728715728716,,
193,0.31613025968036956,87.73448773448773,,
194,0.2990928026934895,88.45598845598846,,
195,0.29155358543127646,87.87878787878788,,
196,0.3211021146819017,87.5901875901876,,
197,0.3206569231175757,87.01298701298701,,
198,0.30941995819237667,86.43578643578644,,
199,0.3095998934767119,87.15728715728716,,
200,0.32122499081823563,85.71428571428571,0.5263713528583576,80.51948051948052
201,0.33973514939111377,84.84848484848484,,
202,0.29403675565815934,88.60028860028861,,
203,0.30391286100660053,86.72438672438672,,
204,0.29606671384058647,88.02308802308802,,
205,0.3041597491003906,87.5901875901876,,
206,0.3100198068660059,85.71428571428571,,
207,0.30411138919331293,85.85858585858585,,
208,0.3009841674549067,87.15728715728716,,
209,0.2834152878620924,89.46608946608947,,
210,0.3037968035491686,87.3015873015873,,
211,0.30921509773786277,87.87878787878788,,
212,0.3191209225599556,87.44588744588745,,
213,0.2961043972215611,86.86868686868686,,
214,0.30107565957402427,88.60028860028861,,
215,0.2892899520555444,88.16738816738817,,
216,0.3059682913156815,86.58008658008659,,
217,0.29240363969603317,88.74458874458874,,
218,0.2757263790015104,89.17748917748918,,
219,0.3056992780078541,87.3015873015873,,
220,0.2882357785669068,87.01298701298701,,
221,0.3106262248014819,87.01298701298701,,
222,0.294813011244778,88.45598845598846,,
223,0.2804796253512432,87.3015873015873,,
224,0.30438798429473995,86.86868686868686,,
225,0.2865339495230891,87.87878787878788,0.5238249580581467,81.81818181818181
226,0.2826545815968625,88.31168831168831,,
227,0.3017587408444926,87.5901875901876,,
228,0.27990041004458893,89.17748917748918,,
229,0.2921021646923489,86.2914862914863,,
230,0.2912586757867539,87.01298701298701,,
231,0.30077120485415876,86.72438672438672,,
232,0.29691520922455783,87.5901875901876,,
233,0.2964616786220889,88.45598845598846,,
234,0.2926628818415632,86.14718614718615,,
235,0.2858129292726517,87.3015873015873,,
236,0.29957648343037047,86.14718614718615,,
237,0.2780319947700996,88.16738816738817,,
238,0.3173246953480515,84.7041847041847,,
239,0.3050548309113556,86.58008658008659,,
240,0.2965548120621823,87.15728715728716,,
241,0.3009458343359987,86.58008658008659,,
242,0.29013010405788864,87.15728715728716,,
243,0.303203728807953,87.01298701298701,,
244,0.2832239212798866,86.43578643578644,,
245,0.2844120358126332,88.60028860028861,,
246,0.28005903847461827,88.60028860028861,,
247,0.2878013492748679,87.5901875901876,,
248,0.29079424036185636,88.02308802308802,,
249,0.2755941344804062,88.31168831168831,,
250,0.2663703467938807,88.74458874458874,0.5319292870434847,80.51948051948052
251,0.2885076480596441,86.43578643578644,,
252,0.3116074495157294,85.42568542568543,,
253,0.280372301663553,88.74458874458874,,
254,0.29516486948272713,87.3015873015873,,
255,0.2905478123118523,88.31168831168831,,
256,0.2924445889900945,87.87878787878788,,
257,0.27575841537457696,87.73448773448773,,
258,0.28133955848380426,87.5901875901876,,
259,0.2736749410048708,89.03318903318903,,
260,0.2835028577504564,87.73448773448773,,
261,0.28767998776738607,88.02308802308802,,
262,0.2908084166772438,87.15728715728716,,
263,0.26057082277011734,89.32178932178932,,
264,0.2577052191222385,89.03318903318903,,
265,0.27499327530162504,89.46608946608947,,
266,0.2797398253694757,88.74458874458874,,
267,0.2869605594039135,87.87878787878788,,
268,0.2727882776511524,88.45598845598846,,
269,0.2746318615704216,88.60028860028861,,
270,0.2802191676429512,87.87878787878788,,
271,0.2686996268589603,87.87878787878788,,
272,0.27713354416245334,86.86868686868686,,
273,0.2850342559780049,88.74458874458874,,
274,0.2682712261724954,88.02308802308802,,
275,0.25349205403358904,89.17748917748918,0.5316172071865627,81.81818181818181
276,0.28320755473033005,87.73448773448773,,
277,0.27692390617096063,87.5901875901876,,
278,0.2716121054314948,89.03318903318903,,
279,0.286870521642429,87.01298701298701,,
280,0.2834232095333319,88.02308802308802,,
281,0.2630025554356981,89.75468975468975,,
282,0.2717885868072854,88.60028860028861,,
283,0.26232573190034725,89.32178932178932,,
284,0.27330821827806606,89.46608946608947,,
285,0.2715924096550432,89.17748917748918,,
286,0.26023072997728985,88.45598845598846,,
287,0.2958760783183798,87.5901875901876,,
288,0.2625385968157051,88.60028860028861,,
289,0.2813437511824598,88.02308802308802,,
290,0.2724963668276909,88.02308802308802,,
291,0.2569898042671952,88.88888888888889,,
292,0.2791270659255431,90.04329004329004,,
293,0.2697360874899538,89.32178932178932,,
294,0.27496490497437737,87.73448773448773,,
295,0.2614455838697125,89.32178932178932,,
296,0.27452707428264755,88.74458874458874,,
297,0.27129532713953725,88.88888888888889,,
298,0.27203768199312395,87.87878787878788,,
299,0.26112160412393093,90.47619047619048,,
300,0.2533775828993768,89.6103896103896,0.5612083394806107,75.32467532467533
301,0.27416026228864127,88.31168831168831,,
302,0.26914846818641497,89.32178932178932,,
303,0.2514651781552798,88.88888888888889,,
304,0.249353851225297,89.8989898989899,,
305,0.25893566257509837,89.8989898989899,,
306,0.2578876999463526,90.33189033189034,,
307,0.2755276569599369,87.73448773448773,,
308,0.2663905592944371,88.74458874458874,,
309,0.2652786759845106,87.73448773448773,,
310,0.2764751267811609,88.60028860028861,,
311,0.2727718735584105,87.73448773448773,,
312,0.26760502185398366,87.5901875901876,,
313,0.2753767197438305,88.88888888888889,,
314,0.25941854775554,89.32178932178932,,
315,0.27010327452877037,88.74458874458874,,
316,0.2617115146153933,89.6103896103896,,
317,0.2546798259148866,88.74458874458874,,
318,0.25872502960856,88.31168831168831,,
319,0.25989762284022905,89.32178932178932,,
320,0.26366281862038726,89.75468975468975,,
321,0.27252063677682503,88.74458874458874,,
322,0.25580257925636324,90.33189033189034,,
323,0.2512064350158793,89.8989898989899,,
324,0.2538511444092829,89.6103896103896,,
325,0.25244252247706295,89.46608946608947,0.5702120220506346,80.51948051948052
326,0.25321453485051965,89.46608946608947,,
327,0.2487009795971247,89.8989898989899,,
328,0.250444858556702,90.18759018759019,,
329,0.25468479524787196,90.47619047619048,,
330,0.25261305569312276,89.6103896103896,,
331,0.2617792627340099,89.6103896103896,,
332,0.2668597852598881,89.6103896103896,,
333,0.2423643135770747,90.62049062049061,,
334,0.23954386155498664,90.18759018759019,,
335,0.25339856425577084,89.75468975468975,,
336,0.2681495756082893,89.46608946608947,,
337,0.2568568030391077,89.32178932178932,,
338,0.24839073646421211,88.88888888888889,,
339,0.24735363126661183,89.8989898989899,,
340,0.2544082417643345,89.75468975468975,,
341,0.24551217169816703,89.03318903318903,,
342,0.23675307678797888,91.1976911976912,,
343,0.24780050715670784,89.03318903318903,,
344,0.2702876977074198,88.88888888888889,,
345,0.25690912331681576,89.32178932178932,,
346,0.24120414295753875,89.46608946608947,,
347,0.2641010425909601,90.76479076479076,,
348,0.2416281383403968,90.18759018759019,,
349,0.23756456723460903,90.33189033189034,,
350,0.24456468115938346,90.33189033189034,0.5645985607202951,83.11688311688312
351,0.24206358341642617,90.62049062049061,,
352,0.2324515674128849,90.47619047619048,,
353,0.240167110943347,89.75468975468975,,
354,0.2519148854998412,89.03318903318903,,
355,0.24332734728487368,90.62049062049061,,
356,0.23810436065922913,90.76479076479076,,
357,0.25321398355056024,89.6103896103896,,
358,0.24248562905867552,90.33189033189034,,
359,0.2578525613203193,89.8989898989899,,
360,0.26850056854677407,90.18759018759019,,
361,0.24738917782537176,90.04329004329004,,
362,0.26381491937420587,88.02308802308802,,
363,0.25097251278153404,89.32178932178932,,
364,0.23489820118590352,91.1976911976912,,
365,0.240799311822627,89.6103896103896,,
366,0.24460854552266917,91.05339105339105,,
367,0.2390040470580174,91.1976911976912,,
368,0.24717002801736884,89.32178932178932,,
369,0.23103948008446468,90.18759018759019,,
370,0.2402332205793042,90.9090909090909,,
371,0.24979693369474934,91.1976911976912,,
372,0.2438100077115096,88.60028860028861,,
373,0.2216021760889634,90.9090909090909,,
374,0.23273459541333186,88.45598845598846,,
375,0.24441718652543395,89.8989898989899,0.5551458380439065,81.81818181818181
376,0.25633038722333457,88.88888888888889,,
377,0.2578567372256027,88.88888888888889,,
378,0.24723288292148585,91.05339105339105,,
379,0.25380580682001075,88.74458874458874,,
380,0.24332658363799167,88.74458874458874,,
381,0.25872689240422597,89.8989898989899,,
382,0.25025251374981794,89.32178932178932,,
383,0.2590961875165524,89.46608946608947,,
384,0.2561696305075421,89.46608946608947,,
385,0.22787128532947745,91.05339105339105,,
386,0.25507708141125984,89.6103896103896,,
387,0.22354471416872473,90.9090909090909,,
388,0.24493187918592496,90.47619047619048,,
389,0.23862590146765736,89.6103896103896,,
390,0.24772384947684592,90.04329004329004,,
391,0.27048287260067927,88.16738816738817,,
392,0.2453871209706579,89.46608946608947,,
393,0.24076812486412894,89.17748917748918,,
394,0.21879628643495652,91.63059163059162,,
395,0.25444108174111246,89.03318903318903,,
396,0.2233056321116581,90.62049062049061,,
397,0.24111947657548505,90.47619047619048,,
398,0.23116614988871984,90.47619047619048,,
399,0.2100288113001277,91.63059163059162,,
400,0.2497553156438844,89.32178932178932,0.5833081924296045,79.22077922077922
401,0.23959766713227718,88.60028860028861,,
402,0.23656286684121577,91.48629148629149,,
403,0.2370907070832851,90.47619047619048,,
404,0.25241390313593,89.17748917748918,,
405,0.22748172687417673,91.34199134199135,,
406,0.23707810349622674,90.76479076479076,,
407,0.24048056626560713,91.1976911976912,,
408,0.24114002663679798,89.6103896103896,,
409,0.24852501387031908,89.6103896103896,,
410,0.2358812837502657,90.18759018759019,,
411,0.22752916812896729,91.91919191919192,,
412,0.22764845846105275,90.76479076479076,,
413,0.2301777233551075,90.04329004329004,,
414,0.21100690883475465,91.48629148629149,,
415,0.21997651917937858,91.1976911976912,,
416,0.22219038056948828,90.47619047619048,,
417,0.24511506701960709,89.17748917748918,,
418,0.24334722267084824,89.6103896103896,,
419,0.23565042158655963,91.63059163059162,,
420,0.24456576932044255,91.1976911976912,,
421,0.2684171937330805,89.8989898989899,,
422,0.2215130804120032,90.62049062049061,,
423,0.22884806913214845,89.8989898989899,,
424,0.226771525404326,90.76479076479076,,
425,0.21452798424517094,91.48629148629149,0.6264433527921701,83.11688311688312
426,0.2329318556090626,90.47619047619048,,
427,0.225122874970904,90.33189033189034,,
428,0.2354203292946795,90.04329004329004,,
429,0.24922242762808505,89.46608946608947,,
430,0.22190801870255245,91.34199134199135,,
431,0.23532649496245006,89.6103896103896,,
432,0.23523752737526943,90.04329004329004,,
433,0.23063445921777648,90.62049062049061,,
434,0.22548682572693707,90.18759018759019,,
435,0.22580800151713137,90.04329004329004,,
436,0.24385524683055423,90.47619047619048,,
437,0.25256114174621275,89.6103896103896,,
438,0.2273369600504508,91.05339105339105,,
439,0.22769210090884914,88.31168831168831,,
440,0.2409923147748817,90.04329004329004,,
441,0.2271295032029888,90.04329004329004,,
442,0.21278968913558585,92.06349206349206,,
443,0.2390220913536105,92.20779220779221,,
444,0.2346804994998384,90.76479076479076,,
445,0.20581995376518794,90.33189033189034,,
446,0.22848447198303576,90.47619047619048,,
447,0.23847570860540712,90.47619047619048,,
448,0.21591009855442406,90.9090909090909,,
449,0.24256233711865385,90.18759018759019,,
450,0.22683720840047103,89.6103896103896,0.5408912715199706,81.81818181818181
451,0.21511316467157174,91.05339105339105,,
452,0.20851674043770993,91.34199134199135,,
453,0.23546042216976656,89.6103896103896,,
454,0.2264914647669331,90.76479076479076,,
455,0.23993363236796117,89.46608946608947,,
456,0.21302460383457195,90.18759018759019,,
457,0.20173165918170632,91.1976911976912,,
458,0.23574219236061686,89.03318903318903,,
459,0.21901055499588773,90.33189033189034,,
460,0.20200895050387363,91.1976911976912,,
461,0.21586527130304478,90.47619047619048,,
462,0.20781639790294146,90.47619047619048,,
463,0.22329722628706977,90.33189033189034,,
464,0.21337283870358487,91.91919191919192,,
465,0.20676279743168433,91.63059163059162,,
466,0.23153124639998265,90.18759018759019,,
467,0.20988238814675275,90.9090909090909,,
468,0.2078847222212933,92.4963924963925,,
469,0.23995642357574395,89.6103896103896,,
470,0.23089575234257642,91.63059163059162,,
471,0.22473429455213562,90.9090909090909,,
472,0.21122224072013238,91.77489177489177,,
473,0.2279131082659332,91.48629148629149,,
474,0.2473931774029355,90.62049062049061,,
475,0.22029878108790427,91.1976911976912,0.5663667042534073,81.81818181818181
476,0.21614525750720226,90.62049062049061,,
477,0.2118600244213213,90.9090909090909,,
478,0.2390080275817695,89.75468975468975,,
479,0.21134511216894372,91.77489177489177,,
480,0.18767027176841342,93.21789321789322,,
481,0.21629939728227013,91.05339105339105,,
482,0.21260058727185274,91.91919191919192,,
483,0.24889838071419046,89.03318903318903,,
484,0.2293204441559091,90.62049062049061,,
485,0.21640105802474427,90.76479076479076,,
486,0.22397801596106906,90.9090909090909,,
487,0.2105243808198801,91.48629148629149,,
488,0.20629114622699063,91.63059163059162,,
489,0.23044320867863224,90.47619047619048,,
490,0.21927019626891286,90.76479076479076,,
491,0.1956876904030383,91.05339105339105,,
492,0.2170283484768558,90.76479076479076,,
493,0.21211500760990304,90.18759018759019,,
494,0.20511419509912465,91.48629148629149,,
495,0.2094138183377006,91.05339105339105,,
496,0.23924859975495552,89.6103896103896,,
497,0.20373484386940194,92.64069264069263,,
498,0.22892728940319018,89.8989898989899,,
499,0.20794929329623046,91.1976911976912,,
500,0.2133336603039443,90.18759018759019,0.6481384069888623,80.51948051948052
501,0.20025834006836576,92.06349206349206,,
502,0.20885856729000807,90.62049062049061,,
503,0.23271620204782417,90.04329004329004,,
504,0.21265050481795233,90.76479076479076,,
505,0.1898716641495926,92.92929292929293,,
506,0.22726689960705426,89.8989898989899,,
507,0.2002186748574785,92.35209235209236,,
508,0.2065863131100653,91.63059163059162,,
509,0.21649525053852908,91.91919191919192,,
510,0.1965457718509611,92.64069264069263,,
511,0.20475507986665975,91.91919191919192,,
512,0.23000006923857877,89.75468975468975,,
513,0.2196352409163939,90.9090909090909,,
514,0.22189061212505268,90.76479076479076,,
515,0.2127246561246517,89.8989898989899,,
516,0.20338545180588402,91.63059163059162,,
517,0.1881619853869317,91.77489177489177,,
518,0.22170373598519513,90.47619047619048,,
519,0.21170069369746838,90.9090909090909,,
520,0.20576769199550238,91.63059163059162,,
521,0.20192489274179437,91.63059163059162,,
522,0.21815750703839168,91.91919191919192,,
523,0.20611256404012485,91.34199134199135,,
524,0.2043583933667187,91.48629148629149,,
525,0.21006479998580133,91.63059163059162,0.639442655173215,81.81818181818181
526,0.20523021334693545,90.62049062049061,,
527,0.2012049233242547,92.64069264069263,,
528,0.22119064691434864,91.1976911976912,,
529,0.22804807438306823,89.6103896103896,,
530,0.23245905545065756,90.47619047619048,,
531,0.20163522605901157,91.77489177489177,,
532,0.2187370341943112,91.77489177489177,,
533,0.19602789421274205,92.20779220779221,,
534,0.19478749037649037,92.06349206349206,,
535,0.2094990395729848,92.20779220779221,,
536,0.20540631592574746,91.77489177489177,,
537,0.20019553801714085,91.34199134199135,,
538,0.19689904090990062,91.63059163059162,,
539,0.22061582774052887,91.34199134199135,,
540,0.2188573991839504,90.76479076479076,,
541,0.20913705685610035,90.62049062049061,,
542,0.20341637542990035,92.20779220779221,,
543,0.2174556048917564,90.9090909090909,,
544,0.19836593636487643,91.91919191919192,,
545,0.2171519876042486,90.76479076479076,,
546,0.1989696046060642,92.06349206349206,,
547,0.20064861599415068,92.06349206349206,,
548,0.1979303387454664,91.05339105339105,,
549,0.1956436037157177,91.48629148629149,,
550,0.18662207811253756,92.35209235209236,0.6681824078807583,80.51948051948052
551,0.22087735828135865,91.05339105339105,,
552,0.20974013811410075,90.47619047619048,,
553,0.21559729699104552,91.63059163059162,,
554,0.2023690448264883,92.4963924963925,,
555,0.1966228602187974,91.48629148629149,,
556,0.19558415865098244,92.4963924963925,,
557,0.19157856582391142,92.78499278499278,,
558,0.1949949206039847,93.36219336219337,,
559,0.18797892788465406,92.06349206349206,,
560,0.1946691974868506,91.34199134199135,,
561,0.19397481771194058,91.77489177489177,,
562,0.23162125082200052,90.18759018759019,,
563,0.2273411794658347,90.18759018759019,,
564,0.20802328020635277,91.91919191919192,,
565,0.20018282902533185,92.35209235209236,,
566,0.19868253384317672,91.05339105339105,,
567,0.1938637610374376,92.06349206349206,,
568,0.21396311257480716,91.1976911976912,,
569,0.20780498557018512,91.34199134199135,,
570,0.20262862073222623,91.91919191919192,,
571,0.18600300861815525,92.06349206349206,,
572,0.19998008597636807,91.34199134199135,,
573,0.2097120995903428,90.33189033189034,,
574,0.1847811352036904,92.35209235209236,,
575,0.21619432227092045,91.34199134199135,0.681573430632616,83.11688311688312
576,0.20812231674252823,90.9090909090909,,
577,0.20493084074550377,92.06349206349206,,
578,0.18151050169574579,92.35209235209236,,
579,0.189075923940062,91.48629148629149,,
580,0.19690267593313604,93.07359307359307,,
581,0.18523963965464807,92.35209235209236,,
582,0.1639110195258307,93.79509379509379,,
583,0.20738076897066565,92.06349206349206,,
584,0.18984601817605815,92.64069264069263,,
585,0.2119699286842587,91.48629148629149,,
586,0.18901386693614558,93.07359307359307,,
587,0.1843541393548379,93.50649350649351,,
588,0.188601684045654,93.07359307359307,,
589,0.20095636129035235,91.48629148629149,,
590,0.1889475572848905,91.91919191919192,,
591,0.1746144633294012,94.51659451659452,,
592,0.18531958483600341,92.78499278499278,,
593,0.2055830280115078,92.35209235209236,,
594,0.18097698112242838,92.06349206349206,,
595,0.17175968711682385,92.35209235209236,,
596,0.1852948563912558,92.64069264069263,,
597,0.20164369815398778,91.91919191919192,,
598,0.18186415719005453,92.78499278499278,,
599,0.17732768709009344,93.21789321789322,,
600,0.20531245421021532,91.34199134199135,0.6478260008545665,80.51948051948052
601,0.20127133871892314,93.07359307359307,,
602,0.20008268272893942,92.78499278499278,,
603,0.1817929367138366,92.20779220779221,,
604,0.1994802833334536,91.63059163059162,,
605,0.19856031441155278,93.07359307359307,,
606,0.18743872967203287,92.92929292929293,,
607,0.19031996225123798,91.63059163059162,,
608,0.1877919869957032,92.4963924963925,,
609,0.18940387703854628,93.07359307359307,,
610,0.21910276652608082,90.18759018759019,,
611,0.17002181517441378,93.93939393939394,,
612,0.19849931978732133,91.1976911976912,,
613,0.19140376638712478,91.63059163059162,,
614,0.1862207329032397,92.4963924963925,,
615,0.18390805805357333,93.65079365079364,,
616,0.19783387036421599,93.21789321789322,,
617,0.1952661464547182,93.50649350649351,,
618,0.17924693496669353,94.22799422799423,,
619,0.18871144552595515,92.06349206349206,,
620,0.19421361122296485,91.05339105339105,,
621,0.19231469966847486,91.91919191919192,,
622,0.1898034018011492,92.20779220779221,,
623,0.17638616696064607,93.21789321789322,,
624,0.18544793875100465,92.06349206349206,,
625,0.18954838954267048,90.62049062049061,0.6701089246319486,81.81818181818181
626,0.18484064652806237,92.06349206349206,,
627,0.18080360080084587,92.64069264069263,,
628,0.17776622357650582,91.91919191919192,,
629,0.1960724087762626,92.06349206349206,,
630,0.17583855900585565,93.79509379509379,,
631,0.18515625492834942,92.4963924963925,,
632,0.2125912970751739,91.34199134199135,,
633,0.17518474559419256,92.35209235209236,,
634,0.18502715209560822,92.06349206349206,,
635,0.2015504004678341,90.62049062049061,,
636,0.2115160706755403,91.1976911976912,,
637,0.20174481254205387,91.91919191919192,,
638,0.1971416331257827,92.4963924963925,,
639,0.17106601636733157,93.65079365079364,,
640,0.19276821504724662,92.20779220779221,,
641,0.1908947104671473,93.50649350649351,,
642,0.20577051999076965,91.63059163059162,,
643,0.17118360794553852,94.51659451659452,,
644,0.1682898559396573,92.78499278499278,,
645,0.18691539477347296,91.34199134199135,,
646,0.1952013780200292,92.4963924963925,,
647,0.18805155179545305,92.20779220779221,,
648,0.1691926212344335,93.93939393939394,,
649,0.18591145719542648,92.06349206349206,,
650,0.17545058286895313,93.36219336219337,0.6930760319356795,79.22077922077922
651,0.1788488868220802,92.92929292929293,,
652,0.20293300296751107,92.35209235209236,,
653,0.17081391482384173,92.4963924963925,,
654,0.17874410933402365,92.78499278499278,,
655,0.17350543788157155,94.08369408369408,,
656,0.1826432965599097,92.78499278499278,,
657,0.16229924177925653,93.93939393939394,,
658,0.17623321413133738,92.64069264069263,,
659,0.16564563144681085,93.21789321789322,,
660,0.16690764957864218,93.65079365079364,,
661,0.18702343706724275,93.07359307359307,,
662,0.1969803026830307,91.1976911976912,,
663,0.16547251753992848,93.79509379509379,,
664,0.17540408455340722,93.65079365079364,,
665,0.15877295219343462,93.65079365079364,,
666,0.1913123225113229,91.77489177489177,,
667,0.16817482452285926,93.21789321789322,,
668,0.17986101608771782,92.78499278499278,,
669,0.19779873831791622,91.48629148629149,,
670,0.1757292937820651,93.65079365079364,,
671,0.1710520869209653,93.65079365079364,,
672,0.16638850196013374,92.64069264069263,,
673,0.18762516710923346,91.63059163059162,,
674,0.1772561064110948,92.78499278499278,,
675,0.182969168430627,92.35209235209236,0.7246671644124117,80.51948051948052
676,0.1910126701448903,92.4963924963925,,
677,0.185560124470687,91.63059163059162,,
678,0.18605641347677332,93.07359307359307,,
679,0.17787650432894583,92.92929292929293,,
680,0.18629194501502516,91.48629148629149,,
681,0.19017948870363002,92.78499278499278,,
682,0.16644383629335124,92.92929292929293,,
683,0.1810191205526671,93.36219336219337,,
684,0.17490880984764595,92.78499278499278,,
685,0.1909311848543423,92.06349206349206,,
686,0.174129127875551,93.21789321789322,,
687,0.16268664147989748,93.93939393939394,,
688,0.18614140263668558,92.92929292929293,,
689,0.17544711182299802,93.65079365079364,,
690,0.17631292308735813,93.36219336219337,,
691,0.17971150776503061,93.21789321789322,,
692,0.16547401533240363,93.65079365079364,,
693,0.16228300990996422,92.78499278499278,,
694,0.18499399529713573,92.92929292929293,,
695,0.17327920823730258,92.64069264069263,,
696,0.19309842220976584,92.20779220779221,,
697,0.16930331631387552,93.65079365079364,,
698,0.17061943261955378,92.78499278499278,,
699,0.1853499621459287,93.21789321789322,,
700,0.1843069533455961,92.78499278499278,0.7583103305720663,80.51948051948052
701,0.19636776428374034,92.06349206349206,,
702,0.17809202389799672,92.92929292929293,,
703,0.18022450008046575,91.77489177489177,,
704,0.16120544472685108,94.22799422799423,,
705,0.17671065034632388,92.64069264069263,,
706,0.1858106880390971,92.4963924963925,,
707,0.17896872892314608,93.07359307359307,,
708,0.18269995560205687,92.92929292929293,,
709,0.18106585286804952,92.64069264069263,,
710,0.17161505485509898,92.92929292929293,,
711,0.1806637378568085,92.64069264069263,,
712,0.17042887317282812,93.50649350649351,,
713,0.1738934860945092,93.07359307359307,,
714,0.17857431954150538,92.06349206349206,,
715,0.17251299756537442,93.21789321789322,,
716,0.1684809715781377,93.50649350649351,,
717,0.19105757255789865,91.77489177489177,,
718,0.16079837466559196,94.22799422799423,,
719,0.17269098950068845,92.92929292929293,,
720,0.1911537204512958,91.91919191919192,,
721,0.16933671027034908,94.22799422799423,,
722,0.16798226677236103,94.37229437229438,,
723,0.1628451944069472,92.4963924963925,,
724,0.18285382714278425,92.78499278499278,,
725,0.17849305629042148,92.35209235209236,0.7188704290560314,80.51948051948052
726,0.16349829301173552,93.50649350649351,,
727,0.16779496055230778,93.79509379509379,,
728,0.18176839318970409,92.20779220779221,,
729,0.17920035458187347,91.91919191919192,,
730,0.16050415589308842,94.08369408369408,,
731,0.14841133187569322,94.22799422799423,,
732,0.19025090775986084,91.91919191919192,,
733,0.16980199780299035,93.65079365079364,,
734,0.1805499570086749,92.4963924963925,,
735,0.14686993858944974,94.22799422799423,,
736,0.17200201332655132,93.07359307359307,,
737,0.16477153828692814,92.78499278499278,,
738,0.15969531109602247,93.79509379509379,,
739,0.17581476361462564,92.4963924963925,,
740,0.1604334708144633,93.79509379509379,,
741,0.1775725908996739,91.91919191919192,,
742,0.13475988530063354,95.0937950937951,,
743,0.1710317527974753,92.06349206349206,,
744,0.17298891655509435,92.35209235209236,,
745,0.16232020015496368,93.36219336219337,,
746,0.15826190086175698,93.50649350649351,,
747,0.14553848769069577,94.22799422799423,,
748,0.17338810050470316,92.35209235209236,,
749,0.1669729191965785,92.78499278499278,,
750,0.17093507305841255,92.64069264069263,0.7859139593390675,77.92207792207792
751,0.16371503125064474,92.20779220779221,,
752,0.15860538750155836,94.51659451659452,,
753,0.16590670371511454,92.64069264069263,,
754,0.1768390525987138,93.93939393939394,,
755,0.1693664344960305,92.78499278499278,,
756,0.15556128384897547,93.21789321789322,,
757,0.18212879837247373,92.92929292929293,,
758,0.16641790097281015,93.93939393939394,,
759,0.16870966959008235,93.93939393939394,,
760,0.16591054173643346,93.21789321789322,,
761,0.1675587184995972,93.79509379509379,,
762,0.17407684468947793,92.35209235209236,,
763,0.16685915947992563,92.92929292929293,,
764,0.16206554303007553,91.91919191919192,,
765,0.1449918659003438,94.94949494949495,,
766,0.15784513303394526,94.66089466089466,,
767,0.17451492774409133,92.64069264069263,,
768,0.1851838304893709,91.91919191919192,,
769,0.18057383766362892,92.64069264069263,,
770,0.16258992532114963,92.92929292929293,,
771,0.1662454916457249,93.50649350649351,,
772,0.1709097215817088,93.07359307359307,,
773,0.17376959759340196,92.78499278499278,,
774,0.17893605293305578,92.35209235209236,,
775,0.15106880559463692,93.93939393939394,0.7523442338426392,79.22077922077922
776,0.15169633007883854,93.36219336219337,,
777,0.1596062100595898,94.37229437229438,,
778,0.15449685296971044,93.07359307359307,,
779,0.16747482917520176,93.36219336219337,,
780,0.1547622566056286,93.50649350649351,,
781,0.15151659804591197,93.93939393939394,,
782,0.18613551279683133,91.05339105339105,,
783,0.17296776165822883,93.65079365079364,,
784,0.17095730538126538,92.35209235209236,,
785,0.17499214830212995,92.92929292929293,,
786,0.17447153939012153,92.64069264069263,,
787,0.17848005336084408,94.08369408369408,,
788,0.1667746709603252,92.78499278499278,,
789,0.1453591323797665,94.22799422799423,,
790,0.16406703212474505,93.21789321789322,,
791,0.16159307019191044,93.36219336219337,,
792,0.1688822509578468,93.50649350649351,,
793,0.16101397365643436,92.64069264069263,,
794,0.1934186295588725,92.06349206349206,,
795,0.1566453083575546,94.22799422799423,,
796,0.19577785778601223,91.48629148629149,,
797,0.1658280219608571,93.50649350649351,,
798,0.1923190715036007,92.64069264069263,,
799,0.15333475779962402,94.8051948051948,,
800,0.15383091212275826,93.79509379509379,0.7622803273526105,77.92207792207792
801,0.14127592831678032,94.51659451659452,,
802,0.16132104923360016,93.65079365079364,,
803,0.15716240277935847,93.79509379509379,,
804,0.1513746693988383,93.50649350649351,,
805,0.17011554248921282,93.21789321789322,,
806,0.17405654469566773,92.92929292929293,,
807,0.15445817584470237,93.65079365079364,,
808,0.1606885116146864,93.36219336219337,,
809,0.15359569152260755,94.22799422799423,,
810,0.13594515365783613,93.65079365079364,,
811,0.16450222462286682,92.78499278499278,,
812,0.1632850944651842,94.22799422799423,,
813,0.14148663157692265,94.66089466089466,,
814,0.14404035289738257,93.65079365079364,,
815,0.17028270509701443,92.92929292929293,,
816,0.17696373053916434,92.78499278499278,,
817,0.17339041979625971,93.36219336219337,,
818,0.15424498524328675,93.79509379509379,,
819,0.14732817033625611,93.79509379509379,,
820,0.16452126099605752,92.92929292929293,,
821,0.16583184439898568,92.4963924963925,,
822,0.17250319904665237,93.21789321789322,,
823,0.14041985384313574,94.8051948051948,,
824,0.16058821079534885,93.21789321789322,,
825,0.1629064768165737,93.21789321789322,0.7418958312505252,81.81818181818181
826,0.17512430936571152,93.93939393939394,,
827,0.15539896552696889,93.21789321789322,,
828,0.19547267376430452,92.64069264069263,,
829,0.14632202235479203,94.37229437229438,,
830,0.13965817483365106,93.50649350649351,,
831,0.14785085977585974,93.36219336219337,,
832,0.14899011296025258,94.51659451659452,,
833,0.17538998793127905,93.36219336219337,,
834,0.16871379259946886,93.65079365079364,,
835,0.15157295602224605,93.50649350649351,,
836,0.1714150993016375,93.79509379509379,,
837,0.14330835838252504,95.38239538239539,,
838,0.14623195304929093,94.37229437229438,,
839,0.14184177582505633,94.8051948051948,,
840,0.18665170499686726,91.91919191919192,,
841,0.15841398912805843,93.79509379509379,,
842,0.16375611255867312,93.50649350649351,,
843,0.1612733229027166,93.93939393939394,,
844,0.1684588376878832,93.21789321789322,,
845,0.15439691712802966,93.21789321789322,,
846,0.14688791293236944,94.22799422799423,,
847,0.1625601930213181,92.92929292929293,,
848,0.1503496891234344,94.94949494949495,,
849,0.16370236970387497,92.35209235209236,,
850,0.15179253910355064,93.50649350649351,0.77578025359612,79.22077922077922
851,0.16086569110208432,93.93939393939394,,
852,0.15341901620057066,93.79509379509379,,
853,0.15596007892235705,93.07359307359307,,
854,0.16160539001183422,94.22799422799423,,
855,0.14049454181741328,94.08369408369408,,
856,0.16754204490656116,93.65079365079364,,
857,0.1385007437431451,95.23809523809524,,
858,0.1407699922011012,94.8051948051948,,
859,0.13933006662762526,93.50649350649351,,
860,0.1493025134824227,93.36219336219337,,
861,0.1531004954403613,93.93939393939394,,
862,0.16852913785075385,93.79509379509379,,
863,0.15146947088738713,95.0937950937951,,
864,0.1308393780179698,94.66089466089466,,
865,0.13030722846974543,96.1038961038961,,
866,0.14939641137842577,91.91919191919192,,
867,0.15333156448938115,93.93939393939394,,
868,0.1468066630977734,94.08369408369408,,
869,0.13860137442269324,94.37229437229438,,
870,0.15757769020475867,93.21789321789322,,
871,0.14202736432074126,94.37229437229438,,
872,0.13978436363465857,94.66089466089466,,
873,0.1497198994584586,93.21789321789322,,
874,0.15394796360106694,94.66089466089466,,
875,0.1626783386813571,93.79509379509379,0.7803691242422376,80.51948051948052
876,0.14433811207182307,94.08369408369408,,
877,0.14792448955266851,94.51659451659452,,
878,0.1450566015546284,94.22799422799423,,
879,0.17653669780294962,92.20779220779221,,
880,0.1418439020008967,94.8051948051948,,
881,0.1457920101770935,94.94949494949495,,
882,0.16497160355637083,93.50649350649351,,
883,0.14522797166279813,94.08369408369408,,
884,0.15467594308082502,93.36219336219337,,
885,0.16302567939737658,93.93939393939394,,
886,0.13850618655891472,95.52669552669553,,
887,0.14055157124641396,94.66089466089466,,
888,0.1827372945603225,93.07359307359307,,
889,0.14434097988415417,94.66089466089466,,
890,0.16445977852544055,92.92929292929293,,
891,0.14709151663090417,94.51659451659452,,
892,0.13041992620450765,94.22799422799423,,
893,0.18037636829661086,93.50649350649351,,
894,0.14687047726750202,94.08369408369408,,
895,0.17134965833647425,91.63059163059162,,
896,0.14028567425680882,94.66089466089466,,
897,0.15699729676564017,94.51659451659452,,
898,0.16345007569242864,94.08369408369408,,
899,0.14116663989190328,94.8051948051948,,
900,0.136990070257008,95.0937950937951,0.8506300178441134,76.62337662337663
901,0.16407487668838852,93.50649350649351,,
902,0.1590970167607972,92.92929292929293,,
903,0.14784892693613516,93.50649350649351,,
904,0.14829799140471572,94.66089466089466,,
905,0.14230857287855445,95.0937950937951,,
906,0.14216125961312484,94.8051948051948,,
907,0.1370553331070648,94.37229437229438,,
908,0.16171684973465997,93.93939393939394,,
909,0.16131541563243662,94.37229437229438,,
910,0.14870291544073416,94.37229437229438,,
911,0.14961922690097623,93.36219336219337,,
912,0.13573458386534049,95.52669552669553,,
913,0.16692647222338128,93.65079365079364,,
914,0.14057053584729093,92.92929292929293,,
915,0.14183453346829739,93.65079365079364,,
916,0.15265029004652692,93.21789321789322,,
917,0.1540813489426008,93.65079365079364,,
918,0.1562995763890671,93.50649350649351,,
919,0.1406565002806775,94.66089466089466,,
920,0.15013469825263578,94.66089466089466,,
921,0.1607297333804044,93.93939393939394,,
922,0.1544451547563506,93.36219336219337,,
923,0.13758958957842074,94.08369408369408,,
924,0.13156167241646594,95.0937950937951,,
925,0.14989489785155005,93.21789321789322,0.7859284897129257,80.51948051948052
926,0.14764616633046412,93.65079365079364,,
927,0.17620116902292204,92.78499278499278,,
928,0.13785995368833664,94.22799422799423,,
929,0.15068346065231217,94.08369408369408,,
930,0.12351088419363096,95.23809523809524,,
931,0.1615639664770291,93.79509379509379,,
932,0.1409068556360008,94.94949494949495,,
933,0.14932720087371865,94.37229437229438,,
934,0.14131085998224147,94.8051948051948,,
935,0.1426616638769835,94.22799422799423,,
936,0.16463666211163241,94.08369408369408,,
937,0.14089956863488987,94.66089466089466,,
938,0.13660317130150304,94.94949494949495,,
939,0.13760262303065085,95.67099567099567,,
940,0.12683458692927727,95.38239538239539,,
941,0.1471310489707523,94.66089466089466,,
942,0.1412393826921437,95.81529581529581,,
943,0.13376485580016698,95.0937950937951,,
944,0.12838973984401808,95.38239538239539,,
945,0.15022188272397066,94.08369408369408,,
946,0.15349804228883973,94.37229437229438,,
947,0.15681388666705479,93.50649350649351,,
948,0.1154739944234727,95.52669552669553,,
949,0.13984525491836955,94.94949494949495,,
950,0.13534627267808624,95.0937950937951,0.7636060871474155,79.22077922077922
951,0.1655574676622388,92.06349206349206,,
952,0.12196207054034629,95.81529581529581,,
953,0.15371120755505596,93.50649350649351,,
954,0.14760386649234297,94.08369408369408,,
955,0.13904538238891448,94.66089466089466,,
956,0.13222930871735059,94.51659451659452,,
957,0.1324892199637226,94.37229437229438,,
958,0.13707554311334313,94.37229437229438,,
959,0.14579247304844478,94.94949494949495,,
960,0.13063699738115803,94.66089466089466,,
961,0.1454316641689207,94.37229437229438,,
962,0.1334058020000506,94.51659451659452,,
963,0.13934047219127116,93.65079365079364,,
964,0.1294948049265929,95.38239538239539,,
965,0.13790946519963207,94.37229437229438,,
966,0.1424913415833125,93.79509379509379,,
967,0.14368981104693543,93.50649350649351,,
968,0.13568478409862106,94.66089466089466,,
969,0.12575704756113573,96.24819624819625,,
970,0.1130021388439561,95.95959595959596,,
971,0.15537669659090936,93.65079365079364,,
972,0.14631517930829852,93.93939393939394,,
973,0.13171906616608645,94.94949494949495,,
974,0.12598335389236007,95.38239538239539,,
975,0.1355715433907027,94.94949494949495,0.8054551518969721,79.22077922077922
976,0.14779252415955668,93.79509379509379,,
977,0.14067926582534937,94.51659451659452,,
978,0.13465680992082943,93.79509379509379,,
979,0.12720352290856718,95.0937950937951,,
980,0.13505943497968098,93.93939393939394,,
981,0.1437178174944925,93.79509379509379,,
982,0.1380302088515239,94.94949494949495,,
983,0.13667305594398863,94.22799422799423,,
984,0.13824315366172601,94.08369408369408,,
985,0.1344053904817562,94.66089466089466,,
986,0.11735659082988639,96.53679653679653,,
987,0.11625442177750718,94.94949494949495,,
988,0.1377510583460933,94.22799422799423,,
989,0.12873736587265697,95.23809523809524,,
990,0.16451845828760925,94.51659451659452,,
991,0.14101337705984776,94.22799422799423,,
992,0.14857291359276997,93.79509379509379,,
993,0.13832130451978306,93.79509379509379,,
994,0.13409288968996066,94.22799422799423,,
995,0.1297138278489505,95.23809523809524,,
996,0.12580450612401206,95.52669552669553,,
997,0.1505682221513032,93.79509379509379,,
998,0.15460672824607266,93.79509379509379,,
999,0.14536718183437639,94.08369408369408,,
1000,0.13283699386972198,94.22799422799423,0.8034484452241427,79.22077922077922
