epoch,train_loss,train_acc,test_loss,test_acc
1,0.6914070975384843,54.68975468975469,0.6865568060379523,55.84415584415584
2,0.6897439482752207,54.112554112554115,,
3,0.6897075855714763,55.84415584415584,,
4,0.6866361312191895,56.42135642135642,,
5,0.6913072390301747,55.98845598845599,,
6,0.6880922580694223,55.266955266955264,,
7,0.6885921174141579,55.266955266955264,,
8,0.6851435553115856,55.699855699855696,,
9,0.6933944224451183,50.21645021645022,,
10,0.687252006317458,55.266955266955264,,
11,0.6862290292591243,56.132756132756136,,
12,0.6876049543183947,55.41125541125541,,
13,0.6906580780491685,56.42135642135642,,
14,0.6860460397312995,54.112554112554115,,
15,0.6883043848934972,55.699855699855696,,
16,0.6866430979958517,55.41125541125541,,
17,0.6856559117635092,55.98845598845599,,
18,0.6874581804179182,55.84415584415584,,
19,0.68525364835885,55.122655122655125,,
20,0.6875787833208301,55.41125541125541,,
21,0.685774501612004,55.84415584415584,,
22,0.6886532187117814,54.4011544011544,,
23,0.6831757089104316,55.122655122655125,,
24,0.6853494958960132,56.132756132756136,,
25,0.6870324169574534,55.699855699855696,0.685120047686936,55.84415584415584
26,0.6862663055567171,56.132756132756136,,
27,0.6898373952847711,55.98845598845599,,
28,0.6882066088493424,55.699855699855696,,
29,0.6868180363381235,56.277056277056275,,
30,0.6837390681881925,56.277056277056275,,
31,0.6818879254452594,55.98845598845599,,
32,0.6826593312522206,56.277056277056275,,
33,0.6828253349184474,55.122655122655125,,
34,0.6838193311319722,56.132756132756136,,
35,0.6833840849423649,55.122655122655125,,
36,0.6833864003204853,55.98845598845599,,
37,0.6852074399654999,56.277056277056275,,
38,0.6800363479238568,56.70995670995671,,
39,0.6787264919900274,56.132756132756136,,
40,0.6801301189315268,56.70995670995671,,
41,0.6803359501977676,56.132756132756136,,
42,0.6770364251659718,56.56565656565657,,
43,0.6830024345956668,56.132756132756136,,
44,0.6749781835474837,56.42135642135642,,
45,0.6800309779152037,55.55555555555556,,
46,0.6770805584919917,55.55555555555556,,
47,0.6773156700024185,56.56565656565657,,
48,0.6753401685758759,59.74025974025974,,
49,0.6752581610136046,56.70995670995671,,
50,0.6702595796075906,56.85425685425685,0.6781912964659852,54.54545454545455
51,0.6764049158467875,55.98845598845599,,
52,0.6758567315847499,56.998556998557,,
53,0.6699892396018619,57.57575757575758,,
54,0.6689655701663415,57.142857142857146,,
55,0.6693684699559452,56.85425685425685,,
56,0.6690601980875409,57.57575757575758,,
57,0.6660974667357848,58.152958152958156,,
58,0.6708510168875107,56.998556998557,,
59,0.6627137360806761,57.287157287157285,,
60,0.6658367699530906,56.42135642135642,,
61,0.6611934858999211,58.44155844155844,,
62,0.665573948389524,58.44155844155844,,
63,0.6620238954886729,57.57575757575758,,
64,0.6600909204710097,59.884559884559884,,
65,0.6556398983813639,61.61616161616162,,
66,0.6539867636445281,60.02886002886003,,
67,0.657648468258405,60.75036075036075,,
68,0.6522094940210318,60.17316017316017,,
69,0.6588929468419129,59.74025974025974,,
70,0.6479307039819583,62.04906204906205,,
71,0.6592733176239641,60.60606060606061,,
72,0.6480570660009013,60.46176046176046,,
73,0.6465645645776008,61.904761904761905,,
74,0.6492932336498992,61.32756132756133,,
75,0.6494524191640328,63.924963924963926,0.6581395152327302,55.84415584415584
76,0.6515514544422321,60.75036075036075,,
77,0.6442178773329543,61.32756132756133,,
78,0.6473175324230828,63.34776334776335,,
79,0.6427000218311602,61.61616161616162,,
80,0.6426815856758822,62.914862914862915,,
81,0.6390092745315805,63.492063492063494,,
82,0.6372342510484857,63.05916305916306,,
83,0.6372106807228463,63.78066378066378,,
84,0.6333961859237924,61.904761904761905,,
85,0.6272959876026082,62.19336219336219,,
86,0.6208961969416207,63.05916305916306,,
87,0.6329027298208955,64.93506493506493,,
88,0.6259427275320496,64.06926406926407,,
89,0.6250793557146411,65.22366522366522,,
90,0.6191372465433669,62.914862914862915,,
91,0.6169912477076311,66.37806637806638,,
92,0.6174564881930276,65.80086580086581,,
93,0.6070031577030474,69.11976911976912,,
94,0.6145993825505134,65.22366522366522,,
95,0.6148238210451036,67.38816738816739,,
96,0.6122171719696958,67.38816738816739,,
97,0.6081174079645936,68.1096681096681,,
98,0.5993651464732006,70.41847041847042,,
99,0.6105449379436554,65.80086580086581,,
100,0.5912147037910692,69.6969696969697,0.6187870053501873,66.23376623376623
101,0.5859762933347132,70.41847041847042,,
102,0.5893070987636737,69.6969696969697,,
103,0.5909394399944322,70.27417027417027,,
104,0.5812213541711392,70.41847041847042,,
105,0.5950023471707045,70.41847041847042,,
106,0.5772435034680332,73.88167388167388,,
107,0.5801109685784295,71.57287157287158,,
108,0.5638064652638346,73.88167388167388,,
109,0.5734605637377647,72.005772005772,,
110,0.5641641815503439,72.87157287157287,,
111,0.5622304397571999,72.43867243867244,,
112,0.5559812083216801,73.88167388167388,,
113,0.5473897508728556,73.01587301587301,,
114,0.5393163167897069,75.46897546897547,,
115,0.5457605409071731,73.44877344877345,,
116,0.5513785503815435,73.16017316017316,,
117,0.5438289038546673,75.46897546897547,,
118,0.5499019495508544,73.44877344877345,,
119,0.5425224672750305,74.74747474747475,,
120,0.5437007873261301,75.61327561327562,,
121,0.5276395178804494,75.75757575757575,,
122,0.529045201053179,74.89177489177489,,
123,0.5292676802063401,74.45887445887446,,
124,0.518994906936029,78.78787878787878,,
125,0.5226446271888794,77.4891774891775,0.5344775582288767,68.83116883116882
126,0.5159034447752552,75.03607503607503,,
127,0.5200275642015201,76.62337662337663,,
128,0.5191715525686311,76.04617604617604,,
129,0.5048987329608262,76.76767676767676,,
130,0.523346235655775,75.32467532467533,,
131,0.5068811689104352,77.05627705627705,,
132,0.5029241025533855,77.4891774891775,,
133,0.49208133432256196,78.21067821067821,,
134,0.5109357192230775,79.50937950937951,,
135,0.49444662922560567,77.92207792207792,,
136,0.4895934054001757,79.07647907647907,,
137,0.4975520512586376,77.34487734487735,,
138,0.5040958916814124,77.63347763347764,,
139,0.4898320074807342,79.65367965367966,,
140,0.4849225529086538,77.4891774891775,,
141,0.4893264713741484,77.2005772005772,,
142,0.48498366680668203,79.79797979797979,,
143,0.4847504495714306,78.35497835497836,,
144,0.4852867080879762,78.78787878787878,,
145,0.48276456833573816,78.93217893217893,,
146,0.4679272628105736,80.08658008658008,,
147,0.4892038479339853,80.23088023088023,,
148,0.46222454438477883,79.36507936507937,,
149,0.4591612996477069,79.94227994227994,,
150,0.4709832891929373,80.08658008658008,0.47418608448722144,76.62337662337663
151,0.4671294674556837,79.79797979797979,,
152,0.46059959714030807,78.4992784992785,,
153,0.44906711242931746,80.66378066378067,,
154,0.45220542126059704,80.8080808080808,,
155,0.4320932821535961,81.96248196248196,,
156,0.45485902417445767,79.50937950937951,,
157,0.47397900681303007,79.36507936507937,,
158,0.45386088582516404,78.93217893217893,,
159,0.4320164039881543,82.68398268398268,,
160,0.44913037213756235,80.08658008658008,,
161,0.4303778157089696,82.53968253968254,,
162,0.4525748561815094,79.79797979797979,,
163,0.4289593976985496,82.25108225108225,,
164,0.41465523748686817,83.69408369408369,,
165,0.4462978903521363,81.0966810966811,,
166,0.423205012624914,81.52958152958153,,
167,0.42881295859039603,81.67388167388168,,
168,0.416078952182767,84.27128427128427,,
169,0.41037438966839174,83.11688311688312,,
170,0.40337645138841,83.11688311688312,,
171,0.4085492328303889,81.96248196248196,,
172,0.41845814954666866,81.0966810966811,,
173,0.42404989061761555,82.82828282828282,,
174,0.39883005145996336,83.98268398268398,,
175,0.41621656941645074,83.26118326118326,0.42451012134552,79.22077922077922
176,0.40520429387581125,84.55988455988457,,
177,0.4077585226013547,81.96248196248196,,
178,0.4001911704416399,83.54978354978356,,
179,0.40458275317543685,83.83838383838383,,
180,0.4102776930445716,83.26118326118326,,
181,0.39526131607237314,85.28138528138528,,
182,0.3800196098042773,84.55988455988457,,
183,0.3825438940765882,84.7041847041847,,
184,0.3965537439693104,83.69408369408369,,
185,0.3888239487683102,84.99278499278499,,
186,0.39923106630643207,84.7041847041847,,
187,0.39268666600424146,84.55988455988457,,
188,0.3621842663353484,86.58008658008659,,
189,0.38155146693598485,84.84848484848484,,
190,0.3600767389434413,85.42568542568543,,
191,0.38624022529066726,83.83838383838383,,
192,0.3677741275592284,85.28138528138528,,
193,0.37910133621737385,82.82828282828282,,
194,0.3753974356004514,84.99278499278499,,
195,0.37527779983235643,84.41558441558442,,
196,0.36543269556494157,84.99278499278499,,
197,0.39269329373110595,83.98268398268398,,
198,0.36550422466506516,84.84848484848484,,
199,0.367124508426647,85.71428571428571,,
200,0.36898339229056676,84.55988455988457,0.4267000625659893,80.51948051948052
201,0.3659026115315645,86.2914862914863,,
202,0.35656911831397514,85.28138528138528,,
203,0.3580237193541093,86.72438672438672,,
204,0.37554225398692564,86.2914862914863,,
205,0.3377171229318451,86.58008658008659,,
206,0.3472630104633293,85.13708513708514,,
207,0.3630670392496073,83.83838383838383,,
208,0.34407896289405715,86.43578643578644,,
209,0.3487853655997465,86.72438672438672,,
210,0.337962722946039,86.58008658008659,,
211,0.3554397134639828,86.43578643578644,,
212,0.3524659334925174,84.27128427128427,,
213,0.3523370976227875,85.85858585858585,,
214,0.34885206543349945,85.28138528138528,,
215,0.33457795159641285,87.15728715728716,,
216,0.3521182815642412,86.72438672438672,,
217,0.3462974414938972,87.87878787878788,,
218,0.3406177439644911,87.01298701298701,,
219,0.32844954625868694,87.15728715728716,,
220,0.3301354077729312,85.71428571428571,,
221,0.3512643447084,85.42568542568543,,
222,0.326623170492797,86.58008658008659,,
223,0.33412795631056397,87.3015873015873,,
224,0.3645324664026456,85.42568542568543,,
225,0.32425598032546765,87.3015873015873,0.41673708968348316,85.71428571428571
226,0.3213025354719781,87.3015873015873,,
227,0.3292529478475645,87.01298701298701,,
228,0.32747743810926166,88.02308802308802,,
229,0.33532710723890713,86.86868686868686,,
230,0.3033125041883229,87.5901875901876,,
231,0.32259663277202183,87.5901875901876,,
232,0.3011686261770185,89.6103896103896,,
233,0.31700706103491405,86.58008658008659,,
234,0.3327518979364315,86.43578643578644,,
235,0.318661031440911,88.45598845598846,,
236,0.32719941194267327,88.74458874458874,,
237,0.3160879226538526,88.16738816738817,,
238,0.30940103311559336,87.44588744588745,,
239,0.33296171622014836,87.01298701298701,,
240,0.320474620462324,87.5901875901876,,
241,0.29787282415626715,88.45598845598846,,
242,0.32609991920630826,88.16738816738817,,
243,0.3048258419934805,87.73448773448773,,
244,0.3079762250658066,87.5901875901876,,
245,0.2973687481054496,89.17748917748918,,
246,0.2962322807071185,88.74458874458874,,
247,0.3104856763395224,87.73448773448773,,
248,0.2898257379063968,88.60028860028861,,
249,0.291385837684118,89.32178932178932,,
250,0.31150752078059085,88.74458874458874,0.40885206979590577,85.71428571428571
251,0.30169962428262914,88.60028860028861,,
252,0.31321084542363925,86.58008658008659,,
253,0.28290716515690045,89.03318903318903,,
254,0.2818940207254663,89.32178932178932,,
255,0.2840945647134409,88.74458874458874,,
256,0.2770971567900838,89.17748917748918,,
257,0.29533078591372885,88.31168831168831,,
258,0.29057632724272053,89.46608946608947,,
259,0.3134999317352218,88.31168831168831,,
260,0.2710857315668984,90.33189033189034,,
261,0.27753165856670337,89.75468975468975,,
262,0.2743249329997692,90.18759018759019,,
263,0.2957613783825356,88.45598845598846,,
264,0.27823101467900463,89.03318903318903,,
265,0.2901546890708963,89.8989898989899,,
266,0.3044938308336002,88.74458874458874,,
267,0.2789473479014282,88.45598845598846,,
268,0.27297346314353516,91.34199134199135,,
269,0.2885996648802558,87.73448773448773,,
270,0.27647006171950356,89.32178932178932,,
271,0.286706662711299,88.45598845598846,,
272,0.28143063561740894,88.88888888888889,,
273,0.24799613878238425,91.1976911976912,,
274,0.2949605875502073,88.31168831168831,,
275,0.28842389562085247,87.87878787878788,0.4067840148489197,83.11688311688312
276,0.29024003134317383,89.17748917748918,,
277,0.2715265608109093,89.46608946608947,,
278,0.2725996829859622,88.60028860028861,,
279,0.28898214472492706,88.60028860028861,,
280,0.268066893580328,90.62049062049061,,
281,0.2969763425177482,87.73448773448773,,
282,0.2879512780070477,90.62049062049061,,
283,0.3016757123537824,89.46608946608947,,
284,0.26177665460075306,91.63059163059162,,
285,0.2719831195314553,89.17748917748918,,
286,0.28231052987675304,88.74458874458874,,
287,0.27167053147075326,89.32178932178932,,
288,0.2551285230580174,90.62049062049061,,
289,0.28738068530139815,88.74458874458874,,
290,0.2504404861517627,91.1976911976912,,
291,0.25294498978841184,90.76479076479076,,
292,0.2658049764399233,90.47619047619048,,
293,0.262526661641412,90.04329004329004,,
294,0.2594386972218193,89.46608946608947,,
295,0.2652013087255442,90.18759018759019,,
296,0.2544221767905729,90.9090909090909,,
297,0.2511958671252621,90.76479076479076,,
298,0.255727815271112,91.05339105339105,,
299,0.23996231187817682,91.05339105339105,,
300,0.2534360094331904,90.62049062049061,0.43996933547707345,85.71428571428571
301,0.2663430010773575,89.32178932178932,,
302,0.265460034716783,89.46608946608947,,
303,0.2536652972451364,91.34199134199135,,
304,0.2374408482580646,90.9090909090909,,
305,0.26011447920255676,90.18759018759019,,
306,0.25567448048880603,89.8989898989899,,
307,0.24978999451641395,91.05339105339105,,
308,0.2685476890288046,89.17748917748918,,
309,0.2560724266851791,89.46608946608947,,
310,0.2540082110019473,90.47619047619048,,
311,0.24690725255494167,90.33189033189034,,
312,0.24033830640635964,89.46608946608947,,
313,0.27692094950534907,90.04329004329004,,
314,0.2430210995123672,91.63059163059162,,
315,0.23163328148843923,92.20779220779221,,
316,0.2521702442828883,90.62049062049061,,
317,0.24648523274782244,90.76479076479076,,
318,0.2487191299425403,90.04329004329004,,
319,0.23819514878986545,91.63059163059162,,
320,0.26246471836367385,89.8989898989899,,
321,0.27631848491459526,90.18759018759019,,
322,0.25995982131916723,90.76479076479076,,
323,0.25990768525249514,90.04329004329004,,
324,0.24740347390911108,90.76479076479076,,
325,0.23039428350041266,91.05339105339105,0.4341892929046185,87.01298701298701
326,0.24869281604004456,89.17748917748918,,
327,0.23852796816034577,91.77489177489177,,
328,0.22413201795683968,90.62049062049061,,
329,0.21772946062542142,92.20779220779221,,
330,0.24826872370287797,91.1976911976912,,
331,0.23621401212260149,91.05339105339105,,
332,0.24562835998155855,91.1976911976912,,
333,0.24348997556931012,90.76479076479076,,
334,0.24030679567551716,92.35209235209236,,
335,0.23820593935930712,92.35209235209236,,
336,0.22355559055423324,91.34199134199135,,
337,0.2240070802566809,91.91919191919192,,
338,0.21945705709906368,92.20779220779221,,
339,0.2500343249430732,91.05339105339105,,
340,0.22003418512502618,91.34199134199135,,
341,0.22736804441026107,91.63059163059162,,
342,0.2311028132018933,91.91919191919192,,
343,0.1997190100204033,93.21789321789322,,
344,0.25109168310874125,90.62049062049061,,
345,0.21917719427297297,91.91919191919192,,
346,0.2563663402902874,90.9090909090909,,
347,0.22992984729067759,92.4963924963925,,
348,0.23848642608820103,91.34199134199135,,
349,0.20286398670202038,93.07359307359307,,
350,0.22552252443665893,90.9090909090909,0.4549946194732344,87.01298701298701
351,0.2103499010699824,92.78499278499278,,
352,0.20654925401356142,93.07359307359307,,
353,0.20350855511504334,92.35209235209236,,
354,0.22534531484993678,91.34199134199135,,
355,0.22471636445442963,91.48629148629149,,
356,0.2234526981006969,91.77489177489177,,
357,0.2230056646168447,92.35209235209236,,
358,0.22973645412904703,90.76479076479076,,
359,0.21645194907037038,92.78499278499278,,
360,0.21882868660304797,92.20779220779221,,
361,0.20043860386094833,92.4963924963925,,
362,0.20798769263177036,93.07359307359307,,
363,0.23429583918308627,91.34199134199135,,
364,0.21114768449104193,93.21789321789322,,
365,0.21964963251378114,92.20779220779221,,
366,0.21641230983135504,91.63059163059162,,
367,0.2033050705021594,91.91919191919192,,
368,0.199639523420671,91.91919191919192,,
369,0.21010923910278606,91.91919191919192,,
370,0.23112417703755145,92.4963924963925,,
371,0.19259764656187997,94.51659451659452,,
372,0.22638400216166246,90.9090909090909,,
373,0.19144940475192765,93.50649350649351,,
374,0.20227216289501,93.21789321789322,,
375,0.192924629966762,92.20779220779221,0.4763177621674228,88.31168831168831
376,0.2104777294018912,91.77489177489177,,
377,0.20350420518010898,93.50649350649351,,
378,0.21628704701495205,91.77489177489177,,
379,0.21956481202404737,92.64069264069263,,
380,0.1981993873118494,94.22799422799423,,
381,0.20140665128805593,93.07359307359307,,
382,0.1884235633916153,93.07359307359307,,
383,0.20559576717117992,92.20779220779221,,
384,0.21259518648251827,91.63059163059162,,
385,0.19990838715244855,92.4963924963925,,
386,0.191911219881275,93.36219336219337,,
387,0.20225898169712156,92.35209235209236,,
388,0.20895084717228987,92.20779220779221,,
389,0.18659116136391268,94.22799422799423,,
390,0.2142813718121117,91.77489177489177,,
391,0.18781058445121301,92.4963924963925,,
392,0.1910469431381721,93.65079365079364,,
393,0.19700008827499496,93.07359307359307,,
394,0.19863677476391647,92.4963924963925,,
395,0.19335786664984786,92.92929292929293,,
396,0.21982545494323685,92.78499278499278,,
397,0.19647434804303648,92.78499278499278,,
398,0.20338049929852436,92.35209235209236,,
399,0.19851844219160286,92.20779220779221,,
400,0.18167079828174254,94.37229437229438,0.4687855321091491,88.31168831168831
401,0.20025053009939142,91.77489177489177,,
402,0.19558509688657771,92.06349206349206,,
403,0.1897726541473752,94.22799422799423,,
404,0.2017321042383216,92.78499278499278,,
405,0.19555708808988376,92.92929292929293,,
406,0.18252175876502522,94.08369408369408,,
407,0.20005709337121652,93.79509379509379,,
408,0.18630789919698565,93.65079365079364,,
409,0.17112876416800857,93.65079365079364,,
410,0.17991122951755276,92.78499278499278,,
411,0.1807592272607967,93.36219336219337,,
412,0.2036261275776193,92.4963924963925,,
413,0.17954942781859834,92.92929292929293,,
414,0.17594010297015503,94.08369408369408,,
415,0.19715825806964526,94.08369408369408,,
416,0.19872492083051332,92.20779220779221,,
417,0.19566813039272207,92.4963924963925,,
418,0.19078877270436734,93.50649350649351,,
419,0.18702992153976214,93.36219336219337,,
420,0.19542830933052052,92.06349206349206,,
421,0.19160550806945537,93.36219336219337,,
422,0.17180101351992563,94.51659451659452,,
423,0.17922161981828974,93.50649350649351,,
424,0.16789826610989728,93.50649350649351,,
425,0.1739053243091182,93.65079365079364,0.47360147400335834,84.41558441558442
426,0.1475034138996794,95.38239538239539,,
427,0.1851097040448182,92.92929292929293,,
428,0.20346359497884994,91.48629148629149,,
429,0.1814216056040355,92.64069264069263,,
430,0.19960006925278756,93.50649350649351,,
431,0.1743070383759116,93.79509379509379,,
432,0.17741154082667776,93.50649350649351,,
433,0.19041344291203982,93.50649350649351,,
434,0.1822820816600284,93.36219336219337,,
435,0.17446854954093566,93.93939393939394,,
436,0.17202165598133082,93.50649350649351,,
437,0.1754717868127864,94.37229437229438,,
438,0.18567901897051978,93.65079365079364,,
439,0.1665731023400377,93.79509379509379,,
440,0.17774629482158164,93.07359307359307,,
441,0.1511264263637482,94.51659451659452,,
442,0.15307404780370676,94.22799422799423,,
443,0.1516597280238485,95.38239538239539,,
444,0.16749517021843194,93.50649350649351,,
445,0.15169785174972567,95.52669552669553,,
446,0.18229329491418506,93.93939393939394,,
447,0.1813438930568886,92.78499278499278,,
448,0.1713812816753704,93.79509379509379,,
449,0.17418549572148537,93.93939393939394,,
450,0.18939736354316639,93.21789321789322,0.5035334291396203,87.01298701298701
451,0.19129109763221824,92.78499278499278,,
452,0.17963740719861282,94.37229437229438,,
453,0.18003162565341416,93.65079365079364,,
454,0.1627603910788141,94.37229437229438,,
455,0.1592554480998547,94.8051948051948,,
456,0.15672400056197702,94.08369408369408,,
457,0.18187994827095735,93.36219336219337,,
458,0.16407769524947904,93.93939393939394,,
459,0.18841112913593414,93.07359307359307,,
460,0.21214306217982484,92.06349206349206,,
461,0.18614762449505354,93.07359307359307,,
462,0.18726183227323867,93.65079365079364,,
463,0.1842902892337733,93.36219336219337,,
464,0.1786576702244698,93.65079365079364,,
465,0.1854455972609109,92.35209235209236,,
466,0.17249105342839877,94.51659451659452,,
467,0.14289164754144126,95.38239538239539,,
468,0.17238663567007018,93.93939393939394,,
469,0.19304005887687292,92.64069264069263,,
470,0.18585004536018399,93.21789321789322,,
471,0.1640583658416206,94.8051948051948,,
472,0.1640030774805281,93.93939393939394,,
473,0.16192129543548367,94.22799422799423,,
474,0.17636970339227376,93.79509379509379,,
475,0.18291789782468718,93.21789321789322,0.5022762603573985,84.41558441558442
476,0.17398379489102148,93.93939393939394,,
477,0.1590168895724016,95.0937950937951,,
478,0.1611700766648651,95.0937950937951,,
479,0.16929178684412316,93.21789321789322,,
480,0.1698668955638467,93.07359307359307,,
481,0.16903371891762098,92.92929292929293,,
482,0.1545391120231599,94.22799422799423,,
483,0.1756961556127319,92.92929292929293,,
484,0.1612558661493732,94.37229437229438,,
485,0.16419177876535432,93.79509379509379,,
486,0.1842083250633394,93.21789321789322,,
487,0.15057711726831324,93.21789321789322,,
488,0.16209478211867345,94.37229437229438,,
489,0.15222250299278275,94.8051948051948,,
490,0.16375674763197162,93.93939393939394,,
491,0.13690801220845222,95.38239538239539,,
492,0.1584768607717916,93.93939393939394,,
493,0.1679045995334526,93.79509379509379,,
494,0.14901151057617662,93.65079365079364,,
495,0.14612828407968795,95.0937950937951,,
496,0.13178404897967458,95.67099567099567,,
497,0.1565010945217262,93.36219336219337,,
498,0.1786698874672082,93.07359307359307,,
499,0.15027395356312115,94.51659451659452,,
500,0.16647822447497435,93.50649350649351,0.4576396506715131,85.71428571428571
501,0.16565313595004413,93.36219336219337,,
502,0.15008986626266574,94.22799422799423,,
503,0.16352411459534716,94.22799422799423,,
504,0.15312684993938278,94.51659451659452,,
505,0.15870070396714225,94.8051948051948,,
506,0.14848089546051205,94.8051948051948,,
507,0.1409718163343735,95.0937950937951,,
508,0.15859909715805562,94.37229437229438,,
509,0.1291226080657772,95.95959595959596,,
510,0.15932962134975032,94.51659451659452,,
511,0.12868969319831758,96.24819624819625,,
512,0.14676375666695068,94.37229437229438,,
513,0.15465625061574265,94.94949494949495,,
514,0.14212031649562704,94.22799422799423,,
515,0.1371312081426769,96.1038961038961,,
516,0.14539533991683784,94.22799422799423,,
517,0.1564172732967663,94.51659451659452,,
518,0.16211906989329478,94.51659451659452,,
519,0.15455037356498094,93.79509379509379,,
520,0.1389821068549053,95.52669552669553,,
521,0.17267796574603944,93.93939393939394,,
522,0.15656308505098196,94.22799422799423,,
523,0.1793343284063869,93.36219336219337,,
524,0.14449966520415067,95.23809523809524,,
525,0.1596881557594646,94.94949494949495,0.5094219515850018,84.41558441558442
526,0.1370796375245415,94.51659451659452,,
527,0.16063402208242925,93.65079365079364,,
528,0.157740730872918,94.37229437229438,,
529,0.15304911362402368,94.08369408369408,,
530,0.1395827757267209,94.94949494949495,,
531,0.16262962339072345,94.8051948051948,,
532,0.14693951380975317,94.22799422799423,,
533,0.14685207270999664,95.38239538239539,,
534,0.16487284048768178,93.36219336219337,,
535,0.16545449127409537,93.65079365079364,,
536,0.14829911940837276,94.94949494949495,,
537,0.14346799504920346,94.8051948051948,,
538,0.15222013561649067,94.8051948051948,,
539,0.1303866466219721,95.81529581529581,,
540,0.1301773598183801,95.52669552669553,,
541,0.1556756684790442,94.08369408369408,,
542,0.14484074701048422,93.21789321789322,,
543,0.14842951918104166,94.22799422799423,,
544,0.1682361291686522,94.66089466089466,,
545,0.14397609752198362,94.51659451659452,,
546,0.1278797738995903,95.52669552669553,,
547,0.13701964622366136,94.94949494949495,,
548,0.1358271450943933,95.52669552669553,,
549,0.12649830243406443,95.23809523809524,,
550,0.1244788331558866,96.1038961038961,0.4558572211822906,84.41558441558442
551,0.1422202189763387,94.22799422799423,,
552,0.14716933166653906,94.51659451659452,,
553,0.12414572665852214,95.95959595959596,,
554,0.15764450554132547,94.37229437229438,,
555,0.14403174075729402,94.8051948051948,,
556,0.14412627028352426,94.22799422799423,,
557,0.14003440440991224,94.66089466089466,,
558,0.12822150366990942,95.38239538239539,,
559,0.13600495367339163,95.38239538239539,,
560,0.15156328681356462,95.0937950937951,,
561,0.15686693869821436,94.51659451659452,,
562,0.16458797093593713,94.8051948051948,,
563,0.14647804723157512,94.66089466089466,,
564,0.13770258379360986,94.66089466089466,,
565,0.129864306951111,94.8051948051948,,
566,0.12322438571704243,95.67099567099567,,
567,0.12608879599263315,95.81529581529581,,
568,0.12925137690178415,96.68109668109668,,
569,0.14310326526132325,95.52669552669553,,
570,0.12539611712184132,95.38239538239539,,
571,0.15327429906888443,94.66089466089466,,
572,0.11488745800215444,95.95959595959596,,
573,0.1316312567033895,94.8051948051948,,
574,0.13708718670438033,95.0937950937951,,
575,0.1380656814783231,94.94949494949495,0.5427970924934784,81.81818181818181
576,0.13767056896056964,94.94949494949495,,
577,0.14641481828250927,94.37229437229438,,
578,0.15463261759986438,94.94949494949495,,
579,0.1216042230569611,95.81529581529581,,
580,0.13319835630158153,94.94949494949495,,
581,0.1258663640506727,96.1038961038961,,
582,0.12898701430442186,95.23809523809524,,
583,0.1392281743312123,94.66089466089466,,
584,0.15280401290086612,94.51659451659452,,
585,0.13134572954920978,94.8051948051948,,
586,0.11956737107700771,95.52669552669553,,
587,0.12546006425634607,95.81529581529581,,
588,0.1159915668314691,96.3924963924964,,
589,0.11391699379162183,95.81529581529581,,
590,0.11793051961094442,96.68109668109668,,
591,0.13493697768585247,94.51659451659452,,
592,0.1181330903719514,96.24819624819625,,
593,0.16050257968137102,94.22799422799423,,
594,0.11753734612963761,96.24819624819625,,
595,0.13072089569221154,95.23809523809524,,
596,0.1302939366984677,95.81529581529581,,
597,0.12311094470354386,95.0937950937951,,
598,0.131922418635989,95.52669552669553,,
599,0.1266832607133048,95.67099567099567,,
600,0.1395067505022406,94.51659451659452,0.5376605070256567,84.41558441558442
601,0.12529347309624994,95.52669552669553,,
602,0.14337211124824756,94.94949494949495,,
603,0.140437769006083,95.23809523809524,,
604,0.11652914740543001,96.1038961038961,,
605,0.10383075760061951,96.96969696969697,,
606,0.13784398873905082,94.8051948051948,,
607,0.13431476905920461,94.22799422799423,,
608,0.13831302624674244,95.52669552669553,,
609,0.10612293609120974,96.82539682539682,,
610,0.11119037421492788,95.52669552669553,,
611,0.13996308105547534,94.22799422799423,,
612,0.1604078286320702,94.08369408369408,,
613,0.13919528821029017,94.94949494949495,,
614,0.1182980060518261,95.38239538239539,,
615,0.11185525395352432,96.3924963924964,,
616,0.11987537880996604,96.53679653679653,,
617,0.11120048638374086,95.67099567099567,,
618,0.13115460978226917,94.94949494949495,,
619,0.13955845078520618,95.0937950937951,,
620,0.12423268175572372,94.94949494949495,,
621,0.12028043057291109,95.81529581529581,,
622,0.12116869118650582,95.81529581529581,,
623,0.12885685305381234,95.23809523809524,,
624,0.12323741148485336,95.23809523809524,,
625,0.12878789085609915,94.66089466089466,0.53143279931762,84.41558441558442
626,0.1369657986521893,95.81529581529581,,
627,0.10911642792291971,95.81529581529581,,
628,0.13744870847437804,95.52669552669553,,
629,0.12188648938874662,95.67099567099567,,
630,0.11164547022415962,95.67099567099567,,
631,0.13006844374782595,95.38239538239539,,
632,0.11037983445848458,96.24819624819625,,
633,0.14946570209782534,94.8051948051948,,
634,0.10981779675635081,96.53679653679653,,
635,0.11317169485670148,96.24819624819625,,
636,0.12952249519752734,96.3924963924964,,
637,0.12607857772024164,95.52669552669553,,
638,0.13074464053130597,96.1038961038961,,
639,0.13140915732019048,95.0937950937951,,
640,0.10629067431280623,96.53679653679653,,
641,0.11903894807697203,95.38239538239539,,
642,0.1074845635723242,96.1038961038961,,
643,0.08857881332899499,98.12409812409813,,
644,0.09785904673507376,96.82539682539682,,
645,0.1220490432533867,94.8051948051948,,
646,0.11924979595996944,95.52669552669553,,
647,0.10520127479089116,96.24819624819625,,
648,0.1281922095889309,94.94949494949495,,
649,0.10067613577687895,97.11399711399712,,
650,0.11358453662364514,95.67099567099567,0.5548473573350287,84.41558441558442
651,0.11596344267844638,95.38239538239539,,
652,0.11505239668959405,95.23809523809524,,
653,0.11819232375633837,96.24819624819625,,
654,0.11713412222365108,95.95959595959596,,
655,0.10689031208017344,96.1038961038961,,
656,0.09511626565568203,96.68109668109668,,
657,0.1343828286615457,94.94949494949495,,
658,0.10937494272836532,96.3924963924964,,
659,0.11674324830545148,96.3924963924964,,
660,0.11999492468728992,95.52669552669553,,
661,0.11861275653065885,96.3924963924964,,
662,0.12173725436690222,95.23809523809524,,
663,0.11716706723762302,95.23809523809524,,
664,0.12392150035496226,95.95959595959596,,
665,0.10528703528479236,96.3924963924964,,
666,0.12125052600120655,95.81529581529581,,
667,0.11315021791305893,95.95959595959596,,
668,0.13531404065202066,95.23809523809524,,
669,0.11035103545474456,96.3924963924964,,
670,0.10442691719398699,96.53679653679653,,
671,0.12313691935196927,96.96969696969697,,
672,0.10604764164182187,96.96969696969697,,
673,0.13956584804456193,94.51659451659452,,
674,0.11698244951401997,95.81529581529581,,
675,0.12532664601076904,95.38239538239539,0.5536811022789447,84.41558441558442
676,0.12133106365692392,95.52669552669553,,
677,0.12199047440058225,95.67099567099567,,
678,0.11912286079463161,95.38239538239539,,
679,0.11230909843723495,95.38239538239539,,
680,0.10937386891746848,96.3924963924964,,
681,0.1381425584033454,94.94949494949495,,
682,0.09095484038215523,96.68109668109668,,
683,0.09266401068300739,96.82539682539682,,
684,0.11310726546912224,95.52669552669553,,
685,0.10522587777990283,95.81529581529581,,
686,0.11122451938721009,96.3924963924964,,
687,0.10082493720288573,96.96969696969697,,
688,0.09394363772989524,96.68109668109668,,
689,0.10934522618979087,96.24819624819625,,
690,0.10786917948662633,95.81529581529581,,
691,0.09721797249920956,96.82539682539682,,
692,0.1282317340373993,94.94949494949495,,
693,0.11495560392049312,95.95959595959596,,
694,0.12656808609054201,95.38239538239539,,
695,0.1139437940729645,95.67099567099567,,
696,0.0984012551637955,96.96969696969697,,
697,0.11737619301984234,95.38239538239539,,
698,0.11058885220325354,96.24819624819625,,
699,0.12211947423684133,96.1038961038961,,
700,0.10543638829028967,96.82539682539682,0.5362028657615959,85.71428571428571
701,0.11075266944661113,96.3924963924964,,
702,0.09089192197003643,96.68109668109668,,
703,0.11068742508324021,95.38239538239539,,
704,0.10430984900629989,96.3924963924964,,
705,0.10849810193842452,96.53679653679653,,
706,0.12103314319300273,95.23809523809524,,
707,0.10487216645462,96.3924963924964,,
708,0.12710461348246832,94.37229437229438,,
709,0.13659520859831425,94.94949494949495,,
710,0.09840853474657944,97.11399711399712,,
711,0.10337972139985359,97.11399711399712,,
712,0.09531595057997352,96.68109668109668,,
713,0.08786512218942547,97.11399711399712,,
714,0.12612385483939753,95.95959595959596,,
715,0.11174433589153647,95.38239538239539,,
716,0.11956171379901716,95.52669552669553,,
717,0.10934520567650403,95.95959595959596,,
718,0.10714423783865326,95.67099567099567,,
719,0.10195233138791497,96.82539682539682,,
720,0.09875075613964257,96.68109668109668,,
721,0.12235984898576832,94.8051948051948,,
722,0.10609002533391612,96.1038961038961,,
723,0.11672883450683921,96.24819624819625,,
724,0.11022734917259491,95.67099567099567,,
725,0.10909754983693748,96.24819624819625,0.5062104765470926,85.71428571428571
726,0.11116481111700745,95.52669552669553,,
727,0.10690197534590401,95.95959595959596,,
728,0.08969100403450268,96.1038961038961,,
729,0.10339608575616564,95.23809523809524,,
730,0.08265649761687453,98.26839826839827,,
731,0.12795772100294822,95.0937950937951,,
732,0.09726995485599595,96.3924963924964,,
733,0.11764554863373654,95.38239538239539,,
734,0.1268056117611014,95.67099567099567,,
735,0.10802058522921448,95.95959595959596,,
736,0.08257901701070959,97.40259740259741,,
737,0.09787676198217174,96.68109668109668,,
738,0.087463463647197,96.53679653679653,,
739,0.10289821644753089,96.82539682539682,,
740,0.09528650377821957,96.96969696969697,,
741,0.10262079786409826,96.82539682539682,,
742,0.10167720465562044,96.53679653679653,,
743,0.12480021314972657,95.0937950937951,,
744,0.10282672286936731,96.3924963924964,,
745,0.08584491005684766,97.11399711399712,,
746,0.08336305747300515,97.97979797979798,,
747,0.10965885385376378,96.1038961038961,,
748,0.10945668173644794,95.38239538239539,,
749,0.09288665574866456,95.81529581529581,,
750,0.096808390818203,97.40259740259741,0.5323719219727949,85.71428571428571
751,0.1048020999878645,96.24819624819625,,
752,0.09718872143377645,96.3924963924964,,
753,0.09979774730352613,96.82539682539682,,
754,0.08702020243638092,97.40259740259741,,
755,0.1150953553047187,95.38239538239539,,
756,0.10855323981499088,95.81529581529581,,
757,0.09566205967900385,96.96969696969697,,
758,0.09550356747875526,96.24819624819625,,
759,0.10369855993323857,95.0937950937951,,
760,0.10715154920735573,96.53679653679653,,
761,0.0921325676282935,96.53679653679653,,
762,0.13213649667358673,95.0937950937951,,
763,0.12177611248833793,97.25829725829726,,
764,0.08479526360528637,97.40259740259741,,
765,0.104338856809067,96.1038961038961,,
766,0.1074393523741422,96.53679653679653,,
767,0.12215377158158786,95.67099567099567,,
768,0.11064052958347839,95.95959595959596,,
769,0.10284557503152203,96.1038961038961,,
770,0.10787573780106517,96.24819624819625,,
771,0.09875893768482179,96.3924963924964,,
772,0.08306315919709584,96.96969696969697,,
773,0.11147816244023617,95.67099567099567,,
774,0.09954930381233902,96.1038961038961,,
775,0.111986859391133,95.67099567099567,0.5363581563745227,85.71428571428571
776,0.09878160021486887,96.3924963924964,,
777,0.11698384908757685,95.81529581529581,,
778,0.09395511410283772,97.11399711399712,,
779,0.1007289725636679,96.3924963924964,,
780,0.0926465666496758,96.3924963924964,,
781,0.09171213846100013,97.25829725829726,,
782,0.10343211089377795,96.53679653679653,,
783,0.10886610701443657,95.81529581529581,,
784,0.11952109782974012,95.52669552669553,,
785,0.08651337386639775,97.25829725829726,,
786,0.08656750251989258,97.11399711399712,,
787,0.09725563350694004,96.3924963924964,,
788,0.09140206262278458,96.96969696969697,,
789,0.11270725705578902,96.1038961038961,,
790,0.09343707944235588,96.82539682539682,,
791,0.09355792155943564,96.3924963924964,,
792,0.11915116666306837,95.23809523809524,,
793,0.10407195563870247,96.53679653679653,,
794,0.09625580759039001,96.53679653679653,,
795,0.10636213998085836,96.53679653679653,,
796,0.11927831119187123,95.81529581529581,,
797,0.08767865071325828,97.11399711399712,,
798,0.0866437502646171,96.96969696969697,,
799,0.09610249067174235,96.3924963924964,,
800,0.09211657758571025,96.24819624819625,0.5459994905954831,84.41558441558442
801,0.1014232827729477,96.53679653679653,,
802,0.1083465102108526,96.1038961038961,,
803,0.10074876830745139,96.68109668109668,,
804,0.07884784780905016,98.12409812409813,,
805,0.1072082534246953,97.11399711399712,,
806,0.09013644953407508,96.68109668109668,,
807,0.08984660193818644,96.53679653679653,,
808,0.09789650985086808,95.95959595959596,,
809,0.07373882432886188,97.83549783549783,,
810,0.09399417315812682,96.3924963924964,,
811,0.07440605473638785,97.40259740259741,,
812,0.10659851012066071,95.67099567099567,,
813,0.1012856090793448,96.1038961038961,,
814,0.09434604152370497,96.53679653679653,,
815,0.09671804053012771,96.53679653679653,,
816,0.08968426345432282,97.25829725829726,,
817,0.08510998270002665,96.3924963924964,,
818,0.0733176913125169,97.83549783549783,,
819,0.08961182250540493,96.53679653679653,,
820,0.08674774547665236,97.25829725829726,,
821,0.09078502887255185,97.25829725829726,,
822,0.09533862290100274,96.53679653679653,,
823,0.08495889125058553,96.82539682539682,,
824,0.07731953790091504,97.40259740259741,,
825,0.08027222145128388,96.68109668109668,0.560418573292819,87.01298701298701
826,0.10370173503901449,96.24819624819625,,
827,0.0923829950381495,96.82539682539682,,
828,0.08528353669512667,97.11399711399712,,
829,0.10295179242760072,95.52669552669553,,
830,0.092129301645324,96.82539682539682,,
831,0.07881996593563072,97.69119769119769,,
832,0.07889582659689034,97.25829725829726,,
833,0.08346663181996578,96.96969696969697,,
834,0.09353701141360518,96.96969696969697,,
835,0.09419007647734184,96.96969696969697,,
836,0.11019653660845963,95.38239538239539,,
837,0.07730271198489794,97.11399711399712,,
838,0.10169798825984393,96.24819624819625,,
839,0.08840661939948496,96.96969696969697,,
840,0.08125266634615899,97.69119769119769,,
841,0.07670473483153235,97.83549783549783,,
842,0.0800817333817654,97.11399711399712,,
843,0.09814922969444274,95.95959595959596,,
844,0.0977432607024005,96.68109668109668,,
845,0.08067237141220944,97.69119769119769,,
846,0.07720819123164573,97.83549783549783,,
847,0.09717617300036666,96.3924963924964,,
848,0.09606242261714104,96.1038961038961,,
849,0.09466725754757206,97.69119769119769,,
850,0.08565002131782483,97.40259740259741,0.5858464779017808,87.01298701298701
851,0.06201354606133519,97.69119769119769,,
852,0.10237709403106564,95.95959595959596,,
853,0.08456968240880691,96.3924963924964,,
854,0.07810204325601308,96.96969696969697,,
855,0.08890822539468865,96.68109668109668,,
856,0.08432042620226762,96.53679653679653,,
857,0.09579662802329483,96.82539682539682,,
858,0.09763832725745775,96.68109668109668,,
859,0.09761502063721633,96.82539682539682,,
860,0.07470212962335945,96.96969696969697,,
861,0.13049396423254736,95.81529581529581,,
862,0.07729182860035917,97.54689754689754,,
863,0.09015349353546705,96.24819624819625,,
864,0.08889207600052824,96.68109668109668,,
865,0.10622230563232135,96.96969696969697,,
866,0.09025399957771425,96.82539682539682,,
867,0.08276773444148423,96.68109668109668,,
868,0.06865564850931732,97.97979797979798,,
869,0.09250893695535296,96.96969696969697,,
870,0.09056506532783289,96.68109668109668,,
871,0.07898336301677326,97.40259740259741,,
872,0.08853098813008953,96.96969696969697,,
873,0.0857333421148091,97.25829725829726,,
874,0.0931940551035504,96.68109668109668,,
875,0.08472280646170373,96.68109668109668,0.622994450005618,88.31168831168831
876,0.08091294726230537,97.83549783549783,,
877,0.08390633889553265,96.68109668109668,,
878,0.07613422881817233,97.69119769119769,,
879,0.06987451823780375,97.97979797979798,,
880,0.09210472796004787,96.3924963924964,,
881,0.07973130692393232,97.54689754689754,,
882,0.08596413470750935,96.68109668109668,,
883,0.09634917304672376,96.68109668109668,,
884,0.0823539277863881,97.11399711399712,,
885,0.09243844697335238,96.96969696969697,,
886,0.06612241307668613,98.26839826839827,,
887,0.0872723369349821,96.53679653679653,,
888,0.08221017482621974,96.96969696969697,,
889,0.09723255557783686,96.82539682539682,,
890,0.08582825824876368,96.82539682539682,,
891,0.08261721565631389,97.25829725829726,,
892,0.06997511020900539,97.54689754689754,,
893,0.10028602891369127,96.24819624819625,,
894,0.06957759770388684,97.25829725829726,,
895,0.09538198497366768,96.53679653679653,,
896,0.08022065698820963,97.11399711399712,,
897,0.08827737457566447,96.53679653679653,,
898,0.09646948585004518,95.81529581529581,,
899,0.08706217126928882,96.53679653679653,,
900,0.07124002816754932,97.40259740259741,0.6665773333667161,85.71428571428571
901,0.09135238739190163,96.96969696969697,,
902,0.08180433268219361,97.69119769119769,,
903,0.08823262540486468,97.25829725829726,,
904,0.07217690641595344,97.25829725829726,,
905,0.08112733400679459,97.40259740259741,,
906,0.0863257972321985,97.11399711399712,,
907,0.08361755043784261,96.82539682539682,,
908,0.06666818437734981,97.69119769119769,,
909,0.08630227595890239,95.95959595959596,,
910,0.08672479301701806,96.3924963924964,,
911,0.0867058067202224,97.11399711399712,,
912,0.06426147776850719,97.97979797979798,,
913,0.07762546556992363,97.69119769119769,,
914,0.07138662454154757,97.11399711399712,,
915,0.07311259520819349,97.54689754689754,,
916,0.08380167037473715,97.11399711399712,,
917,0.0851868853768573,96.68109668109668,,
918,0.060861910175610046,97.97979797979798,,
919,0.0964931125119651,96.3924963924964,,
920,0.06888807616445194,97.40259740259741,,
921,0.07742793259075151,97.54689754689754,,
922,0.07369361280276834,97.54689754689754,,
923,0.06810989821112001,97.25829725829726,,
924,0.07425433351869277,97.11399711399712,,
925,0.07451128872302273,96.96969696969697,0.6486700769368704,85.71428571428571
926,0.0777659769429359,97.69119769119769,,
927,0.069815364922968,97.69119769119769,,
928,0.07331150354115994,97.11399711399712,,
929,0.07127338334982529,97.40259740259741,,
930,0.0731836001544621,97.54689754689754,,
931,0.08567087083495885,97.40259740259741,,
932,0.07383787550279416,97.69119769119769,,
933,0.06806143153724926,97.11399711399712,,
934,0.07404434828230141,97.54689754689754,,
935,0.05245169828421454,98.41269841269842,,
936,0.09448348436219696,95.95959595959596,,
937,0.0781482317488947,96.96969696969697,,
938,0.07541365776792933,96.3924963924964,,
939,0.0740086168264446,97.25829725829726,,
940,0.08076847596214963,97.40259740259741,,
941,0.07671747459327159,97.69119769119769,,
942,0.050220380557370395,98.26839826839827,,
943,0.08646460740073096,96.3924963924964,,
944,0.1035942407849031,96.68109668109668,,
945,0.07924740689485447,97.40259740259741,,
946,0.09548191650949343,96.82539682539682,,
947,0.07293107044247407,97.54689754689754,,
948,0.07775554194889188,96.82539682539682,,
949,0.07608647967593322,97.97979797979798,,
950,0.07866332958980556,97.25829725829726,0.6790944763592311,85.71428571428571
951,0.06981123494142921,97.83549783549783,,
952,0.0774881818572336,97.40259740259741,,
953,0.09478014133451305,95.95959595959596,,
954,0.08015323215477373,97.25829725829726,,
955,0.07329095855978832,97.11399711399712,,
956,0.0793055674386403,96.96969696969697,,
957,0.08504659047116449,96.53679653679653,,
958,0.07995023589156579,97.25829725829726,,
959,0.06873985072450033,98.26839826839827,,
960,0.08091072528522252,97.40259740259741,,
961,0.07660129062111072,97.83549783549783,,
962,0.08062663904430202,96.68109668109668,,
963,0.09690338091502802,96.68109668109668,,
964,0.0904736157834616,96.68109668109668,,
965,0.07156908095237755,97.54689754689754,,
966,0.09803878923966772,97.54689754689754,,
967,0.08100455644719227,97.25829725829726,,
968,0.07714786643933769,96.82539682539682,,
969,0.08629613297670262,97.25829725829726,,
970,0.07009662013947103,97.54689754689754,,
971,0.09166794793322833,97.97979797979798,,
972,0.06473637520621865,97.97979797979798,,
973,0.07874128060122416,96.68109668109668,,
974,0.06916213484714816,97.69119769119769,,
975,0.056235163457809934,97.97979797979798,0.657812384428916,87.01298701298701
976,0.08283110852601897,96.53679653679653,,
977,0.08997455286601233,97.54689754689754,,
978,0.06788278828021596,97.97979797979798,,
979,0.056949852363705034,98.26839826839827,,
980,0.10291850105503206,95.81529581529581,,
981,0.07339352586482682,97.69119769119769,,
982,0.08241376291670195,96.68109668109668,,
983,0.0921180568001143,97.40259740259741,,
984,0.08476715273671336,97.54689754689754,,
985,0.07031340019247921,97.11399711399712,,
986,0.11538791350756931,96.96969696969697,,
987,0.06265210274279032,98.12409812409813,,
988,0.08257540535251644,97.40259740259741,,
989,0.07468261515713616,97.40259740259741,,
990,0.09703177639147506,97.54689754689754,,
991,0.07938742881148925,97.54689754689754,,
992,0.09214613281649336,96.68109668109668,,
993,0.08176390497984222,96.53679653679653,,
994,0.09100939887125599,96.96969696969697,,
995,0.0705401517617453,96.68109668109668,,
996,0.06791606836268224,97.97979797979798,,
997,0.06187197890852996,97.54689754689754,,
998,0.08051987919246867,96.96969696969697,,
999,0.08206291936477714,97.40259740259741,,
1000,0.06171204659934619,98.12409812409813,0.6582489044635327,85.71428571428571
