epoch,train_loss,train_acc,test_loss,test_acc
1,2.294803663840848,14.048531289910601,2.277707185454041,20.229007633587788
2,2.071858465747663,32.05619412515964,,
3,1.8956539474075629,42.1455938697318,,
4,1.6824826991725546,51.59642401021711,,
5,1.5434950701273873,56.194125159642404,,
6,1.4235857776907364,59.642401021711365,,
7,1.2971068125879475,61.30268199233716,,
8,1.2376849273764463,61.68582375478927,,
9,1.147703898211853,65.51724137931035,,
10,1.0927063363722,67.68837803320562,,
11,0.9940730315058625,71.39208173690932,,
12,0.9497162895336614,72.03065134099617,,
13,0.9117167826508806,73.43550446998722,,
14,0.8939324147704308,76.37292464878672,,
15,0.8551215243978976,76.11749680715198,,
16,0.825579236445908,74.96807151979566,,
17,0.7851219225965088,77.52234993614304,,
18,0.7540323673384705,77.39463601532567,,
19,0.7125563637506916,80.45977011494253,,
20,0.6667004876209859,82.12005108556832,,
21,0.6689761041224688,81.8646232439336,,
22,0.5983086256155719,82.50319284802043,,
23,0.6323803923595911,81.48148148148148,,
24,0.5782477315206028,83.26947637292464,,
25,0.5924321620857121,83.01404853128992,0.542377152629481,85.49618320610686
26,0.5694536954202567,83.65261813537676,,
27,0.5272393206831444,86.07918263090677,,
28,0.5357957384138728,84.41890166028097,,
29,0.5394346457483821,85.05747126436782,,
30,0.5191923900582325,85.82375478927203,,
31,0.48211645349232174,86.59003831417624,,
32,0.5127741838704276,86.07918263090677,,
33,0.46837495733647205,86.71775223499361,,
34,0.46869102093756276,85.9514687100894,,
35,0.43199577231060043,87.86717752234993,,
36,0.4104573817240933,88.88888888888889,,
37,0.43000875696977586,87.9948914431673,,
38,0.40410319438839326,88.50574712643679,,
39,0.39874688898466554,90.03831417624521,,
40,0.37326040353963813,89.39974457215837,,
41,0.3729408744765424,89.52745849297574,,
42,0.34084906211149035,91.06002554278416,,
43,0.38792173583464906,89.01660280970626,,
44,0.3489171450393867,89.39974457215837,,
45,0.3494937229582785,90.29374201787995,,
46,0.3080785596507719,92.33716475095785,,
47,0.3132590728016192,91.06002554278416,,
48,0.3266203187187208,90.93231162196679,,
49,0.3094555392842335,91.82630906768838,,
50,0.2890206553317882,92.46487867177522,0.42540179309612924,87.78625954198473
