epoch,train_loss,train_acc,test_loss,test_acc
1,0.6924443979455968,53.246753246753244,0.6858944188464772,55.84415584415584
2,0.6859707212207293,55.699855699855696,,
3,0.6888108439259715,54.256854256854254,,
4,0.6907709097277378,55.41125541125541,,
5,0.6870146377434118,55.98845598845599,,
6,0.6880837346912291,54.4011544011544,,
7,0.6864891678395898,56.132756132756136,,
8,0.6865984990999296,56.132756132756136,,
9,0.6859164815100413,55.266955266955264,,
10,0.6839892627700926,56.42135642135642,,
11,0.6879125110170714,56.70995670995671,,
12,0.6879260770514242,55.98845598845599,,
13,0.6838415328730408,56.132756132756136,,
14,0.6823247324508678,57.142857142857146,,
15,0.6831843245769131,55.98845598845599,,
16,0.6821913652949863,55.55555555555556,,
17,0.6790014987040047,56.998556998557,,
18,0.6836020706535934,55.84415584415584,,
19,0.6801962054309046,56.56565656565657,,
20,0.6781229241757853,55.98845598845599,,
21,0.6784702541164161,56.277056277056275,,
22,0.6800604381774583,55.122655122655125,,
23,0.6757309404114452,56.132756132756136,,
24,0.680386595051698,55.41125541125541,,
25,0.6751613701232756,56.42135642135642,0.6771937515828517,54.54545454545455
26,0.6723534069192014,56.56565656565657,,
27,0.6730320688449976,56.277056277056275,,
28,0.6716680320310386,57.142857142857146,,
29,0.6679701242612038,59.01875901875902,,
30,0.6677542603205121,59.16305916305916,,
31,0.6646590547644214,57.86435786435786,,
32,0.6665697529546454,58.44155844155844,,
33,0.6638799318331489,59.01875901875902,,
34,0.6628736326360771,57.57575757575758,,
35,0.6595913404854173,58.44155844155844,,
36,0.6594219995611502,60.17316017316017,,
37,0.6556468048653046,59.74025974025974,,
38,0.6480540317546409,60.60606060606061,,
39,0.648500959680538,60.17316017316017,,
40,0.648076201414133,61.76046176046176,,
41,0.6410656818235764,60.317460317460316,,
42,0.6390383656406815,62.62626262626262,,
43,0.6384159215600975,61.32756132756133,,
44,0.6376815636092622,63.05916305916306,,
45,0.634632134850407,64.35786435786436,,
46,0.6344027791016373,62.914862914862915,,
47,0.6391253803371523,63.05916305916306,,
48,0.6310277545090878,64.06926406926407,,
49,0.6275941141240009,65.51226551226551,,
50,0.6199985664730292,65.65656565656566,0.6366324711155582,54.54545454545455
51,0.6225886842045089,63.78066378066378,,
52,0.621152709830891,65.65656565656566,,
53,0.6172336081921797,62.914862914862915,,
54,0.6087678750012,67.38816738816739,,
55,0.6119389135772187,66.81096681096682,,
56,0.6062924712251275,67.0995670995671,,
57,0.5991377863189015,69.40836940836941,,
58,0.6058985603836192,67.96536796536796,,
59,0.5991420636617432,69.40836940836941,,
60,0.5932056546899319,69.55266955266956,,
61,0.5928364076999703,71.13997113997114,,
62,0.5938179615944151,69.11976911976912,,
63,0.5825301518859973,69.98556998556998,,
64,0.5796825557216078,71.57287157287158,,
65,0.5772265697282458,71.71717171717172,,
66,0.5760941600902773,71.42857142857143,,
67,0.5741708078253664,73.3044733044733,,
68,0.5778365925620988,71.71717171717172,,
69,0.5726674411547993,72.87157287157287,,
70,0.5713291018556207,73.01587301587301,,
71,0.5677757994265096,73.3044733044733,,
72,0.5639663847837957,74.60317460317461,,
73,0.558250550497834,72.2943722943723,,
74,0.5642636045921072,72.87157287157287,,
75,0.558906738290195,73.5930735930736,0.5584897696971893,71.42857142857143
76,0.5467129285201365,76.47907647907648,,
77,0.5587411847981539,73.88167388167388,,
78,0.533862576770232,75.9018759018759,,
79,0.5355342685918272,75.61327561327562,,
80,0.5276168833391319,75.03607503607503,,
81,0.5326702224055754,76.47907647907648,,
82,0.5418615225933675,76.62337662337663,,
83,0.5156345333027805,78.4992784992785,,
84,0.5255046398264677,75.61327561327562,,
85,0.5115726642622405,77.92207792207792,,
86,0.5104385337444267,76.47907647907648,,
87,0.5137610689214126,76.47907647907648,,
88,0.5176441493144455,75.9018759018759,,
89,0.4995945453815818,76.91197691197691,,
90,0.47829989729849637,77.63347763347764,,
91,0.4964779130308143,78.21067821067821,,
92,0.49681644143824283,80.37518037518038,,
93,0.4919074306756387,78.93217893217893,,
94,0.4985003879920057,78.06637806637806,,
95,0.48896459368572265,79.07647907647907,,
96,0.47972741778966843,80.8080808080808,,
97,0.47976429457272285,80.51948051948052,,
98,0.4699468518920447,80.95238095238095,,
99,0.4783313943538143,77.77777777777777,,
100,0.45892589235030556,80.8080808080808,0.46910059374648255,80.51948051948052
101,0.46062152309163135,79.50937950937951,,
102,0.46546099935947216,80.8080808080808,,
103,0.4377837785738715,81.96248196248196,,
104,0.4656228426558975,78.4992784992785,,
105,0.44511671723397433,81.0966810966811,,
106,0.42885831905821875,81.81818181818181,,
107,0.4604861517833253,80.66378066378067,,
108,0.4352361238191998,81.52958152958153,,
109,0.42860283600475535,82.3953823953824,,
110,0.42445802065029115,82.1067821067821,,
111,0.439964274737398,80.37518037518038,,
112,0.43118399975103733,80.66378066378067,,
113,0.4286123820799598,81.0966810966811,,
114,0.4214447537627915,82.68398268398268,,
115,0.42281017416999456,82.3953823953824,,
116,0.4317410659222376,82.1067821067821,,
117,0.40304325260813273,82.53968253968254,,
118,0.39646979779392094,82.68398268398268,,
119,0.39756250106239044,83.40548340548341,,
120,0.40401185599584427,83.11688311688312,,
121,0.39970797317540663,84.27128427128427,,
122,0.39749873174733413,82.68398268398268,,
123,0.4225590904209693,82.97258297258297,,
124,0.38399499839690515,85.42568542568543,,
125,0.39363150090022175,83.54978354978356,0.4167050200623351,79.22077922077922
126,0.4047770882925774,84.12698412698413,,
127,0.3728097504996634,85.85858585858585,,
128,0.39257981229310085,83.83838383838383,,
129,0.3922828772195318,84.41558441558442,,
130,0.3858306821634587,84.99278499278499,,
131,0.3763001564175192,84.99278499278499,,
132,0.3705515674870424,84.12698412698413,,
133,0.37774236773343656,85.28138528138528,,
134,0.3578032542874803,85.28138528138528,,
135,0.37577984403566195,84.84848484848484,,
136,0.36222048703726234,85.56998556998558,,
137,0.356901488176844,86.002886002886,,
138,0.37617790735559203,83.98268398268398,,
139,0.3728256407496217,85.42568542568543,,
140,0.3402378023272813,87.87878787878788,,
141,0.35917241286491763,84.7041847041847,,
142,0.3413672356034426,85.85858585858585,,
143,0.337145951575187,87.3015873015873,,
144,0.35664767749381787,86.002886002886,,
145,0.33950902388295395,87.44588744588745,,
146,0.35883670739969303,86.002886002886,,
147,0.34508107002679406,85.71428571428571,,
148,0.35029463480733347,86.2914862914863,,
149,0.32992549225537465,86.86868686868686,,
150,0.33333281495354394,86.86868686868686,0.38572453136567947,84.41558441558442
151,0.3435368544568575,86.72438672438672,,
152,0.3114840437538524,88.02308802308802,,
153,0.33739031204069503,87.15728715728716,,
154,0.32139828392609543,86.72438672438672,,
155,0.33994893370596707,87.15728715728716,,
156,0.35236953089247536,86.14718614718615,,
157,0.3337659825924327,85.71428571428571,,
158,0.3223558921920617,86.43578643578644,,
159,0.3133571558184438,88.45598845598846,,
160,0.3275909364481509,87.3015873015873,,
161,0.3105326346934788,86.58008658008659,,
162,0.31703278650281064,88.16738816738817,,
163,0.3386789918977977,84.99278499278499,,
164,0.33019348691939276,86.86868686868686,,
165,0.3387562321958604,87.15728715728716,,
166,0.3345162866349516,87.44588744588745,,
167,0.30889706341563195,88.16738816738817,,
168,0.3066482173243986,87.5901875901876,,
169,0.31717958250775136,87.44588744588745,,
170,0.3009694166814782,87.87878787878788,,
171,0.3105875441393295,86.43578643578644,,
172,0.31557191622377645,87.73448773448773,,
173,0.33129789117954855,85.42568542568543,,
174,0.3107122974564331,87.44588744588745,,
175,0.28517932172805543,90.04329004329004,0.3705256852236661,83.11688311688312
176,0.3165336112138341,87.44588744588745,,
177,0.2806607139919055,90.76479076479076,,
178,0.32484284193828855,86.86868686868686,,
179,0.2861931875272833,90.76479076479076,,
180,0.306603797027387,88.45598845598846,,
181,0.2891586742445848,89.6103896103896,,
182,0.31007639163887346,87.01298701298701,,
183,0.28387602273519935,88.16738816738817,,
184,0.3014817495560233,87.5901875901876,,
185,0.2845785298732796,88.60028860028861,,
186,0.2942683537629088,89.03318903318903,,
187,0.29375596400377213,88.88888888888889,,
188,0.2890912795823718,87.87878787878788,,
189,0.28718516439694003,88.88888888888889,,
190,0.2941674142430871,88.74458874458874,,
191,0.2755533123515213,90.76479076479076,,
192,0.2818040190665065,89.17748917748918,,
193,0.28732295013953424,89.46608946608947,,
194,0.2888813628821834,89.03318903318903,,
195,0.28118283240310044,89.17748917748918,,
196,0.2774831237214984,89.6103896103896,,
197,0.2873136184539802,89.75468975468975,,
198,0.27466015124217774,88.88888888888889,,
199,0.2790499019932437,89.32178932178932,,
200,0.2843391558459139,90.33189033189034,0.37116021208174815,84.41558441558442
201,0.26529695805361087,89.6103896103896,,
202,0.2551320333458472,90.76479076479076,,
203,0.2678609591455859,90.04329004329004,,
204,0.27372950023042864,90.9090909090909,,
205,0.26473831416552546,89.17748917748918,,
206,0.24133639065562218,91.77489177489177,,
207,0.27822261046709607,89.32178932178932,,
208,0.26803223997311504,89.75468975468975,,
209,0.25874685746594767,89.46608946608947,,
210,0.2734628041069229,89.75468975468975,,
211,0.26533105688822733,90.04329004329004,,
212,0.2637136849705103,89.17748917748918,,
213,0.2594483519271339,90.9090909090909,,
214,0.2947355478808477,87.5901875901876,,
215,0.2541703149611816,89.8989898989899,,
216,0.24768038949839136,90.76479076479076,,
217,0.2586795757773291,90.47619047619048,,
218,0.2543716791904334,90.47619047619048,,
219,0.2675576280549835,91.91919191919192,,
220,0.2505450001440695,90.9090909090909,,
221,0.2757158500248564,88.88888888888889,,
222,0.2498271247697255,91.48629148629149,,
223,0.2499889801182444,90.62049062049061,,
224,0.2528834401658087,91.34199134199135,,
225,0.2601522540117239,89.6103896103896,0.3593034380442136,84.41558441558442
226,0.25080186100663215,90.47619047619048,,
227,0.2506281035545068,90.04329004329004,,
228,0.2700946683878506,89.32178932178932,,
229,0.26287577046460403,90.04329004329004,,
230,0.23721893851525683,91.1976911976912,,
231,0.24196611817867036,90.76479076479076,,
232,0.24679714430548239,91.05339105339105,,
233,0.24518414061048846,90.76479076479076,,
234,0.24781495984240529,90.76479076479076,,
235,0.24946608948071108,91.63059163059162,,
236,0.24238598700424638,92.06349206349206,,
237,0.2607727972589014,89.75468975468975,,
238,0.24947494896287353,91.48629148629149,,
239,0.255432699300338,91.05339105339105,,
240,0.24348141479844826,91.05339105339105,,
241,0.2533419732579593,88.60028860028861,,
242,0.22553666092960695,91.34199134199135,,
243,0.25227033421074674,90.47619047619048,,
244,0.2220647440844284,91.77489177489177,,
245,0.23443478195354192,91.34199134199135,,
246,0.2364308580697056,91.63059163059162,,
247,0.22034911847905853,91.91919191919192,,
248,0.25056531922125713,90.33189033189034,,
249,0.20894594496978827,93.65079365079364,,
250,0.2164624570123045,92.06349206349206,0.3541301724972663,87.01298701298701
251,0.21281351123279307,92.20779220779221,,
252,0.23463853428202103,91.48629148629149,,
253,0.21367473390711333,91.05339105339105,,
254,0.22714790364009735,90.76479076479076,,
255,0.2170032144485184,92.64069264069263,,
256,0.21524068781995842,91.63059163059162,,
257,0.23619680113090583,90.18759018759019,,
258,0.23080066734492177,90.9090909090909,,
259,0.21205136749737535,93.07359307359307,,
260,0.2180181128466112,91.48629148629149,,
261,0.20299918670072872,92.4963924963925,,
262,0.20033837525875536,93.21789321789322,,
263,0.2128330861120169,91.05339105339105,,
264,0.23537380526764223,92.06349206349206,,
265,0.22957734746420366,90.47619047619048,,
266,0.21612912597078265,91.1976911976912,,
267,0.21419943856212484,92.64069264069263,,
268,0.2060624531659729,92.78499278499278,,
269,0.22302086644874505,91.34199134199135,,
270,0.23890715269815355,90.76479076479076,,
271,0.2366398683444074,90.04329004329004,,
272,0.21887380431955855,92.92929292929293,,
273,0.23574743186584626,91.34199134199135,,
274,0.21629681002784085,92.06349206349206,,
275,0.20850500991248122,91.91919191919192,0.3589062882321222,85.71428571428571
276,0.2037224302345196,91.1976911976912,,
277,0.20508374522129694,92.92929292929293,,
278,0.21704585822285682,92.92929292929293,,
279,0.21063850237349582,91.05339105339105,,
280,0.21208832261366245,91.34199134199135,,
281,0.2106139897268056,92.35209235209236,,
282,0.23230878372299035,90.62049062049061,,
283,0.2139095954736762,92.06349206349206,,
284,0.22015401701648513,92.78499278499278,,
285,0.21472617817174477,91.77489177489177,,
286,0.20129086492209552,92.4963924963925,,
287,0.2086983731642774,92.35209235209236,,
288,0.19867487458181587,93.21789321789322,,
289,0.19436368096786488,92.35209235209236,,
290,0.20436767614507056,92.35209235209236,,
291,0.1852712637676305,93.36219336219337,,
292,0.21915466810373688,91.05339105339105,,
293,0.19071539623654765,92.4963924963925,,
294,0.20702429509266115,92.4963924963925,,
295,0.19592700040701663,93.36219336219337,,
296,0.19779063810689798,92.64069264069263,,
297,0.19525293131260818,91.91919191919192,,
298,0.19987028022263129,91.91919191919192,,
299,0.18115771718828538,92.78499278499278,,
300,0.21043412389521304,91.91919191919192,0.3555392340406195,84.41558441558442
301,0.2106958514114393,92.06349206349206,,
302,0.2029284667895642,92.64069264069263,,
303,0.19115193594585767,93.21789321789322,,
304,0.20342488133202039,92.35209235209236,,
305,0.21332817090860692,91.91919191919192,,
306,0.19865593334598114,93.21789321789322,,
307,0.2113465280587883,93.07359307359307,,
308,0.1897154450416565,92.64069264069263,,
309,0.2060363913575808,91.48629148629149,,
310,0.17319112459216454,94.37229437229438,,
311,0.20716305008268288,92.20779220779221,,
312,0.20217430633512926,92.35209235209236,,
313,0.18866211957530715,93.79509379509379,,
314,0.20120862748844798,92.64069264069263,,
315,0.1960663970070656,93.50649350649351,,
316,0.17984872213517777,93.36219336219337,,
317,0.20179793707392088,92.20779220779221,,
318,0.2026725908765545,92.64069264069263,,
319,0.1834180002432709,93.50649350649351,,
320,0.1733166373094267,94.37229437229438,,
321,0.18607767261726,93.50649350649351,,
322,0.17860706044094904,93.21789321789322,,
323,0.17633513338638074,94.08369408369408,,
324,0.18866298398242196,92.92929292929293,,
325,0.17858201938360113,94.8051948051948,0.3487114470887494,88.31168831168831
326,0.18989338060306094,92.20779220779221,,
327,0.16868657544577792,93.79509379509379,,
328,0.17644638589665315,93.07359307359307,,
329,0.18924769297951743,92.64069264069263,,
330,0.17582044776254918,93.36219336219337,,
331,0.1698155991819084,93.36219336219337,,
332,0.1940842586291301,91.91919191919192,,
333,0.18740043546708804,92.92929292929293,,
334,0.17106020115154646,93.36219336219337,,
335,0.20230008074731537,93.65079365079364,,
336,0.18309810620021683,93.07359307359307,,
337,0.1757089180863781,94.08369408369408,,
338,0.20215285370532224,91.91919191919192,,
339,0.19384068257106848,92.78499278499278,,
340,0.19880587980688735,93.36219336219337,,
341,0.174944666083929,93.21789321789322,,
342,0.18899200944845468,92.92929292929293,,
343,0.17184257855663052,93.07359307359307,,
344,0.2027856246991591,92.35209235209236,,
345,0.16493276440542498,94.51659451659452,,
346,0.1935030369015483,92.78499278499278,,
347,0.17702613312960702,92.64069264069263,,
348,0.16924924676509476,94.8051948051948,,
349,0.17050676252074745,93.50649350649351,,
350,0.15221252156929535,94.94949494949495,0.3922580848266552,89.6103896103896
351,0.18047247635681735,93.21789321789322,,
352,0.1652356039942343,93.65079365079364,,
353,0.1801800381225597,93.21789321789322,,
354,0.17180964208784558,93.50649350649351,,
355,0.18298016755181817,93.50649350649351,,
356,0.18235447804993193,91.77489177489177,,
357,0.1844173071403352,92.64069264069263,,
358,0.15117425315651886,95.23809523809524,,
359,0.1707888205158074,94.66089466089466,,
360,0.18019118513723817,93.65079365079364,,
361,0.19402371841505664,92.78499278499278,,
362,0.1641083787185977,94.22799422799423,,
363,0.16768227377839245,93.79509379509379,,
364,0.16367883337352526,94.37229437229438,,
365,0.16456524055843574,93.36219336219337,,
366,0.17318803317640594,93.50649350649351,,
367,0.17207668642117002,94.37229437229438,,
368,0.15943686256096476,93.65079365079364,,
369,0.1607545605211547,93.93939393939394,,
370,0.1592314483552182,94.51659451659452,,
371,0.16086556294242196,93.93939393939394,,
372,0.15670667960702256,94.94949494949495,,
373,0.17853332379722664,92.92929292929293,,
374,0.16764970348467903,93.50649350649351,,
375,0.17291783600572555,93.36219336219337,0.3837236591747829,85.71428571428571
376,0.159403180405175,95.38239538239539,,
377,0.15788580431007548,93.65079365079364,,
378,0.16731103013496723,93.50649350649351,,
379,0.17048368180469,94.51659451659452,,
380,0.16011982502531352,94.51659451659452,,
381,0.16166718313295775,93.65079365079364,,
382,0.16847691139875554,94.51659451659452,,
383,0.1689748205943369,95.0937950937951,,
384,0.18066126542517977,93.50649350649351,,
385,0.1703819494686408,93.36219336219337,,
386,0.155350417092249,93.93939393939394,,
387,0.16606461791077046,93.93939393939394,,
388,0.1586089204206611,94.51659451659452,,
389,0.15879864280056988,93.50649350649351,,
390,0.16288213408182536,94.22799422799423,,
391,0.15168367985845643,94.08369408369408,,
392,0.16712062832769034,93.36219336219337,,
393,0.14098709501315332,94.8051948051948,,
394,0.15957888395594053,94.37229437229438,,
395,0.14706628985735246,94.51659451659452,,
396,0.18172361825365696,93.50649350649351,,
397,0.15877154958669584,94.51659451659452,,
398,0.15550172079521168,94.51659451659452,,
399,0.13625417708877532,94.94949494949495,,
400,0.15120637584558297,94.08369408369408,0.37702698270221807,85.71428571428571
401,0.1830237897013517,93.65079365079364,,
402,0.14766861929478928,94.22799422799423,,
403,0.14479851708606337,95.67099567099567,,
404,0.15216435129723335,93.79509379509379,,
405,0.14728069876577346,94.37229437229438,,
406,0.13515841272830276,95.52669552669553,,
407,0.14738288560470977,94.37229437229438,,
408,0.13939509277391915,95.95959595959596,,
409,0.14755817208960545,94.51659451659452,,
410,0.1493144797169285,94.37229437229438,,
411,0.17063681916757065,94.37229437229438,,
412,0.14520903360663037,95.52669552669553,,
413,0.13671138550424988,95.52669552669553,,
414,0.16070077507010785,94.22799422799423,,
415,0.13375430920229844,94.8051948051948,,
416,0.14803056820923352,94.66089466089466,,
417,0.15558150828873785,93.50649350649351,,
418,0.15535606930373724,94.22799422799423,,
419,0.15516552905327657,94.37229437229438,,
420,0.1273515545487576,95.23809523809524,,
421,0.1447316427079458,94.8051948051948,,
422,0.16609383618504797,93.79509379509379,,
423,0.14199709432121652,95.23809523809524,,
424,0.14688246607952476,94.37229437229438,,
425,0.1596335522712223,94.51659451659452,0.384583869924793,87.01298701298701
426,0.1484877641647409,94.66089466089466,,
427,0.15740136091542278,94.22799422799423,,
428,0.1699040403312763,95.38239538239539,,
429,0.15858878142067365,93.65079365079364,,
430,0.15404929652874605,94.8051948051948,,
431,0.14509952590837108,95.0937950937951,,
432,0.1533113843391812,94.66089466089466,,
433,0.1442634081212645,94.94949494949495,,
434,0.12932935931207815,96.1038961038961,,
435,0.15296724247295962,94.08369408369408,,
436,0.13713058557839794,95.67099567099567,,
437,0.1353906811487795,95.52669552669553,,
438,0.14443178362553083,94.8051948051948,,
439,0.14672388074029918,94.66089466089466,,
440,0.14625886897590082,94.66089466089466,,
441,0.15379864923537723,93.50649350649351,,
442,0.15687562031792357,94.22799422799423,,
443,0.1494829829508092,94.37229437229438,,
444,0.14034425989760982,94.8051948051948,,
445,0.18042649821113543,93.65079365079364,,
446,0.13966740149074647,94.66089466089466,,
447,0.14548965888622004,93.50649350649351,,
448,0.1310315044303821,95.38239538239539,,
449,0.13358001959272278,95.0937950937951,,
450,0.13461149606751588,95.95959595959596,0.39490565115755255,88.31168831168831
451,0.12295162950845336,95.38239538239539,,
452,0.14937648136292356,94.51659451659452,,
453,0.1391333435994034,94.94949494949495,,
454,0.12314606080581615,95.81529581529581,,
455,0.13552851578244915,94.51659451659452,,
456,0.15883728425847676,94.51659451659452,,
457,0.12145155394371884,95.67099567099567,,
458,0.14267063242467967,94.8051948051948,,
459,0.15699943721907222,94.66089466089466,,
460,0.13459597302205634,95.0937950937951,,
461,0.12094251461015292,95.23809523809524,,
462,0.14765166731828133,94.66089466089466,,
463,0.13164242899951137,95.0937950937951,,
464,0.1380880617820167,95.81529581529581,,
465,0.1301375286812218,96.53679653679653,,
466,0.13429407184086148,95.67099567099567,,
467,0.11198230257626048,95.52669552669553,,
468,0.13477916846758703,94.08369408369408,,
469,0.13345541599681024,95.38239538239539,,
470,0.12304923716733639,95.81529581529581,,
471,0.1422664194299287,94.66089466089466,,
472,0.14560933042892818,94.37229437229438,,
473,0.13732457906007767,95.52669552669553,,
474,0.14051796622778603,94.66089466089466,,
475,0.14037029466673753,95.81529581529581,0.4204301598010125,84.41558441558442
476,0.12512509746296926,96.1038961038961,,
477,0.12330376143966403,95.67099567099567,,
478,0.11946941204745361,95.81529581529581,,
479,0.13184427752926903,95.0937950937951,,
480,0.12997192498175547,95.38239538239539,,
481,0.12251050847691375,95.52669552669553,,
482,0.11758096448399803,95.52669552669553,,
483,0.12486107563962798,95.52669552669553,,
484,0.14893971691055904,94.51659451659452,,
485,0.13979185981646416,95.0937950937951,,
486,0.14953130147786756,94.37229437229438,,
487,0.10872910510947521,95.67099567099567,,
488,0.13246677061448794,95.52669552669553,,
489,0.13703745049874677,94.66089466089466,,
490,0.12437245062677375,95.38239538239539,,
491,0.1535466576873998,94.66089466089466,,
492,0.14127887174632256,95.38239538239539,,
493,0.12031349956903278,96.1038961038961,,
494,0.11615099062307228,95.52669552669553,,
495,0.10894079692930542,95.81529581529581,,
496,0.13545393709410491,95.23809523809524,,
497,0.12016518937603908,95.95959595959596,,
498,0.1289457552790814,94.94949494949495,,
499,0.11567202488747982,94.51659451659452,,
500,0.12330567251358714,95.95959595959596,0.4483656616179974,85.71428571428571
501,0.12592240932033347,95.38239538239539,,
502,0.13265067295938687,95.67099567099567,,
503,0.12441997382719967,96.24819624819625,,
504,0.12440315906017546,96.3924963924964,,
505,0.11002437447293152,96.1038961038961,,
506,0.11310418816699955,95.81529581529581,,
507,0.14204692085842033,93.93939393939394,,
508,0.114390223702311,95.81529581529581,,
509,0.11516042856276465,95.67099567099567,,
510,0.11590087178336593,96.24819624819625,,
511,0.12856983994422708,94.94949494949495,,
512,0.1217258120813067,95.0937950937951,,
513,0.12759113126846963,94.8051948051948,,
514,0.11574420425368938,96.1038961038961,,
515,0.12321988348062936,95.23809523809524,,
516,0.0965999024308691,97.11399711399712,,
517,0.12499488116084755,95.0937950937951,,
518,0.12261846887342857,95.23809523809524,,
519,0.10878547535964636,96.68109668109668,,
520,0.12509855059040026,95.81529581529581,,
521,0.09702950323599929,96.68109668109668,,
522,0.10193511841531096,96.53679653679653,,
523,0.12146809292906119,95.67099567099567,,
524,0.12013619624261045,94.8051948051948,,
525,0.13180290663703567,95.95959595959596,0.4322887964836963,87.01298701298701
526,0.14003672878678572,94.22799422799423,,
527,0.1290384220956552,95.23809523809524,,
528,0.1150164059101245,94.8051948051948,,
529,0.11915641107621991,96.1038961038961,,
530,0.11130593861164297,96.3924963924964,,
531,0.12154406925709045,95.52669552669553,,
532,0.12649313859577044,95.67099567099567,,
533,0.13145997603780027,96.1038961038961,,
534,0.10997203155857488,95.67099567099567,,
535,0.10567200367445123,96.24819624819625,,
536,0.10248869722023671,95.95959595959596,,
537,0.1354148302544419,95.95959595959596,,
538,0.11080856320769412,96.96969696969697,,
539,0.0961664520650242,96.96969696969697,,
540,0.13105842663031636,95.0937950937951,,
541,0.1234457352713374,94.94949494949495,,
542,0.10845805812643204,96.24819624819625,,
543,0.1143469022207962,95.95959595959596,,
544,0.1065781425716944,96.82539682539682,,
545,0.10939954063206007,96.1038961038961,,
546,0.1343978163053807,95.81529581529581,,
547,0.12249695345716387,95.38239538239539,,
548,0.11898245012003278,95.0937950937951,,
549,0.1092700869984613,96.1038961038961,,
550,0.1127863752280737,95.81529581529581,0.451141289302281,88.31168831168831
551,0.12268920062703832,95.38239538239539,,
552,0.11160103138133044,96.1038961038961,,
553,0.11131707914872431,96.3924963924964,,
554,0.10052314660851917,96.68109668109668,,
555,0.10237994355191228,96.24819624819625,,
556,0.10895948717034655,95.52669552669553,,
557,0.11692855095633267,96.24819624819625,,
558,0.10453123302557768,96.24819624819625,,
559,0.0982772477325939,96.53679653679653,,
560,0.09670618247418176,96.24819624819625,,
561,0.10863210854334232,96.24819624819625,,
562,0.11933475169440541,95.81529581529581,,
563,0.09859405777284078,96.53679653679653,,
564,0.0990837493758181,96.82539682539682,,
565,0.1128917627391361,95.23809523809524,,
566,0.12150283256736497,95.67099567099567,,
567,0.12363660445202997,95.67099567099567,,
568,0.11541765893327037,95.52669552669553,,
569,0.10970630411805872,95.67099567099567,,
570,0.09682343162671485,96.68109668109668,,
571,0.11555709899503948,96.53679653679653,,
572,0.10373498118263474,96.53679653679653,,
573,0.10855157255137293,96.24819624819625,,
574,0.09930397907452064,96.68109668109668,,
575,0.1159997091750906,96.53679653679653,0.48511975539195074,85.71428571428571
576,0.12120907062135132,95.95959595959596,,
577,0.09138159699668143,97.25829725829726,,
578,0.09672731859945459,96.1038961038961,,
579,0.10170132463628595,96.96969696969697,,
580,0.10235372527595206,95.81529581529581,,
581,0.11043387976129677,96.1038961038961,,
582,0.13109775917334351,95.67099567099567,,
583,0.11025142534212633,95.67099567099567,,
584,0.10643957217706403,95.52669552669553,,
585,0.09016044781923638,96.96969696969697,,
586,0.09760598752319727,96.3924963924964,,
587,0.0818550574874121,97.40259740259741,,
588,0.105712951541291,95.81529581529581,,
589,0.09073236270728394,97.25829725829726,,
590,0.11871066207837577,95.52669552669553,,
591,0.10686367036288263,95.81529581529581,,
592,0.10300636701930911,96.68109668109668,,
593,0.08773134300461063,97.40259740259741,,
594,0.1190701500065141,95.95959595959596,,
595,0.08159531691362934,97.11399711399712,,
596,0.10856624580160439,96.3924963924964,,
597,0.1124288687727066,96.3924963924964,,
598,0.09128813120881889,96.53679653679653,,
599,0.11570997405017781,95.52669552669553,,
600,0.10240058426733141,96.3924963924964,0.4926083188552361,85.71428571428571
601,0.10148930283529418,96.96969696969697,,
602,0.09844064615763627,96.1038961038961,,
603,0.0894838110590824,96.96969696969697,,
604,0.09456967671024163,96.82539682539682,,
605,0.11512670503636287,96.96969696969697,,
606,0.10179012598305898,95.81529581529581,,
607,0.08621762927304442,97.83549783549783,,
608,0.11168559409495211,96.24819624819625,,
609,0.09805802757949884,96.1038961038961,,
610,0.10852866165587224,95.81529581529581,,
611,0.10365955989598195,96.96969696969697,,
612,0.0968853309858069,97.54689754689754,,
613,0.08098001844783194,96.68109668109668,,
614,0.09625017562340864,96.3924963924964,,
615,0.08309879638845959,97.11399711399712,,
616,0.10318121321037046,96.53679653679653,,
617,0.09016532450914383,96.68109668109668,,
618,0.0989489842630912,96.82539682539682,,
619,0.10443070185777945,96.24819624819625,,
620,0.1033787608985261,96.1038961038961,,
621,0.10593198514630828,95.81529581529581,,
622,0.09388284351875599,96.53679653679653,,
623,0.1001439511044889,95.67099567099567,,
624,0.07736311402725538,97.83549783549783,,
625,0.09659664761688302,97.11399711399712,0.5411538702326936,84.41558441558442
626,0.0788626235306349,96.96969696969697,,
627,0.1081916419937024,95.95959595959596,,
628,0.08642820280158159,97.25829725829726,,
629,0.11986255229680569,96.24819624819625,,
630,0.10600950632346486,95.52669552669553,,
631,0.0985113245261696,96.3924963924964,,
632,0.09630840453406606,96.24819624819625,,
633,0.0918027733628669,97.11399711399712,,
634,0.10579370132151555,96.3924963924964,,
635,0.08362473148320403,97.11399711399712,,
636,0.0894438758126929,96.82539682539682,,
637,0.09110532668761877,96.53679653679653,,
638,0.09263407430392495,96.53679653679653,,
639,0.09461168887787115,96.3924963924964,,
640,0.09524980464259439,96.53679653679653,,
641,0.07692691254628416,97.69119769119769,,
642,0.10662189792589019,95.81529581529581,,
643,0.10228711271505335,95.52669552669553,,
644,0.09866291568392799,96.3924963924964,,
645,0.08441720937323605,97.40259740259741,,
646,0.09831129580542639,96.68109668109668,,
647,0.09628758893965127,96.24819624819625,,
648,0.1089466078284843,96.1038961038961,,
649,0.09272035542931972,96.96969696969697,,
650,0.07110272876079722,98.12409812409813,0.5721253450814779,84.41558441558442
651,0.07221315434393386,97.83549783549783,,
652,0.10702461746089902,96.53679653679653,,
653,0.09425482347951651,96.68109668109668,,
654,0.11088351595173838,97.11399711399712,,
655,0.09936284143773336,96.82539682539682,,
656,0.09302261459922033,96.68109668109668,,
657,0.08211852047823552,97.25829725829726,,
658,0.08747163135423977,97.69119769119769,,
659,0.09386884938242804,96.53679653679653,,
660,0.08945411088517605,96.53679653679653,,
661,0.09591563477101608,96.1038961038961,,
662,0.0827412624113681,96.96969696969697,,
663,0.0845968568157324,97.11399711399712,,
664,0.09023689023860089,96.1038961038961,,
665,0.08293217123844923,97.11399711399712,,
666,0.0881889197292696,97.11399711399712,,
667,0.0884892719248135,96.3924963924964,,
668,0.09865579285361895,95.81529581529581,,
669,0.08097330120648828,96.82539682539682,,
670,0.08790086575314768,96.68109668109668,,
671,0.07743239256285916,97.69119769119769,,
672,0.10217288175186554,96.24819624819625,,
673,0.10004538201429972,96.24819624819625,,
674,0.08059185053104963,97.83549783549783,,
675,0.08237970377416666,97.11399711399712,0.5982553084175308,83.11688311688312
676,0.08512706998771784,96.82539682539682,,
677,0.07462289687487986,97.11399711399712,,
678,0.08178981205261707,96.3924963924964,,
679,0.09265784034975852,96.96969696969697,,
680,0.07872444117095047,97.11399711399712,,
681,0.08360447094427666,96.82539682539682,,
682,0.08396500055327095,97.11399711399712,,
683,0.09309993359605644,96.68109668109668,,
684,0.08433034546232498,96.68109668109668,,
685,0.0799581581594968,97.11399711399712,,
686,0.08601734601229988,96.53679653679653,,
687,0.09254935119317208,97.11399711399712,,
688,0.08925276856014738,96.82539682539682,,
689,0.091595088786205,96.53679653679653,,
690,0.0857572950917319,97.11399711399712,,
691,0.08416261182073907,96.96969696969697,,
692,0.08449212050476632,96.68109668109668,,
693,0.08983932863410245,96.53679653679653,,
694,0.07317779819557677,97.83549783549783,,
695,0.08620547958386626,96.96969696969697,,
696,0.0825831193804827,97.25829725829726,,
697,0.08573799526579624,96.96969696969697,,
698,0.07533580424535541,97.40259740259741,,
699,0.08758911725354057,96.96969696969697,,
700,0.08259123904041914,97.40259740259741,0.6550050354623175,83.11688311688312
701,0.07022865905734196,97.25829725829726,,
702,0.09121783479811653,96.1038961038961,,
703,0.10152524968267863,96.1038961038961,,
704,0.06989100094062167,97.25829725829726,,
705,0.07434012228287058,97.25829725829726,,
706,0.0759193922727655,97.54689754689754,,
707,0.07695211161030148,97.54689754689754,,
708,0.10055747525000469,96.3924963924964,,
709,0.09643208451870114,96.1038961038961,,
710,0.08359397184990701,96.96969696969697,,
711,0.08696851135039377,96.82539682539682,,
712,0.08356409629573038,96.82539682539682,,
713,0.08894822945681227,96.1038961038961,,
714,0.0762484861809282,96.82539682539682,,
715,0.08004278802510464,97.54689754689754,,
716,0.08453575201456208,96.53679653679653,,
717,0.06829900614390469,97.54689754689754,,
718,0.09324203881006392,96.24819624819625,,
719,0.07716120842408825,97.25829725829726,,
720,0.09154513395494884,96.82539682539682,,
721,0.07917028942385965,97.11399711399712,,
722,0.08006680919687985,96.68109668109668,,
723,0.09647922510278517,96.53679653679653,,
724,0.07560263289754181,97.25829725829726,,
725,0.08577211977427485,96.53679653679653,0.6258115079495814,83.11688311688312
726,0.09401498225344208,96.96969696969697,,
727,0.07633737433959782,97.25829725829726,,
728,0.05490209296625242,98.84559884559884,,
729,0.0829590367876305,97.11399711399712,,
730,0.08237857840052157,97.83549783549783,,
731,0.06852296102808152,97.54689754689754,,
732,0.08582703265782128,96.68109668109668,,
733,0.07022586765915456,97.69119769119769,,
734,0.0791168509731217,96.68109668109668,,
735,0.07246982649205223,96.82539682539682,,
736,0.05503311858634756,98.7012987012987,,
737,0.08436020906385663,96.24819624819625,,
738,0.07822126972329135,97.25829725829726,,
739,0.0654519655638271,97.40259740259741,,
740,0.07842048577975057,97.25829725829726,,
741,0.08375998615444481,97.11399711399712,,
742,0.08497062056092881,96.82539682539682,,
743,0.07347943746715967,97.11399711399712,,
744,0.07222653106866272,97.54689754689754,,
745,0.07744556774410807,97.83549783549783,,
746,0.08359134648785446,96.82539682539682,,
747,0.07670014210377198,97.11399711399712,,
748,0.06938028166777471,97.69119769119769,,
749,0.0574436541458573,98.26839826839827,,
750,0.06706113891856151,98.12409812409813,0.6925051196829065,81.81818181818181
751,0.0712235231828724,97.83549783549783,,
752,0.08964799085166977,96.24819624819625,,
753,0.06866531497644311,97.40259740259741,,
754,0.08712385086514711,96.96969696969697,,
755,0.0731729282802683,97.40259740259741,,
756,0.07483613434076997,96.96969696969697,,
757,0.0690253202200022,97.83549783549783,,
758,0.06305498760704269,98.26839826839827,,
759,0.09262230004282053,96.82539682539682,,
760,0.07485676379430861,97.11399711399712,,
761,0.06572420316013208,97.97979797979798,,
762,0.08067987571238784,96.96969696969697,,
763,0.059873886220963485,98.41269841269842,,
764,0.05662230568606014,98.41269841269842,,
765,0.06366289147910961,97.40259740259741,,
766,0.06757012095630255,97.83549783549783,,
767,0.08094573583222743,96.96969696969697,,
768,0.08109149131466988,97.11399711399712,,
769,0.05301120412545373,98.12409812409813,,
770,0.08138170444862151,96.53679653679653,,
771,0.07051878356916391,97.83549783549783,,
772,0.06702904907575288,97.40259740259741,,
773,0.0664608831749893,97.83549783549783,,
774,0.06686642791801717,97.25829725829726,,
775,0.08395572192698159,97.54689754689754,0.7412655485140813,81.81818181818181
776,0.054736788400743176,97.83549783549783,,
777,0.08628768072843895,96.82539682539682,,
778,0.06581772111281,97.40259740259741,,
779,0.06629690601427275,97.97979797979798,,
780,0.0716984308127201,97.83549783549783,,
781,0.06778083842726153,98.12409812409813,,
782,0.0678772573153694,96.96969696969697,,
783,0.05819429985340281,98.12409812409813,,
784,0.06537212923365346,97.83549783549783,,
785,0.05994822108287574,98.41269841269842,,
786,0.05765317022682182,97.54689754689754,,
787,0.061151800959399254,97.11399711399712,,
788,0.07038370627522855,97.83549783549783,,
789,0.06949794767652927,97.69119769119769,,
790,0.0694224714616671,96.82539682539682,,
791,0.06939659340772106,97.69119769119769,,
792,0.0796696866162304,97.11399711399712,,
793,0.07057382077150702,97.40259740259741,,
794,0.09105702277244718,97.25829725829726,,
795,0.0794844093583363,97.54689754689754,,
796,0.064625582073158,97.54689754689754,,
797,0.06837829251331512,98.26839826839827,,
798,0.05921876737088621,98.55699855699855,,
799,0.06833783966122252,97.69119769119769,,
800,0.08628903935202445,97.69119769119769,0.7699822535762539,84.41558441558442
801,0.05473573526305726,98.55699855699855,,
802,0.061962279583855626,97.83549783549783,,
803,0.05571895070551407,98.55699855699855,,
804,0.057436794628527604,97.69119769119769,,
805,0.06685910223543773,97.54689754689754,,
806,0.08211639024852137,96.53679653679653,,
807,0.06286102679825534,97.69119769119769,,
808,0.06099707864407681,97.54689754689754,,
809,0.07034923398563528,97.54689754689754,,
810,0.0685460279140659,97.40259740259741,,
811,0.05667622504597274,98.7012987012987,,
812,0.054467091404041344,98.12409812409813,,
813,0.05387827482284147,98.12409812409813,,
814,0.05187094599427857,98.12409812409813,,
815,0.07674203613775676,97.54689754689754,,
816,0.06965226640798484,97.40259740259741,,
817,0.08331984077132755,96.96969696969697,,
818,0.04955624762121561,99.13419913419914,,
819,0.06577168756552998,97.40259740259741,,
820,0.05389537840737581,98.41269841269842,,
821,0.07509808419715791,97.11399711399712,,
822,0.08223761807627235,96.96969696969697,,
823,0.07067198426466742,97.69119769119769,,
824,0.07266700682788012,97.25829725829726,,
825,0.04942880378576455,98.41269841269842,0.7856491935717596,81.81818181818181
826,0.05673771741844359,98.41269841269842,,
827,0.07095049345304096,97.83549783549783,,
828,0.060858835373476985,97.40259740259741,,
829,0.09407573116978181,97.40259740259741,,
830,0.05448840744524635,98.41269841269842,,
831,0.06307313390396009,97.83549783549783,,
832,0.07077766380784832,97.97979797979798,,
833,0.05657471620046344,98.7012987012987,,
834,0.06962203730064381,97.54689754689754,,
835,0.06171729392002499,98.12409812409813,,
836,0.07115539588292182,97.54689754689754,,
837,0.06327657168596704,97.97979797979798,,
838,0.06341788514475587,97.83549783549783,,
839,0.06903326740383586,97.11399711399712,,
840,0.07705906084718513,98.12409812409813,,
841,0.05974341762852875,98.12409812409813,,
842,0.06383483866861286,97.83549783549783,,
843,0.05075108875220838,98.55699855699855,,
844,0.06060114483823422,98.41269841269842,,
845,0.06857682136391406,97.69119769119769,,
846,0.05754357967713867,98.12409812409813,,
847,0.05639373919352739,98.41269841269842,,
848,0.05683550891811821,98.41269841269842,,
849,0.07980104282089814,97.40259740259741,,
850,0.07693976469466955,96.53679653679653,0.8734893752382947,83.11688311688312
851,0.05666770863455611,97.69119769119769,,
852,0.07108879104944707,97.83549783549783,,
853,0.05778982542982005,98.7012987012987,,
854,0.08089245747893102,96.82539682539682,,
855,0.07148204795467905,97.97979797979798,,
856,0.051880726510790565,98.55699855699855,,
857,0.05472919801827977,97.83549783549783,,
858,0.07323962239303974,97.25829725829726,,
859,0.06291043806369558,97.83549783549783,,
860,0.09655314894906457,97.40259740259741,,
861,0.06115502438845293,97.69119769119769,,
862,0.06426920446138533,97.54689754689754,,
863,0.05327362617179429,98.41269841269842,,
864,0.06763755636018248,97.25829725829726,,
865,0.06892695572512146,98.12409812409813,,
866,0.06590724075068606,97.54689754689754,,
867,0.06994183029855829,97.83549783549783,,
868,0.07070312193967133,97.25829725829726,,
869,0.07058444069792526,98.12409812409813,,
870,0.05008343197768191,98.84559884559884,,
871,0.06783405332295238,97.83549783549783,,
872,0.06872802605102589,97.11399711399712,,
873,0.06330016604641488,97.69119769119769,,
874,0.05173280095603602,98.55699855699855,,
875,0.05873638088176562,97.54689754689754,0.8362363832337516,80.51948051948052
876,0.06107836404565351,98.41269841269842,,
877,0.06997623122572727,97.97979797979798,,
878,0.05911684568842381,97.97979797979798,,
879,0.061093947719494494,97.97979797979798,,
880,0.055636307259572707,98.55699855699855,,
881,0.058587229510965455,97.40259740259741,,
882,0.05593500993232018,98.55699855699855,,
883,0.05775375952097503,98.26839826839827,,
884,0.06096260248539596,97.83549783549783,,
885,0.05975702801157558,97.83549783549783,,
886,0.058823447526683885,97.54689754689754,,
887,0.04297194586902814,98.7012987012987,,
888,0.05617081184708883,98.12409812409813,,
889,0.04692371982629552,98.41269841269842,,
890,0.05328427513182421,98.55699855699855,,
891,0.057946084891036045,97.83549783549783,,
892,0.03657387897995815,98.84559884559884,,
893,0.053338825627408847,97.97979797979798,,
894,0.06864255738228259,97.40259740259741,,
895,0.053427623600993325,98.12409812409813,,
896,0.06607327708627754,97.54689754689754,,
897,0.0592785772113573,97.83549783549783,,
898,0.06362073010029903,97.69119769119769,,
899,0.06763080880785036,97.83549783549783,,
900,0.051231572380313624,98.98989898989899,0.8379364214934312,83.11688311688312
901,0.0614824586938986,98.12409812409813,,
902,0.07485671794851019,97.11399711399712,,
903,0.04869095866083239,98.55699855699855,,
904,0.06376754961273542,97.83549783549783,,
905,0.0572286725345284,97.83549783549783,,
906,0.06003941978498605,97.54689754689754,,
907,0.07192756120024134,97.54689754689754,,
908,0.053430162923891654,97.83549783549783,,
909,0.06777997760298363,97.97979797979798,,
910,0.0567729663894032,98.12409812409813,,
911,0.06748043149333409,98.12409812409813,,
912,0.05672077229313692,98.12409812409813,,
913,0.05683228625374353,98.12409812409813,,
914,0.05703982428081796,98.26839826839827,,
915,0.06919739009949552,97.54689754689754,,
916,0.055638186331954866,98.26839826839827,,
917,0.07534402194412755,97.83549783549783,,
918,0.05723764135906793,98.41269841269842,,
919,0.06414578277563937,97.83549783549783,,
920,0.06238157401656971,97.40259740259741,,
921,0.047227526994752675,98.7012987012987,,
922,0.049597217471568616,98.7012987012987,,
923,0.05635777938557308,98.12409812409813,,
924,0.05244581484669903,98.41269841269842,,
925,0.0525368909374374,98.26839826839827,0.8569494934825154,81.81818181818181
926,0.05737537604153242,97.97979797979798,,
927,0.05594308308257169,98.7012987012987,,
928,0.05217808157657132,98.55699855699855,,
929,0.052753746805209965,98.41269841269842,,
930,0.057966804865634804,97.97979797979798,,
931,0.055598104406218075,97.97979797979798,,
932,0.07002875331149559,97.97979797979798,,
933,0.06340078652055577,98.41269841269842,,
934,0.06770726726867506,97.69119769119769,,
935,0.0507377383512852,98.41269841269842,,
936,0.05651719459368811,97.97979797979798,,
937,0.059883119967130444,98.26839826839827,,
938,0.04834723160004117,98.55699855699855,,
939,0.07610904525032786,97.11399711399712,,
940,0.06584830051032668,97.11399711399712,,
941,0.04847416871134595,98.41269841269842,,
942,0.04133881026446217,98.98989898989899,,
943,0.07005452101211591,97.83549783549783,,
944,0.04784997168277937,98.26839826839827,,
945,0.05557067923430584,98.26839826839827,,
946,0.05185154145973241,98.41269841269842,,
947,0.04379861640863519,98.41269841269842,,
948,0.0406185734108585,98.55699855699855,,
949,0.07641574163608049,97.97979797979798,,
950,0.056893432631142556,98.12409812409813,0.9187457174449772,84.41558441558442
951,0.05647870375469736,97.97979797979798,,
952,0.058642479776277796,98.12409812409813,,
953,0.05703502310732914,98.41269841269842,,
954,0.05922886819012926,98.26839826839827,,
955,0.04897709004043414,98.55699855699855,,
956,0.05706614856090811,97.69119769119769,,
957,0.05966379115637526,98.84559884559884,,
958,0.06081701604539225,97.83549783549783,,
959,0.042235686568728774,98.12409812409813,,
960,0.07238007720672723,97.69119769119769,,
961,0.04375797801235796,98.7012987012987,,
962,0.04858373934980939,97.83549783549783,,
963,0.06439216270193479,97.54689754689754,,
964,0.04633186244866764,98.84559884559884,,
965,0.041599545692339604,98.98989898989899,,
966,0.05349484302606138,98.41269841269842,,
967,0.06051758864879726,97.83549783549783,,
968,0.0609989963625766,98.98989898989899,,
969,0.047003289293578436,98.98989898989899,,
970,0.05079244950673345,98.55699855699855,,
971,0.053126277453111534,98.26839826839827,,
972,0.0450341236141939,98.41269841269842,,
973,0.05322169093415141,98.26839826839827,,
974,0.053541729003621044,98.41269841269842,,
975,0.04903971912368896,98.26839826839827,0.9258755182291006,83.11688311688312
976,0.06639253104059899,97.11399711399712,,
977,0.047480038180409745,98.26839826839827,,
978,0.04766851913286064,98.84559884559884,,
979,0.05414700382059873,98.26839826839827,,
980,0.035291380507664546,98.7012987012987,,
981,0.06308470083458395,98.7012987012987,,
982,0.06006363113269662,97.97979797979798,,
983,0.05464492012003456,98.26839826839827,,
984,0.05734827866694456,97.11399711399712,,
985,0.06445900836763271,97.40259740259741,,
986,0.050882092442546274,98.26839826839827,,
987,0.09590672114111408,97.25829725829726,,
988,0.05988778796283498,97.83549783549783,,
989,0.060793027604297126,98.26839826839827,,
990,0.05069703782383154,98.12409812409813,,
991,0.058830702783537206,98.12409812409813,,
992,0.05054590224811181,98.55699855699855,,
993,0.06204815083710829,97.97979797979798,,
994,0.05494306968191765,98.41269841269842,,
995,0.05260003081819884,97.97979797979798,,
996,0.038510363522116065,98.84559884559884,,
997,0.048762566895152924,98.55699855699855,,
998,0.05149666197909765,98.41269841269842,,
999,0.06333173019324348,98.26839826839827,,
1000,0.0400956350944474,98.41269841269842,1.0005089284537674,80.51948051948052
