epoch,train_loss,train_acc,test_loss,test_acc
1,0.6924185211008246,50.79365079365079,0.6851338929944224,55.84415584415584
2,0.6844287601556269,55.98845598845599,,
3,0.6865300435524482,55.122655122655125,,
4,0.6846356716162887,56.56565656565657,,
5,0.6822557682426805,55.84415584415584,,
6,0.6822125982240509,56.85425685425685,,
7,0.6806133880587711,55.98845598845599,,
8,0.6776981703818791,55.84415584415584,,
9,0.6739700815894387,56.56565656565657,,
10,0.671964803815404,55.55555555555556,,
11,0.6677683676132048,55.699855699855696,,
12,0.6610476927667813,56.70995670995671,,
13,0.6558390033537519,55.84415584415584,,
14,0.6425455980658703,60.60606060606061,,
15,0.6420518811819014,59.74025974025974,,
16,0.6287320394708653,60.60606060606061,,
17,0.6224127363676977,67.24386724386724,,
18,0.6143458547530236,65.07936507936508,,
19,0.5998374665368343,67.67676767676768,,
20,0.5927427454084201,68.3982683982684,,
21,0.5882458941416995,71.28427128427128,,
22,0.5810880973655597,72.15007215007215,,
23,0.5517393689478974,73.16017316017316,,
24,0.5597228570417925,72.72727272727273,,
25,0.5496913266904426,73.44877344877345,0.5624446261238742,68.83116883116882
26,0.5465321409667897,73.16017316017316,,
27,0.5321653634094745,73.73737373737374,,
28,0.5288791653913852,75.32467532467533,,
29,0.5403418288946495,73.16017316017316,,
30,0.5309546437614407,74.45887445887446,,
31,0.5193030073443189,74.45887445887446,,
32,0.5256542812006126,75.18037518037518,,
33,0.5155404963534632,76.33477633477634,,
34,0.5315627058347067,73.5930735930736,,
35,0.5059094813478974,76.91197691197691,,
36,0.4917748144264689,76.19047619047619,,
37,0.5113692842692695,75.9018759018759,,
38,0.5164005736165921,76.62337662337663,,
39,0.49707516533299784,76.76767676767676,,
40,0.4903023599030136,77.63347763347764,,
41,0.486748479532473,76.76767676767676,,
42,0.47451873605299477,78.64357864357865,,
43,0.47394923498104147,77.63347763347764,,
44,0.4729478598759116,76.76767676767676,,
45,0.48604728184737167,77.05627705627705,,
46,0.4740882366250604,79.50937950937951,,
47,0.48463945406855957,77.34487734487735,,
48,0.46548277453598697,78.78787878787878,,
49,0.4684853214034098,76.62337662337663,,
50,0.46345067561790887,78.78787878787878,0.4913360286842693,75.32467532467533
51,0.4697340184561962,78.64357864357865,,
52,0.46371668626649726,78.78787878787878,,
53,0.47066961686848563,77.63347763347764,,
54,0.45047618859430066,80.95238095238095,,
55,0.47408136600711814,77.4891774891775,,
56,0.46737679155357986,78.4992784992785,,
57,0.4614602295523254,79.36507936507937,,
58,0.4604710169340797,78.64357864357865,,
59,0.4604332646164199,79.94227994227994,,
60,0.4556187546958483,78.06637806637806,,
61,0.4446674769402926,79.50937950937951,,
62,0.43136512725728243,81.52958152958153,,
63,0.4363455395677905,80.08658008658008,,
64,0.4559052541400447,78.93217893217893,,
65,0.43813970938733476,78.93217893217893,,
66,0.4470565604183065,80.08658008658008,,
67,0.4376729256533957,80.37518037518038,,
68,0.441365814914263,78.06637806637806,,
69,0.4289981944736464,81.38528138528139,,
70,0.41943369661746777,80.37518037518038,,
71,0.42440521570855233,81.0966810966811,,
72,0.42394460167891707,80.23088023088023,,
73,0.4169683926678323,82.97258297258297,,
74,0.4301914263511289,78.4992784992785,,
75,0.42442669643124115,80.95238095238095,0.47644592376498435,81.81818181818181
76,0.4559347438605833,79.94227994227994,,
77,0.4417399948121493,79.50937950937951,,
78,0.43792126068649184,79.07647907647907,,
79,0.40794460193763393,82.3953823953824,,
80,0.41904339835069226,80.37518037518038,,
81,0.4265985958073906,80.8080808080808,,
82,0.420202873485945,81.38528138528139,,
83,0.420982835784791,81.38528138528139,,
84,0.4188249915150165,79.22077922077922,,
85,0.4068954988647505,81.81818181818181,,
86,0.41493308776384824,80.51948051948052,,
87,0.40699499527269284,82.68398268398268,,
88,0.4196724778129941,81.0966810966811,,
89,0.40382633899025416,82.1067821067821,,
90,0.39830860216036157,81.67388167388168,,
91,0.3866010938500945,83.54978354978356,,
92,0.3903299830262623,83.11688311688312,,
93,0.40939810248508424,80.37518037518038,,
94,0.39659258177098083,81.96248196248196,,
95,0.40228448818944407,81.24098124098124,,
96,0.4191491212507691,80.08658008658008,,
97,0.3931691971477148,82.3953823953824,,
98,0.3990768205379855,82.97258297258297,,
99,0.4125399397307144,81.0966810966811,,
100,0.38739912760206113,82.1067821067821,0.449987331768135,85.71428571428571
101,0.38780721454393297,83.54978354978356,,
102,0.3949027012006889,81.81818181818181,,
103,0.3750660383340084,83.98268398268398,,
104,0.3882228347216162,82.3953823953824,,
105,0.3671957263010749,83.83838383838383,,
106,0.3941924067544731,81.24098124098124,,
107,0.4087730646993519,81.96248196248196,,
108,0.38418783868890133,82.3953823953824,,
109,0.4046903931217276,81.96248196248196,,
110,0.4010807219435814,83.54978354978356,,
111,0.3805478670208313,83.98268398268398,,
112,0.4050499706342279,83.26118326118326,,
113,0.3933994917986541,82.25108225108225,,
114,0.38456941812069384,84.12698412698413,,
115,0.3975279934994586,83.69408369408369,,
116,0.379979903477783,82.1067821067821,,
117,0.3806782794893218,83.40548340548341,,
118,0.37851420810384323,82.3953823953824,,
119,0.36773378104186505,84.84848484848484,,
120,0.36686913662658627,83.40548340548341,,
121,0.38608424978338796,82.3953823953824,,
122,0.3793799534418538,83.69408369408369,,
123,0.368306652636067,83.98268398268398,,
124,0.37238658287308435,83.26118326118326,,
125,0.3521039318212699,83.26118326118326,0.452907037812394,84.41558441558442
126,0.3662548939042965,82.82828282828282,,
127,0.36983718051108794,83.11688311688312,,
128,0.3706084717747797,84.41558441558442,,
129,0.36441659450014946,84.84848484848484,,
130,0.3651276583881433,84.41558441558442,,
131,0.3620398665790434,83.40548340548341,,
132,0.37206897376075626,82.82828282828282,,
133,0.364093380142944,83.69408369408369,,
134,0.36570574302349945,82.53968253968254,,
135,0.375804083494397,82.68398268398268,,
136,0.34458786034136796,84.99278499278499,,
137,0.39198713264768087,82.68398268398268,,
138,0.35038313771696145,85.71428571428571,,
139,0.3705157776501616,84.7041847041847,,
140,0.37157535277747833,83.11688311688312,,
141,0.363404660470902,82.1067821067821,,
142,0.34401378985951303,85.71428571428571,,
143,0.35522880485821595,84.99278499278499,,
144,0.3590521263267743,85.13708513708514,,
145,0.34814287436128866,84.7041847041847,,
146,0.36591418558384947,84.55988455988457,,
147,0.37310124484319535,83.83838383838383,,
148,0.3444001463928608,85.71428571428571,,
149,0.352272219730146,84.99278499278499,,
150,0.35160080215545614,84.7041847041847,0.4666321614345947,85.71428571428571
151,0.3685606807298302,82.53968253968254,,
152,0.3593765136827466,84.99278499278499,,
153,0.36409111585451925,84.12698412698413,,
154,0.35309587382478974,85.71428571428571,,
155,0.376031651082321,83.69408369408369,,
156,0.38932692196118024,81.96248196248196,,
157,0.3545201264246546,83.98268398268398,,
158,0.3477379228989627,86.2914862914863,,
159,0.35177333117563486,85.13708513708514,,
160,0.34890156377961623,86.14718614718615,,
161,0.35625871254768204,83.26118326118326,,
162,0.350947660715205,84.55988455988457,,
163,0.35075907224270514,84.12698412698413,,
164,0.35072624843572986,85.13708513708514,,
165,0.3469920956555211,84.7041847041847,,
166,0.33805408979219104,86.58008658008659,,
167,0.33247191397658676,86.86868686868686,,
168,0.35470782524622535,85.42568542568543,,
169,0.3525846072003611,84.41558441558442,,
170,0.3399487102100515,85.28138528138528,,
171,0.34532238566686235,86.43578643578644,,
172,0.3273687737672704,86.43578643578644,,
173,0.3549847276007802,84.27128427128427,,
174,0.3472708248214804,85.28138528138528,,
175,0.33706078879416934,85.42568542568543,0.46102598348221224,79.22077922077922
176,0.3456235818704657,84.12698412698413,,
177,0.34385745883159996,85.13708513708514,,
178,0.3411576717790931,84.99278499278499,,
179,0.3585360647000448,85.28138528138528,,
180,0.3201289777072821,84.7041847041847,,
181,0.32014796049649924,86.43578643578644,,
182,0.3232307648245906,87.01298701298701,,
183,0.32493762521430697,86.002886002886,,
184,0.32386270823416774,86.2914862914863,,
185,0.3424454044125985,85.71428571428571,,
186,0.34587425208538985,84.99278499278499,,
187,0.3259894568338711,86.86868686868686,,
188,0.3132858436345022,86.72438672438672,,
189,0.3286790172925587,86.002886002886,,
190,0.3347414894537492,86.14718614718615,,
191,0.31972901043609797,86.86868686868686,,
192,0.31356024286275647,86.002886002886,,
193,0.32984855341016817,85.28138528138528,,
194,0.3358386581680303,85.71428571428571,,
195,0.33428632073416165,85.42568542568543,,
196,0.32585301818957746,85.71428571428571,,
197,0.3165537401883289,86.002886002886,,
198,0.3419358763429854,86.2914862914863,,
199,0.31423366929889585,88.16738816738817,,
200,0.32854637489647404,87.01298701298701,0.4603004471048132,81.81818181818181
201,0.2982666227122578,87.44588744588745,,
202,0.3265538615151745,86.002886002886,,
203,0.31528904659923535,86.72438672438672,,
204,0.33134620973214096,86.002886002886,,
205,0.32123250010037663,86.14718614718615,,
206,0.3218774790801699,87.5901875901876,,
207,0.314765924370134,86.43578643578644,,
208,0.3250589095926904,86.72438672438672,,
209,0.3260771914951041,84.41558441558442,,
210,0.3267223828110688,86.002886002886,,
211,0.32922060862936153,84.99278499278499,,
212,0.3217821682858433,86.2914862914863,,
213,0.3087777171558116,87.15728715728716,,
214,0.3074033452146841,86.2914862914863,,
215,0.30771301959844205,88.16738816738817,,
216,0.3225790299905241,86.002886002886,,
217,0.32384951090141806,86.002886002886,,
218,0.3107544814181362,88.16738816738817,,
219,0.3350034375469406,86.14718614718615,,
220,0.3035732972587514,86.86868686868686,,
221,0.30718295080493196,85.85858585858585,,
222,0.3246694232134248,85.56998556998558,,
223,0.3144162640857146,87.15728715728716,,
224,0.28688949974412353,87.44588744588745,,
225,0.33944569315229145,85.56998556998558,0.4721446803637913,83.11688311688312
226,0.31863780085314575,86.72438672438672,,
227,0.30560343124477723,87.87878787878788,,
228,0.3108096488927522,87.01298701298701,,
229,0.31364217912307896,87.01298701298701,,
230,0.3204216913657443,85.85858585858585,,
231,0.3110668288938927,86.002886002886,,
232,0.31821609670121603,87.3015873015873,,
233,0.32946362906548193,86.14718614718615,,
234,0.31727944475747805,86.14718614718615,,
235,0.31829218117017594,86.72438672438672,,
236,0.3046151052993785,86.58008658008659,,
237,0.32347742058498,86.14718614718615,,
238,0.3101794972994283,86.72438672438672,,
239,0.3115923511345493,86.58008658008659,,
240,0.3183175144343493,85.71428571428571,,
241,0.3296038808588686,87.15728715728716,,
242,0.3074404190457056,86.14718614718615,,
243,0.30941590580761347,87.44588744588745,,
244,0.27643352359920353,87.87878787878788,,
245,0.3070066822323179,85.71428571428571,,
246,0.31087110924143424,86.14718614718615,,
247,0.2845169413098353,86.86868686868686,,
248,0.3152192106408646,88.60028860028861,,
249,0.3007870435628712,87.15728715728716,,
250,0.29583924677636886,87.5901875901876,0.481790285992932,81.81818181818181
251,0.3005713199683254,86.58008658008659,,
252,0.3022948953969482,87.73448773448773,,
253,0.2884236409034564,87.5901875901876,,
254,0.30368379389525835,87.3015873015873,,
255,0.31892403311930695,87.5901875901876,,
256,0.3146855416795048,88.60028860028861,,
257,0.3160580319243592,86.58008658008659,,
258,0.28378935388328363,87.73448773448773,,
259,0.2863444442528839,88.45598845598846,,
260,0.30536839920721015,86.86868686868686,,
261,0.307971153166387,87.01298701298701,,
262,0.30318036391621545,87.5901875901876,,
263,0.2932984509638378,87.5901875901876,,
264,0.29362869264845554,87.73448773448773,,
265,0.29124057938010145,88.74458874458874,,
266,0.3035243202382524,87.5901875901876,,
267,0.3126418175656902,86.72438672438672,,
268,0.31021676030853956,87.15728715728716,,
269,0.2813389046819179,87.5901875901876,,
270,0.3010788369832445,87.15728715728716,,
271,0.29257731288026423,87.01298701298701,,
272,0.29315185807054006,88.31168831168831,,
273,0.29194660293419467,87.5901875901876,,
274,0.3041634497704444,87.44588744588745,,
275,0.2615220303745325,89.46608946608947,0.4967519590606937,83.11688311688312
276,0.2875109249551231,88.16738816738817,,
277,0.2711364629464748,89.6103896103896,,
278,0.3151186733018784,85.85858585858585,,
279,0.2983236991051816,89.03318903318903,,
280,0.2823856477699583,86.86868686868686,,
281,0.3179590158476286,86.86868686868686,,
282,0.2951880633443981,86.14718614718615,,
283,0.3114186958403126,86.86868686868686,,
284,0.2838421519872602,87.3015873015873,,
285,0.2804773191438953,87.73448773448773,,
286,0.29219114320274725,87.87878787878788,,
287,0.26618533369696673,89.03318903318903,,
288,0.28947985722733094,88.60028860028861,,
289,0.30112921959393985,88.31168831168831,,
290,0.282529524609468,87.5901875901876,,
291,0.2912470619335319,88.60028860028861,,
292,0.2827220688134561,87.87878787878788,,
293,0.28400101184758964,88.16738816738817,,
294,0.27723092606229355,87.73448773448773,,
295,0.2911564896547089,87.73448773448773,,
296,0.272510928982092,88.45598845598846,,
297,0.27951384326080225,88.45598845598846,,
298,0.28846617221488235,88.88888888888889,,
299,0.28961562918980227,88.02308802308802,,
300,0.293935788486255,87.3015873015873,0.49471393266281527,80.51948051948052
301,0.273092064624827,88.16738816738817,,
302,0.27914112407450725,88.45598845598846,,
303,0.2702514770055058,88.45598845598846,,
304,0.2922810386613678,88.45598845598846,,
305,0.29349778237796964,87.3015873015873,,
306,0.25377461744249297,88.88888888888889,,
307,0.2707170494879135,89.75468975468975,,
308,0.2884315651818615,88.31168831168831,,
309,0.28534789413514766,88.02308802308802,,
310,0.2954607410907401,86.72438672438672,,
311,0.2935011097664097,88.16738816738817,,
312,0.2585008084601998,89.75468975468975,,
313,0.2875545062931069,88.16738816738817,,
314,0.2771150635778474,88.60028860028861,,
315,0.2930756826141868,89.46608946608947,,
316,0.28816373426934855,87.44588744588745,,
317,0.3046459487678341,87.73448773448773,,
318,0.27889997528228927,88.74458874458874,,
319,0.26625586523638145,88.60028860028861,,
320,0.2907909775666172,87.87878787878788,,
321,0.27149774912545865,88.74458874458874,,
322,0.28173842871343935,89.17748917748918,,
323,0.27856895708160484,88.74458874458874,,
324,0.28357720697596994,87.5901875901876,,
325,0.24435640456528546,90.18759018759019,0.5059610551053827,83.11688311688312
326,0.2600583406366827,89.46608946608947,,
327,0.2566006950829796,88.60028860028861,,
328,0.2808120548725128,87.87878787878788,,
329,0.2553811924798148,89.46608946608947,,
330,0.26591378111193364,88.88888888888889,,
331,0.28029919438289874,87.44588744588745,,
332,0.26237721064949104,89.17748917748918,,
333,0.2716006524807103,89.6103896103896,,
334,0.2612302912692143,87.87878787878788,,
335,0.2501545673582977,89.32178932178932,,
336,0.2661499111855357,89.8989898989899,,
337,0.25743157439159625,90.33189033189034,,
338,0.2696519535341304,88.31168831168831,,
339,0.272887916533978,88.45598845598846,,
340,0.2591918445908576,89.75468975468975,,
341,0.27924140432008243,87.44588744588745,,
342,0.2663046306410393,89.03318903318903,,
343,0.2609351191341791,89.75468975468975,,
344,0.28928268048240335,88.45598845598846,,
345,0.26743967555904113,87.87878787878788,,
346,0.2503050858582253,89.32178932178932,,
347,0.2626100072871039,89.46608946608947,,
348,0.25985580037682604,89.32178932178932,,
349,0.2470398929513034,89.75468975468975,,
350,0.2570501704408665,89.17748917748918,0.5570369506037081,80.51948051948052
351,0.24391240916855925,90.33189033189034,,
352,0.2529083657875378,89.32178932178932,,
353,0.25485952445782967,89.03318903318903,,
354,0.24401250971860183,89.8989898989899,,
355,0.28909652315692985,86.86868686868686,,
356,0.2625451352323633,89.6103896103896,,
357,0.2857188347184125,87.44588744588745,,
358,0.2520343838273017,89.03318903318903,,
359,0.2664992847139873,88.60028860028861,,
360,0.25242947383876485,87.44588744588745,,
361,0.2906684631436074,87.44588744588745,,
362,0.26246352616326635,89.03318903318903,,
363,0.26075563798047074,88.74458874458874,,
364,0.24062502719623186,90.33189033189034,,
365,0.28926152571455227,87.3015873015873,,
366,0.272732070621646,87.3015873015873,,
367,0.24706797010411777,90.18759018759019,,
368,0.26486808336964807,88.74458874458874,,
369,0.2594357837330211,90.04329004329004,,
370,0.2632873882720997,89.17748917748918,,
371,0.25755942194664805,89.8989898989899,,
372,0.26215120242615625,89.03318903318903,,
373,0.2830382288792433,88.02308802308802,,
374,0.27046095061654823,88.60028860028861,,
375,0.25639735582630013,89.17748917748918,0.5412854064594615,80.51948051948052
376,0.2685284452864962,87.5901875901876,,
377,0.2456969330772693,90.18759018759019,,
378,0.25274128186238276,88.74458874458874,,
379,0.26233382959558504,88.16738816738817,,
380,0.2488737932875387,89.46608946608947,,
381,0.2558556788562008,89.46608946608947,,
382,0.26398863835854275,88.60028860028861,,
383,0.2759942125104379,86.43578643578644,,
384,0.24212142231660488,91.1976911976912,,
385,0.24637117021828675,88.88888888888889,,
386,0.2659764942991269,87.87878787878788,,
387,0.24217652822985794,89.46608946608947,,
388,0.24025619700873568,91.1976911976912,,
389,0.24706993869157753,89.17748917748918,,
390,0.2298003112222639,90.47619047619048,,
391,0.24859066062417381,89.75468975468975,,
392,0.24688437499353208,89.6103896103896,,
393,0.24370664662263566,90.18759018759019,,
394,0.27184137799824126,87.44588744588745,,
395,0.25293187075664125,89.46608946608947,,
396,0.25608720321847933,89.46608946608947,,
397,0.23676917672931375,89.32178932178932,,
398,0.24182763510796243,89.75468975468975,,
399,0.2571649791788401,88.74458874458874,,
400,0.2664520773407701,88.45598845598846,0.5444141653451052,80.51948051948052
401,0.25942346156933604,89.6103896103896,,
402,0.23898273297890613,90.76479076479076,,
403,0.2477255662497332,88.31168831168831,,
404,0.27866740909661736,88.45598845598846,,
405,0.23929476730450236,90.62049062049061,,
406,0.2588747926540189,89.03318903318903,,
407,0.24268414383326775,91.1976911976912,,
408,0.23683484446950806,90.62049062049061,,
409,0.23231969595299481,91.63059163059162,,
410,0.2748035083257447,87.87878787878788,,
411,0.25900479015849887,90.9090909090909,,
412,0.22893508655942363,91.91919191919192,,
413,0.2451849202229003,88.88888888888889,,
414,0.25435272693462013,90.18759018759019,,
415,0.26599140666306964,88.74458874458874,,
416,0.23880233930512554,90.62049062049061,,
417,0.23956219226250916,89.75468975468975,,
418,0.2315625799725754,91.05339105339105,,
419,0.23212418555783332,90.62049062049061,,
420,0.23437146178055634,89.46608946608947,,
421,0.22107995259555388,91.48629148629149,,
422,0.266838247125799,89.46608946608947,,
423,0.23621223580957662,90.33189033189034,,
424,0.24702488249342508,88.60028860028861,,
425,0.24274738578053265,90.04329004329004,0.5728691510565869,81.81818181818181
426,0.24224924185403326,90.04329004329004,,
427,0.25434797761416195,88.60028860028861,,
428,0.23872363034092847,90.04329004329004,,
429,0.23178511676291194,90.18759018759019,,
430,0.2614877574027531,89.6103896103896,,
431,0.21062653099991716,92.06349206349206,,
432,0.24132086700003214,89.03318903318903,,
433,0.2669502038288254,89.46608946608947,,
434,0.24538938741469796,88.88888888888889,,
435,0.2467131120774997,89.46608946608947,,
436,0.2516100489955078,90.18759018759019,,
437,0.22034005685286087,91.05339105339105,,
438,0.21992949767288192,90.9090909090909,,
439,0.23096586838579625,90.04329004329004,,
440,0.23814510010064593,89.6103896103896,,
441,0.2483387878231844,89.8989898989899,,
442,0.23761811877182895,90.9090909090909,,
443,0.2238843398649799,91.05339105339105,,
444,0.22855877667708485,91.1976911976912,,
445,0.23829912438365117,90.62049062049061,,
446,0.24795749310463194,90.76479076479076,,
447,0.23781860571403007,90.04329004329004,,
448,0.22655956358964652,90.33189033189034,,
449,0.23665345902050727,89.75468975468975,,
450,0.24186910540510564,88.88888888888889,0.6069489129177936,80.51948051948052
451,0.22143914205429358,90.47619047619048,,
452,0.2045478257437977,91.34199134199135,,
453,0.24840528867375455,88.74458874458874,,
454,0.23294389024269357,90.62049062049061,,
455,0.2803867311790736,88.31168831168831,,
456,0.23356904416287272,90.33189033189034,,
457,0.23322680211944496,90.9090909090909,,
458,0.21248629831132435,91.1976911976912,,
459,0.22760741043873509,90.04329004329004,,
460,0.23226864219872984,90.04329004329004,,
461,0.22635373185035298,90.04329004329004,,
462,0.2156933801084714,91.77489177489177,,
463,0.22826766550626934,91.34199134199135,,
464,0.23203827791227752,90.9090909090909,,
465,0.25372510580789476,89.32178932178932,,
466,0.21831077694204806,90.76479076479076,,
467,0.22159332843311938,91.91919191919192,,
468,0.21985007751555669,91.91919191919192,,
469,0.2199200660979421,89.75468975468975,,
470,0.21997428232801253,91.48629148629149,,
471,0.22042960799359657,91.05339105339105,,
472,0.23135209854048494,89.17748917748918,,
473,0.23822796607086325,89.17748917748918,,
474,0.21600643019655566,90.33189033189034,,
475,0.229049344814529,90.47619047619048,0.6038969263627931,80.51948051948052
476,0.21880840908999394,91.1976911976912,,
477,0.21044453819420775,91.34199134199135,,
478,0.23366507285773153,88.88888888888889,,
479,0.23853599789725755,89.6103896103896,,
480,0.21312418010510492,90.76479076479076,,
481,0.2122193586221032,91.77489177489177,,
482,0.21811106930047403,90.33189033189034,,
483,0.22391040805420834,90.76479076479076,,
484,0.2270784367945631,91.48629148629149,,
485,0.21104592170894232,90.9090909090909,,
486,0.22958454485407467,91.05339105339105,,
487,0.22441031666631134,91.34199134199135,,
488,0.2578332242656709,89.46608946608947,,
489,0.23508425252606172,89.17748917748918,,
490,0.22119216171521988,91.91919191919192,,
491,0.21404735906342578,91.63059163059162,,
492,0.21685409051880863,91.34199134199135,,
493,0.22028338642519446,91.91919191919192,,
494,0.1986538636219966,92.4963924963925,,
495,0.21595703813678774,91.05339105339105,,
496,0.23644637794893714,90.47619047619048,,
497,0.21120737064065356,90.47619047619048,,
498,0.2573109392995958,88.74458874458874,,
499,0.23149720219758166,90.18759018759019,,
500,0.21803221763427466,92.35209235209236,0.5828539373038651,81.81818181818181
501,0.1918841100702382,92.78499278499278,,
502,0.24684594229702309,88.88888888888889,,
503,0.20420878579434207,91.63059163059162,,
504,0.21311721525290742,91.48629148629149,,
505,0.21357997439124368,91.1976911976912,,
506,0.23197546117491535,91.05339105339105,,
507,0.2198020846920268,90.9090909090909,,
508,0.21737126870588822,90.33189033189034,,
509,0.2262749600118029,90.04329004329004,,
510,0.21270187041073135,91.05339105339105,,
511,0.23233337014440505,89.46608946608947,,
512,0.20180194739999538,92.35209235209236,,
513,0.226009564837078,90.18759018759019,,
514,0.21977550419206054,90.62049062049061,,
515,0.21074439274499254,91.91919191919192,,
516,0.19822570952502164,92.20779220779221,,
517,0.22270994105552355,90.47619047619048,,
518,0.20078994009057852,92.20779220779221,,
519,0.20460708678026737,92.20779220779221,,
520,0.2176497047511702,89.46608946608947,,
521,0.22797535916771552,91.77489177489177,,
522,0.20822523454739073,90.9090909090909,,
523,0.22734593962350105,89.8989898989899,,
524,0.19426780990707926,92.06349206349206,,
525,0.22462261135960038,90.04329004329004,0.6117579615735388,80.51948051948052
526,0.21259486516144713,92.06349206349206,,
527,0.24053613431106657,89.75468975468975,,
528,0.22485801134618674,90.9090909090909,,
529,0.22254671792877356,90.76479076479076,,
530,0.23015088599825662,89.75468975468975,,
531,0.21043803051522628,91.91919191919192,,
532,0.21027239090070923,91.48629148629149,,
533,0.2032932196065117,92.35209235209236,,
534,0.21402825595754565,91.1976911976912,,
535,0.1917728672682981,90.76479076479076,,
536,0.21333268493370922,90.62049062049061,,
537,0.22481033476916226,90.9090909090909,,
538,0.24006621847077023,90.33189033189034,,
539,0.2183737868569458,90.62049062049061,,
540,0.2196390883833127,91.05339105339105,,
541,0.1862768864294065,92.64069264069263,,
542,0.22714679522646797,90.76479076479076,,
543,0.21846995402724195,90.76479076479076,,
544,0.21728207874091673,91.1976911976912,,
545,0.22120706627379247,90.62049062049061,,
546,0.19967327412072713,92.92929292929293,,
547,0.23882829911824086,90.33189033189034,,
548,0.22054816519607714,91.05339105339105,,
549,0.23227907147414412,89.8989898989899,,
550,0.18685663787683024,92.06349206349206,0.681864253112248,79.22077922077922
551,0.2110880586664054,91.34199134199135,,
552,0.21395098685702205,91.1976911976912,,
553,0.19919854178917185,91.05339105339105,,
554,0.18564548215480767,93.36219336219337,,
555,0.2026017030209174,91.1976911976912,,
556,0.19617308790205534,91.05339105339105,,
557,0.21161430336610235,91.48629148629149,,
558,0.20953934430043936,90.62049062049061,,
559,0.21264696731883898,90.9090909090909,,
560,0.2020964485204753,91.48629148629149,,
561,0.1951521027505312,91.48629148629149,,
562,0.21970295740498436,91.63059163059162,,
563,0.20084884354487212,92.4963924963925,,
564,0.20987783817501812,91.63059163059162,,
565,0.2218527327712308,90.33189033189034,,
566,0.2087028713797422,92.06349206349206,,
567,0.20816319320528281,91.63059163059162,,
568,0.22504616364256128,91.34199134199135,,
569,0.20119618250575846,91.91919191919192,,
570,0.19733118413158654,92.06349206349206,,
571,0.1846452279696389,92.64069264069263,,
572,0.21468412678307097,91.34199134199135,,
573,0.21703377525183717,90.76479076479076,,
574,0.1975798961877135,90.76479076479076,,
575,0.22566642123039324,90.33189033189034,0.6683492633429441,81.81818181818181
576,0.21740073445125405,91.48629148629149,,
577,0.19362888730858138,92.06349206349206,,
578,0.21462206813422116,91.34199134199135,,
579,0.20718853264875053,91.63059163059162,,
580,0.20203129365545675,90.33189033189034,,
581,0.21438408310795243,90.9090909090909,,
582,0.21158309446507997,91.1976911976912,,
583,0.19162013053808033,92.64069264069263,,
584,0.19775051509620134,92.20779220779221,,
585,0.1994164479200286,91.48629148629149,,
586,0.18428787537467428,92.35209235209236,,
587,0.18613919592899247,92.64069264069263,,
588,0.21392935052148535,90.62049062049061,,
589,0.22009596355463693,91.05339105339105,,
590,0.21979899349666776,90.9090909090909,,
591,0.19844364289941555,90.33189033189034,,
592,0.21319912221352602,90.76479076479076,,
593,0.20762733753883478,91.91919191919192,,
594,0.20322975077939154,92.64069264069263,,
595,0.1967851362402133,91.48629148629149,,
596,0.20659715739787055,91.77489177489177,,
597,0.18322921003528145,92.20779220779221,,
598,0.1913525787266818,91.77489177489177,,
599,0.2050130267722954,91.63059163059162,,
600,0.2150422701501915,91.1976911976912,0.6639368774054887,80.51948051948052
601,0.19698491077574473,90.9090909090909,,
602,0.1841944186621672,93.07359307359307,,
603,0.18631379324593414,91.77489177489177,,
604,0.21555827495683666,92.20779220779221,,
605,0.21611670016554355,91.77489177489177,,
606,0.20471302339266906,92.78499278499278,,
607,0.19771837955945498,92.35209235209236,,
608,0.1873706171576681,92.20779220779221,,
609,0.1842730693723388,92.35209235209236,,
610,0.18884205611753258,92.06349206349206,,
611,0.22303599247125663,91.34199134199135,,
612,0.19427578267338988,92.4963924963925,,
613,0.19387047640000932,91.77489177489177,,
614,0.1925368369012684,92.78499278499278,,
615,0.20031989437849146,91.34199134199135,,
616,0.19236187193902884,92.4963924963925,,
617,0.20906091828710932,91.77489177489177,,
618,0.20623682189899434,91.05339105339105,,
619,0.1965427009810789,90.47619047619048,,
620,0.20521109642576518,91.91919191919192,,
621,0.19981573107094647,91.34199134199135,,
622,0.2042933710639783,91.63059163059162,,
623,0.19727692971325883,93.21789321789322,,
624,0.22177864080577187,91.34199134199135,,
625,0.23159644275118865,91.77489177489177,0.6103126360224439,77.92207792207792
626,0.19288449468894783,92.20779220779221,,
627,0.18598121578817245,92.4963924963925,,
628,0.17574769785307875,92.64069264069263,,
629,0.18049851008307882,93.07359307359307,,
630,0.1890151421465571,92.4963924963925,,
631,0.20496017808392966,90.9090909090909,,
632,0.20968340959770854,91.63059163059162,,
633,0.21307188953027065,91.77489177489177,,
634,0.19755143418499574,92.20779220779221,,
635,0.20371992809732928,92.20779220779221,,
636,0.18170728420497362,93.21789321789322,,
637,0.18846219937178652,92.64069264069263,,
638,0.18737857386706366,91.77489177489177,,
639,0.1902547317354108,92.64069264069263,,
640,0.1814768956208126,92.35209235209236,,
641,0.19727400874162648,91.34199134199135,,
642,0.2116083824015283,92.35209235209236,,
643,0.17841200195091628,93.07359307359307,,
644,0.1693586695073831,93.36219336219337,,
645,0.1917984988782313,92.06349206349206,,
646,0.17949062254693773,93.50649350649351,,
647,0.1916105431567711,91.77489177489177,,
648,0.21700842521579405,90.9090909090909,,
649,0.20009707864293289,91.91919191919192,,
650,0.18919052655605698,92.78499278499278,0.6492426542492656,77.92207792207792
651,0.1841365122552128,92.92929292929293,,
652,0.18249696041598465,92.06349206349206,,
653,0.17299790605150087,93.36219336219337,,
654,0.18238103590787402,93.65079365079364,,
655,0.19113118651969435,91.91919191919192,,
656,0.1778576500918098,92.4963924963925,,
657,0.19982573514720922,91.1976911976912,,
658,0.19002203271868082,91.48629148629149,,
659,0.19541305643311482,91.34199134199135,,
660,0.19896669562739383,91.48629148629149,,
661,0.20655181496518343,91.91919191919192,,
662,0.18685669936831034,92.64069264069263,,
663,0.19221287690543853,91.48629148629149,,
664,0.20708944511964036,92.06349206349206,,
665,0.18919647883887242,92.92929292929293,,
666,0.17725367900011,92.4963924963925,,
667,0.20584391990964118,91.77489177489177,,
668,0.1758448023128647,91.91919191919192,,
669,0.18756796120737193,93.65079365079364,,
670,0.19057263074843225,91.91919191919192,,
671,0.17913669553648515,93.07359307359307,,
672,0.17849128733121644,93.79509379509379,,
673,0.20748170100765312,91.48629148629149,,
674,0.18973392951282073,92.78499278499278,,
675,0.1856182977600187,91.77489177489177,0.6818603869382437,77.92207792207792
676,0.17210596898223932,93.50649350649351,,
677,0.16797747722091785,93.21789321789322,,
678,0.18886508329530902,91.34199134199135,,
679,0.1886311655845305,91.63059163059162,,
680,0.16870994057404187,93.36219336219337,,
681,0.2078906622961228,91.05339105339105,,
682,0.1641589321443357,93.93939393939394,,
683,0.1922679060981387,92.35209235209236,,
684,0.1796257109267027,93.07359307359307,,
685,0.19523658757171933,91.48629148629149,,
686,0.21159147579776605,91.1976911976912,,
687,0.20858862389733782,91.1976911976912,,
688,0.17520787083096317,92.4963924963925,,
689,0.18354132479059404,92.4963924963925,,
690,0.1862961163564248,91.1976911976912,,
691,0.17364395090511867,93.36219336219337,,
692,0.182372774998691,93.36219336219337,,
693,0.16155202598089263,93.50649350649351,,
694,0.18608558373619813,91.91919191919192,,
695,0.18275368220373064,93.07359307359307,,
696,0.1691192142547123,93.36219336219337,,
697,0.17844127567987594,92.78499278499278,,
698,0.18842174329970995,92.20779220779221,,
699,0.18292912954805907,92.92929292929293,,
700,0.1834172426170601,92.06349206349206,0.6670343233393384,80.51948051948052
701,0.19695867720620458,90.9090909090909,,
702,0.1688600250480839,94.08369408369408,,
703,0.18394143281428582,92.78499278499278,,
704,0.18492643328714164,91.91919191919192,,
705,0.1759223330545563,93.50649350649351,,
706,0.1903607877559992,92.20779220779221,,
707,0.1900392384906696,92.06349206349206,,
708,0.1752313006545644,93.36219336219337,,
709,0.1850066792440277,92.4963924963925,,
710,0.18872349641539835,91.63059163059162,,
711,0.20441803331843014,91.34199134199135,,
712,0.17344482019436136,92.64069264069263,,
713,0.1704240156523077,92.4963924963925,,
714,0.1878179016201871,91.63059163059162,,
715,0.18083979785012305,92.06349206349206,,
716,0.1710232507872891,92.92929292929293,,
717,0.18053761088056824,93.65079365079364,,
718,0.1772354965731179,91.77489177489177,,
719,0.17194400372959318,93.50649350649351,,
720,0.15262374389395225,94.08369408369408,,
721,0.17063810332835494,93.21789321789322,,
722,0.20479973750713068,91.77489177489177,,
723,0.19055736030507053,92.35209235209236,,
724,0.17960936162206861,92.06349206349206,,
725,0.18951206067832346,91.34199134199135,0.6500530134547841,80.51948051948052
726,0.16652032771667877,94.51659451659452,,
727,0.19523395746301264,92.64069264069263,,
728,0.18373506749519194,92.92929292929293,,
729,0.16598776387101816,93.50649350649351,,
730,0.16467201537728138,93.93939393939394,,
731,0.17833664695077817,92.20779220779221,,
732,0.190946226764852,92.78499278499278,,
733,0.16487406824230288,93.50649350649351,,
734,0.19494880655777747,92.20779220779221,,
735,0.18395621939138931,91.1976911976912,,
736,0.1885519739439305,92.64069264069263,,
737,0.17685328881440396,92.4963924963925,,
738,0.20178357820318202,90.76479076479076,,
739,0.1744897909365691,92.78499278499278,,
740,0.18072126235968794,93.07359307359307,,
741,0.16558041106398833,93.36219336219337,,
742,0.18850798906508462,92.06349206349206,,
743,0.16254544249919886,93.50649350649351,,
744,0.1822205555785184,92.06349206349206,,
745,0.1907531347496685,92.4963924963925,,
746,0.1729990720404863,92.20779220779221,,
747,0.1622434224931958,92.92929292929293,,
748,0.18301085831024946,92.20779220779221,,
749,0.16987263382524037,92.35209235209236,,
750,0.1668604565260214,93.21789321789322,0.6935813485027907,79.22077922077922
751,0.15433525784588908,93.50649350649351,,
752,0.18463084667189986,92.20779220779221,,
753,0.16749924401958266,93.21789321789322,,
754,0.17159622530271482,94.22799422799423,,
755,0.17933341888186735,92.92929292929293,,
756,0.1695461498968529,92.92929292929293,,
757,0.16375224785220743,94.37229437229438,,
758,0.17312563252655458,93.36219336219337,,
759,0.14845379665601477,94.8051948051948,,
760,0.16712365353219266,93.36219336219337,,
761,0.1844950971149263,92.64069264069263,,
762,0.19287028747730356,92.64069264069263,,
763,0.16114269958440788,94.37229437229438,,
764,0.17059709658106442,92.92929292929293,,
765,0.1665273295852529,93.93939393939394,,
766,0.19434329811456744,91.1976911976912,,
767,0.18713418754492314,91.91919191919192,,
768,0.16974539527989396,92.92929292929293,,
769,0.16968851757987066,92.4963924963925,,
770,0.14960519181400495,93.50649350649351,,
771,0.16971535236180946,93.07359307359307,,
772,0.16861548567725637,93.07359307359307,,
773,0.15045800678765275,93.93939393939394,,
774,0.17785837242183575,92.64069264069263,,
775,0.18783644443810588,92.4963924963925,0.7026900331695358,79.22077922077922
776,0.18034172812839608,92.78499278499278,,
777,0.16331808352883245,93.50649350649351,,
778,0.1625597880774246,93.50649350649351,,
779,0.16523018735628925,93.79509379509379,,
780,0.1874863856282585,91.34199134199135,,
781,0.1767771290279226,92.92929292929293,,
782,0.15282949826762102,93.79509379509379,,
783,0.15052308386237417,93.79509379509379,,
784,0.1861663568458516,91.77489177489177,,
785,0.15819221858639393,93.21789321789322,,
786,0.1634485749111203,92.92929292929293,,
787,0.1706643309712969,93.21789321789322,,
788,0.1772309597017187,92.06349206349206,,
789,0.16157955425814288,94.22799422799423,,
790,0.15879057635503457,93.36219336219337,,
791,0.1724986722760042,91.63059163059162,,
792,0.167804990096816,93.50649350649351,,
793,0.19253526195819243,91.48629148629149,,
794,0.15851170808872447,93.79509379509379,,
795,0.17814860829457232,92.4963924963925,,
796,0.1719344091449809,94.08369408369408,,
797,0.1719380770131279,93.50649350649351,,
798,0.20814325578651996,91.1976911976912,,
799,0.16636319788546444,93.21789321789322,,
800,0.18843659579022795,93.21789321789322,0.6892058903520758,77.92207792207792
801,0.17176468968982733,92.78499278499278,,
802,0.15196963064211272,94.08369408369408,,
803,0.15536876088398016,93.36219336219337,,
804,0.1515295599704181,94.66089466089466,,
805,0.16243468477672254,93.21789321789322,,
806,0.18594256205491663,92.92929292929293,,
807,0.16366363178083906,93.65079365079364,,
808,0.15081807416238827,94.51659451659452,,
809,0.1670549479870913,93.50649350649351,,
810,0.1597146178887348,93.93939393939394,,
811,0.15112624576511494,93.50649350649351,,
812,0.16661488951800704,93.07359307359307,,
813,0.1822470026131058,92.20779220779221,,
814,0.1715177328824395,94.08369408369408,,
815,0.14966965258702056,93.79509379509379,,
816,0.18204368621750613,92.92929292929293,,
817,0.158975907562443,93.07359307359307,,
818,0.16729882999201012,93.50649350649351,,
819,0.17003412551782798,93.07359307359307,,
820,0.16208764269926504,94.08369408369408,,
821,0.14782131305246643,93.65079365079364,,
822,0.15740632499107207,93.21789321789322,,
823,0.1443312835636378,94.22799422799423,,
824,0.1775708571398929,92.35209235209236,,
825,0.15320325979336688,93.93939393939394,0.7697692025791515,76.62337662337663
826,0.17676053818686183,93.65079365079364,,
827,0.1876319567276458,92.92929292929293,,
828,0.16161391919567472,93.07359307359307,,
829,0.1626112609349116,93.50649350649351,,
830,0.15185960411520144,94.37229437229438,,
831,0.17011745437485143,93.50649350649351,,
832,0.15648565188716845,94.51659451659452,,
833,0.14529737336413254,94.51659451659452,,
834,0.16411105774525783,93.21789321789322,,
835,0.17883815359415603,91.1976911976912,,
836,0.16474805172387655,92.92929292929293,,
837,0.1385964650612373,95.0937950937951,,
838,0.16823688142631918,93.65079365079364,,
839,0.1526782668557174,93.79509379509379,,
840,0.14980043992292658,94.51659451659452,,
841,0.15196359988092345,94.66089466089466,,
842,0.14639395449584697,94.8051948051948,,
843,0.13617493341237435,95.0937950937951,,
844,0.18584600809160592,91.34199134199135,,
845,0.17832515285515682,92.20779220779221,,
846,0.16040958510107034,94.8051948051948,,
847,0.15003790595658759,94.51659451659452,,
848,0.15147907303009198,94.22799422799423,,
849,0.1589105390926116,93.93939393939394,,
850,0.16830055382436016,93.36219336219337,0.7299369964506719,77.92207792207792
851,0.15323980582654906,94.66089466089466,,
852,0.15942406473200216,93.36219336219337,,
853,0.14978429767562543,93.93939393939394,,
854,0.1657361990918673,92.64069264069263,,
855,0.13856653914307104,93.93939393939394,,
856,0.1476006211624259,92.92929292929293,,
857,0.14375194012688697,93.65079365079364,,
858,0.14131414870937148,95.0937950937951,,
859,0.18279064456632557,91.63059163059162,,
860,0.164440415595345,92.4963924963925,,
861,0.16320079062295295,93.36219336219337,,
862,0.16938281760243282,93.50649350649351,,
863,0.1792639501038052,92.06349206349206,,
864,0.1503054646595044,94.08369408369408,,
865,0.17699513677910808,92.4963924963925,,
866,0.16274160161764936,93.50649350649351,,
867,0.15588344197080592,92.64069264069263,,
868,0.1678848100791203,93.36219336219337,,
869,0.14347669885401085,93.93939393939394,,
870,0.15459984713496067,93.50649350649351,,
871,0.17230223396639804,93.79509379509379,,
872,0.12709101278759527,95.23809523809524,,
873,0.1342831350873731,95.23809523809524,,
874,0.1683665354121987,92.92929292929293,,
875,0.1670739921656522,93.36219336219337,0.8488209510778452,76.62337662337663
876,0.15060703699916472,94.66089466089466,,
877,0.15500005791541646,93.65079365079364,,
878,0.14900236310165854,93.65079365079364,,
879,0.1632897834391649,92.78499278499278,,
880,0.15535309798961766,93.21789321789322,,
881,0.18281280323540494,92.20779220779221,,
882,0.14820447099673284,92.92929292929293,,
883,0.14255648640671162,93.65079365079364,,
884,0.14102472903970636,94.51659451659452,,
885,0.15450593053993553,94.51659451659452,,
886,0.1676292232147715,92.4963924963925,,
887,0.15736178001106688,93.21789321789322,,
888,0.15164780965099087,93.65079365079364,,
889,0.17066222915229687,92.92929292929293,,
890,0.17263523339795173,93.93939393939394,,
891,0.16479002587593994,92.64069264069263,,
892,0.15511066080601874,92.92929292929293,,
893,0.16008850805257133,92.92929292929293,,
894,0.1587364701997666,92.64069264069263,,
895,0.17304261520633965,92.64069264069263,,
896,0.1459823175082131,93.07359307359307,,
897,0.15937646050516832,93.07359307359307,,
898,0.14714879257682426,93.21789321789322,,
899,0.14992536941454523,93.36219336219337,,
900,0.1638703608581686,92.78499278499278,0.8576815886930986,77.92207792207792
901,0.14953432357930518,93.65079365079364,,
902,0.1388325666119096,94.37229437229438,,
903,0.15814767262399798,93.65079365079364,,
904,0.1597258611696451,92.92929292929293,,
905,0.14665290008031617,93.79509379509379,,
906,0.1380220338981733,94.8051948051948,,
907,0.14428162702707328,94.08369408369408,,
908,0.15146787138857368,92.92929292929293,,
909,0.1325030362214705,94.94949494949495,,
910,0.16481472364214247,93.93939393939394,,
911,0.15527481623370237,94.37229437229438,,
912,0.17023532578525433,93.93939393939394,,
913,0.13593852803820655,94.51659451659452,,
914,0.14701528460443192,94.66089466089466,,
915,0.1714032833151315,93.07359307359307,,
916,0.1462749315368302,93.21789321789322,,
917,0.18576691993129202,91.34199134199135,,
918,0.14761474903828825,94.08369408369408,,
919,0.1759897657867634,93.21789321789322,,
920,0.1442147088794825,94.08369408369408,,
921,0.16716189362097955,92.4963924963925,,
922,0.1495256314718018,93.79509379509379,,
923,0.155067279332816,93.50649350649351,,
924,0.153327238121074,92.92929292929293,,
925,0.15467825300808766,93.79509379509379,0.822547265461513,75.32467532467533
926,0.14842955540451738,93.21789321789322,,
927,0.1783363272101332,92.4963924963925,,
928,0.1740265168238856,93.07359307359307,,
929,0.16162270619325653,93.21789321789322,,
930,0.14607363840374252,93.65079365079364,,
931,0.14703443532468263,94.37229437229438,,
932,0.14646578445213526,93.21789321789322,,
933,0.13855430093549548,93.65079365079364,,
934,0.15346050576923728,93.79509379509379,,
935,0.14627607297394182,93.79509379509379,,
936,0.1491125173985012,94.08369408369408,,
937,0.14586826442898093,93.79509379509379,,
938,0.14869116526769008,94.08369408369408,,
939,0.1399247059316346,94.51659451659452,,
940,0.1512586660844423,93.65079365079364,,
941,0.1469361829809296,93.36219336219337,,
942,0.1858631909044102,92.64069264069263,,
943,0.14193368342961757,93.36219336219337,,
944,0.13951114757580502,95.0937950937951,,
945,0.14536884913024792,94.22799422799423,,
946,0.15125940475629004,94.22799422799423,,
947,0.15744924171683936,93.36219336219337,,
948,0.16289612947604357,93.07359307359307,,
949,0.13071118786522493,95.23809523809524,,
950,0.14203514184528615,94.22799422799423,0.9486425650584234,74.02597402597402
951,0.1450086646050774,94.66089466089466,,
952,0.15575068093793304,93.50649350649351,,
953,0.1426354210802272,93.65079365079364,,
954,0.14636477198005582,93.65079365079364,,
955,0.14386381455905423,93.93939393939394,,
956,0.13460064037268898,94.08369408369408,,
957,0.14394032164150244,94.8051948051948,,
958,0.1503748364778824,94.22799422799423,,
959,0.1267245676782396,94.8051948051948,,
960,0.15035624162416267,93.79509379509379,,
961,0.1323532885932303,95.38239538239539,,
962,0.13929643943196252,94.66089466089466,,
963,0.15682919319547056,92.78499278499278,,
964,0.14189263341564035,94.22799422799423,,
965,0.14280275796226952,94.08369408369408,,
966,0.16008898569606944,93.36219336219337,,
967,0.1488879005307759,94.51659451659452,,
968,0.12508707812854222,94.94949494949495,,
969,0.14987815001275268,93.93939393939394,,
970,0.136454946550972,94.37229437229438,,
971,0.12977787744775307,95.0937950937951,,
972,0.15133951729080206,94.08369408369408,,
973,0.13696788902893228,93.50649350649351,,
974,0.14361726291595944,94.08369408369408,,
975,0.15449055207928195,93.36219336219337,0.8015973455720133,76.62337662337663
976,0.1629361142263268,92.78499278499278,,
977,0.13952689504984653,94.08369408369408,,
978,0.1419395324686733,94.66089466089466,,
979,0.1337761590405116,94.37229437229438,,
980,0.16287963223491742,92.92929292929293,,
981,0.16260984234651618,92.92929292929293,,
982,0.15423719455927482,93.07359307359307,,
983,0.14640724033246308,94.37229437229438,,
984,0.16446279809631484,92.78499278499278,,
985,0.14202250684322562,94.8051948051948,,
986,0.14898953108388452,94.37229437229438,,
987,0.14405614120447618,94.51659451659452,,
988,0.1605330930557774,93.36219336219337,,
989,0.1597058071766968,94.08369408369408,,
990,0.13991398052251958,94.37229437229438,,
991,0.1353750510025678,94.08369408369408,,
992,0.1329454569761543,94.51659451659452,,
993,0.14251271336252103,94.94949494949495,,
994,0.14991047949910508,93.36219336219337,,
995,0.14268529019755288,94.51659451659452,,
996,0.15856071938942004,93.21789321789322,,
997,0.14592858937718137,93.65079365079364,,
998,0.1306165845965238,95.38239538239539,,
999,0.15739107211516878,94.08369408369408,,
1000,0.13302317765389515,94.66089466089466,0.8388282826968602,74.02597402597402
