epoch,train_loss,train_acc,test_loss,test_acc
1,0.688056297202475,54.68975468975469,0.685139646777859,55.84415584415584
2,0.6867089244882437,55.98845598845599,,
3,0.6858058445381395,55.98845598845599,,
4,0.682015984433382,55.98845598845599,,
5,0.6778682064356398,55.98845598845599,,
6,0.6776084292674649,55.98845598845599,,
7,0.6735850077170831,55.84415584415584,,
8,0.6680356530744104,56.42135642135642,,
9,0.6650087631282008,57.142857142857146,,
10,0.6603960015557029,56.132756132756136,,
11,0.6581678347498136,55.84415584415584,,
12,0.6538977498271936,59.01875901875902,,
13,0.6542097071204522,58.58585858585859,,
14,0.6303379668989911,62.77056277056277,,
15,0.6294614905746813,64.93506493506493,,
16,0.6248483804053214,67.96536796536796,,
17,0.6183271345294055,65.07936507936508,,
18,0.6141265444081239,66.37806637806638,,
19,0.5992799292051086,68.54256854256855,,
20,0.5964251633674379,69.11976911976912,,
21,0.5923264100610092,69.55266955266956,,
22,0.5730705090931484,71.13997113997114,,
23,0.5749263267152409,71.28427128427128,,
24,0.5677994764900482,70.85137085137085,,
25,0.5618169123648221,71.28427128427128,0.5665585251597615,72.72727272727273
26,0.5568955855452137,73.01587301587301,,
27,0.5435287893936576,73.3044733044733,,
28,0.5287168599654414,74.45887445887446,,
29,0.5381348345530842,74.02597402597402,,
30,0.539263207589049,73.16017316017316,,
31,0.5360651971801879,73.01587301587301,,
32,0.5384098847019035,73.01587301587301,,
33,0.515270508556999,74.31457431457432,,
34,0.5210675147790758,75.9018759018759,,
35,0.5107607518955742,74.17027417027417,,
36,0.5035175491893102,76.47907647907648,,
37,0.501493932364823,74.17027417027417,,
38,0.4998828304278386,74.60317460317461,,
39,0.49338995432010807,77.05627705627705,,
40,0.47560256917411287,76.62337662337663,,
41,0.49033892515933875,77.34487734487735,,
42,0.46964157694173925,77.2005772005772,,
43,0.48001260141617635,76.19047619047619,,
44,0.472638196071333,78.64357864357865,,
45,0.4998155242264873,75.75757575757575,,
46,0.472518900944213,77.4891774891775,,
47,0.47194692716109976,77.34487734487735,,
48,0.47224393370863677,78.64357864357865,,
49,0.46939191544726816,78.78787878787878,,
50,0.47851161084649885,77.2005772005772,0.5143826387145303,75.32467532467533
51,0.4710068297592592,78.4992784992785,,
52,0.4727893186166001,78.06637806637806,,
53,0.4684659854588227,80.08658008658008,,
54,0.4832532931371857,77.63347763347764,,
55,0.4766161490828444,77.34487734487735,,
56,0.45141438505522274,80.51948051948052,,
57,0.4447271376203149,79.50937950937951,,
58,0.44552075398432744,78.35497835497836,,
59,0.4422643303355097,79.79797979797979,,
60,0.4423182690126383,78.78787878787878,,
61,0.4532038829199335,77.77777777777777,,
62,0.4644841599085974,78.78787878787878,,
63,0.44161342469300713,79.94227994227994,,
64,0.4607236283854145,77.92207792207792,,
65,0.46204668790919096,78.78787878787878,,
66,0.4433358713747963,79.36507936507937,,
67,0.43168292563370986,81.24098124098124,,
68,0.43130572456302063,81.38528138528139,,
69,0.4149163682739456,81.38528138528139,,
70,0.42540414442145635,80.51948051948052,,
71,0.4131623999380962,83.69408369408369,,
72,0.4303840170002947,79.94227994227994,,
73,0.42867944225088345,80.37518037518038,,
74,0.4178165646772536,80.95238095238095,,
75,0.4230606239423435,78.64357864357865,0.4702477509325201,76.62337662337663
76,0.4126108418639432,81.0966810966811,,
77,0.41720984572972053,81.0966810966811,,
78,0.3919920524821481,82.25108225108225,,
79,0.41936654316914546,81.96248196248196,,
80,0.4089042339662109,81.24098124098124,,
81,0.4128150950692605,82.82828282828282,,
82,0.41353718018290975,81.81818181818181,,
83,0.39485935391629756,83.26118326118326,,
84,0.40855465018732035,81.81818181818181,,
85,0.40735635359221894,80.8080808080808,,
86,0.4034802235910215,82.25108225108225,,
87,0.42717235102109924,80.51948051948052,,
88,0.41572497008854864,81.38528138528139,,
89,0.4030547847737482,83.98268398268398,,
90,0.4026569076430746,81.24098124098124,,
91,0.40680592675917765,82.1067821067821,,
92,0.40496960510251157,80.51948051948052,,
93,0.4075921510721182,80.51948051948052,,
94,0.4086206199716868,80.8080808080808,,
95,0.38964059278046415,83.54978354978356,,
96,0.3997506514772192,82.82828282828282,,
97,0.3727993837424687,83.40548340548341,,
98,0.37011238713285105,83.83838383838383,,
99,0.3767434952062962,84.41558441558442,,
100,0.38977153489600014,82.97258297258297,0.45584109928700833,81.81818181818181
101,0.376160807724811,83.54978354978356,,
102,0.3971102291027361,81.81818181818181,,
103,0.37359457864045753,83.40548340548341,,
104,0.38249978924124445,81.38528138528139,,
105,0.37418678587821314,83.98268398268398,,
106,0.36558533781362645,84.7041847041847,,
107,0.37915828045656497,83.54978354978356,,
108,0.38101727572440414,82.97258297258297,,
109,0.3837515532024323,83.98268398268398,,
110,0.3661687272623676,84.41558441558442,,
111,0.38281041400945204,82.97258297258297,,
112,0.35785389699117104,85.42568542568543,,
113,0.38106952511408454,81.96248196248196,,
114,0.3709740193203242,83.40548340548341,,
115,0.36356306398585764,83.54978354978356,,
116,0.35950616230008237,83.26118326118326,,
117,0.3592483746196973,83.40548340548341,,
118,0.3630575728192818,83.40548340548341,,
119,0.3708727583396658,83.54978354978356,,
120,0.38692036339902947,82.3953823953824,,
121,0.36066510155259446,84.7041847041847,,
122,0.35655184340640406,82.82828282828282,,
123,0.35711306223879646,84.55988455988457,,
124,0.35645356518720395,85.13708513708514,,
125,0.35883060992194116,85.13708513708514,0.4574930803342299,80.51948051948052
126,0.36018714003404667,85.56998556998558,,
127,0.3514952076461924,84.55988455988457,,
128,0.37107578203791663,83.83838383838383,,
129,0.3593304515487016,86.14718614718615,,
130,0.3719128044308694,83.54978354978356,,
131,0.38097620750058436,82.97258297258297,,
132,0.3558551946071663,84.99278499278499,,
133,0.35872145708849246,84.84848484848484,,
134,0.34584562673971253,85.42568542568543,,
135,0.3549839181215388,84.99278499278499,,
136,0.3603281815674742,83.11688311688312,,
137,0.353096764841121,84.7041847041847,,
138,0.3594724845146548,84.7041847041847,,
139,0.33107516461980635,86.2914862914863,,
140,0.3583789017551389,85.56998556998558,,
141,0.3355479309225151,85.28138528138528,,
142,0.3516743920238159,83.40548340548341,,
143,0.3384508770953697,85.71428571428571,,
144,0.35897007085716226,85.13708513708514,,
145,0.34705810724054753,84.7041847041847,,
146,0.34321768100213523,84.84848484848484,,
147,0.3651555057985958,82.53968253968254,,
148,0.3421291374798977,87.3015873015873,,
149,0.3417317871579532,86.14718614718615,,
150,0.3408206101791855,85.71428571428571,0.4790674637664448,81.81818181818181
151,0.34438719375739024,85.42568542568543,,
152,0.3577149354491227,83.98268398268398,,
153,0.36609515620860533,84.27128427128427,,
154,0.3355439826523587,85.71428571428571,,
155,0.3496143796829262,84.99278499278499,,
156,0.35362085473184807,85.56998556998558,,
157,0.3374379563641238,86.002886002886,,
158,0.32844824643878195,85.28138528138528,,
159,0.32078105043539235,85.56998556998558,,
160,0.3370851207347143,86.002886002886,,
161,0.319679734467772,86.2914862914863,,
162,0.3400717867057217,87.3015873015873,,
163,0.33087567441047183,84.27128427128427,,
164,0.3374143611387085,85.56998556998558,,
165,0.32786438195908396,86.002886002886,,
166,0.3209453114613482,86.86868686868686,,
167,0.3142614338821147,85.85858585858585,,
168,0.32984005338357814,85.42568542568543,,
169,0.33473587543589384,86.43578643578644,,
170,0.33502337636498664,86.86868686868686,,
171,0.33711779203593817,84.41558441558442,,
172,0.3307994252922817,85.71428571428571,,
173,0.3256946165668328,85.85858585858585,,
174,0.31396904359820255,85.56998556998558,,
175,0.31162243092386926,86.86868686868686,0.4748046738760812,77.92207792207792
176,0.3273038616428128,84.7041847041847,,
177,0.3315428381874448,86.2914862914863,,
178,0.3459273270542315,84.41558441558442,,
179,0.3099883739523385,87.15728715728716,,
180,0.3293089091476768,86.14718614718615,,
181,0.32355273225778797,87.15728715728716,,
182,0.3133091754770554,86.2914862914863,,
183,0.33220482543433383,84.84848484848484,,
184,0.32569693581538456,87.15728715728716,,
185,0.30562907607868467,87.3015873015873,,
186,0.3300273386602966,85.71428571428571,,
187,0.32042672559296415,86.2914862914863,,
188,0.2934858079080458,88.02308802308802,,
189,0.3299698608606237,86.14718614718615,,
190,0.313428423578433,87.44588744588745,,
191,0.32251980257842794,85.42568542568543,,
192,0.3253562750689911,87.44588744588745,,
193,0.2965470721883347,88.74458874458874,,
194,0.30594129987265295,87.15728715728716,,
195,0.31366748811104594,86.2914862914863,,
196,0.32507996547101725,87.01298701298701,,
197,0.32396595266044226,86.86868686868686,,
198,0.3131776157051626,87.3015873015873,,
199,0.3282299055509581,86.72438672438672,,
200,0.32737929024565615,86.2914862914863,0.48696994123520787,79.22077922077922
201,0.315796558174048,85.85858585858585,,
202,0.29553707346083624,87.73448773448773,,
203,0.31152860392395726,86.14718614718615,,
204,0.29468024806972876,88.02308802308802,,
205,0.312380805590108,87.15728715728716,,
206,0.3146415375398867,86.58008658008659,,
207,0.3027265392577149,87.01298701298701,,
208,0.31284790538778207,86.2914862914863,,
209,0.2844861016473041,87.73448773448773,,
210,0.31228531875565624,85.85858585858585,,
211,0.3198964866617369,87.15728715728716,,
212,0.3177349828022383,86.86868686868686,,
213,0.3004730739032723,87.3015873015873,,
214,0.29838511711161203,87.5901875901876,,
215,0.30479871882676735,87.15728715728716,,
216,0.3048434030442011,86.2914862914863,,
217,0.31294436989322544,85.71428571428571,,
218,0.3075065343475445,86.72438672438672,,
219,0.3104062144890492,87.15728715728716,,
220,0.2982815136705642,88.16738816738817,,
221,0.30404401808160036,86.43578643578644,,
222,0.30207389988768496,86.86868686868686,,
223,0.294144020489757,87.73448773448773,,
224,0.3178643331383214,87.01298701298701,,
225,0.298520389487389,86.58008658008659,0.4656268973629196,77.92207792207792
226,0.306770049051676,87.01298701298701,,
227,0.30983725469693824,87.01298701298701,,
228,0.28041787365986326,88.16738816738817,,
229,0.2886918916717752,88.16738816738817,,
230,0.31211394282302474,86.86868686868686,,
231,0.32577600030155923,85.85858585858585,,
232,0.2990351522725726,86.002886002886,,
233,0.30017311314139705,88.45598845598846,,
234,0.3048296609482208,87.44588744588745,,
235,0.28820313459522967,88.02308802308802,,
236,0.29212828671820407,86.58008658008659,,
237,0.2973361801447462,87.01298701298701,,
238,0.2901808500483439,87.3015873015873,,
239,0.305630010959906,86.2914862914863,,
240,0.2818584314844481,88.74458874458874,,
241,0.2972782307545,88.16738816738817,,
242,0.2946303106231607,87.73448773448773,,
243,0.2965130234005475,87.73448773448773,,
244,0.2761815906936386,87.73448773448773,,
245,0.2893627911354556,87.44588744588745,,
246,0.28574384712381623,87.3015873015873,,
247,0.28748590037936256,87.5901875901876,,
248,0.28978199575198504,87.5901875901876,,
249,0.2978059518302846,87.01298701298701,,
250,0.28284139501153993,88.88888888888889,0.4925366415605917,79.22077922077922
251,0.2956265565894899,87.73448773448773,,
252,0.28017275452527823,88.45598845598846,,
253,0.2863682955987268,87.87878787878788,,
254,0.30546736751627956,86.14718614718615,,
255,0.28660956502476814,88.45598845598846,,
256,0.2808325130487073,88.31168831168831,,
257,0.27620010325230904,88.88888888888889,,
258,0.2836651529197569,88.16738816738817,,
259,0.2899979538839273,87.01298701298701,,
260,0.28041211217856854,87.5901875901876,,
261,0.28794509200392693,88.74458874458874,,
262,0.2886186434119983,87.44588744588745,,
263,0.28110816851150766,88.16738816738817,,
264,0.28514026081751265,89.46608946608947,,
265,0.2867501802301682,89.03318903318903,,
266,0.2945541479069777,88.31168831168831,,
267,0.28528651547810385,88.02308802308802,,
268,0.2773817718072027,89.6103896103896,,
269,0.27769278600532427,88.74458874458874,,
270,0.2728639439414934,88.74458874458874,,
271,0.2506084470951884,89.17748917748918,,
272,0.28701880982771927,88.16738816738817,,
273,0.2813633721413206,88.16738816738817,,
274,0.2623035396848406,89.17748917748918,,
275,0.2840318157301321,88.02308802308802,0.464900461884288,79.22077922077922
276,0.28027356414911897,88.60028860028861,,
277,0.2838451623658597,88.60028860028861,,
278,0.28654220162704047,89.03318903318903,,
279,0.27093117719604853,89.46608946608947,,
280,0.29678774583133266,87.5901875901876,,
281,0.2728140294809878,88.88888888888889,,
282,0.26850094432266586,88.88888888888889,,
283,0.2700196518784478,89.75468975468975,,
284,0.26842885596669597,88.16738816738817,,
285,0.2598686712924364,89.46608946608947,,
286,0.2490372998373849,91.77489177489177,,
287,0.26506030550938836,88.45598845598846,,
288,0.25518051781093576,91.1976911976912,,
289,0.2660579325316788,89.17748917748918,,
290,0.2794859899156881,89.03318903318903,,
291,0.25713758931789565,89.6103896103896,,
292,0.28198422781832805,89.8989898989899,,
293,0.2893708294518238,89.03318903318903,,
294,0.25139320877207305,90.18759018759019,,
295,0.2640814040001337,89.32178932178932,,
296,0.2662359880764591,88.74458874458874,,
297,0.27652780494476636,88.02308802308802,,
298,0.279479850975939,88.31168831168831,,
299,0.28707033836566354,88.45598845598846,,
300,0.26380618800063754,89.8989898989899,0.5090561114348374,77.92207792207792
301,0.2639164047538804,90.33189033189034,,
302,0.2820122005770045,88.60028860028861,,
303,0.2562039548700506,89.6103896103896,,
304,0.2651908445624906,88.60028860028861,,
305,0.2858620759685662,88.02308802308802,,
306,0.25282078396534335,90.9090909090909,,
307,0.26670260957481196,88.16738816738817,,
308,0.2775837300885549,88.31168831168831,,
309,0.2898574626290953,87.87878787878788,,
310,0.28349821426479677,87.73448773448773,,
311,0.2729978776855386,88.88888888888889,,
312,0.2722045200491192,88.74458874458874,,
313,0.23646947330812698,90.9090909090909,,
314,0.2714822841929151,88.45598845598846,,
315,0.26051895133344644,89.32178932178932,,
316,0.25398416557009257,89.75468975468975,,
317,0.28444478745756385,88.88888888888889,,
318,0.24614724259914947,90.47619047619048,,
319,0.27240884294370554,89.03318903318903,,
320,0.26068660629776136,89.6103896103896,,
321,0.24928801537936213,88.45598845598846,,
322,0.2504740810454494,89.03318903318903,,
323,0.2572748007368388,89.75468975468975,,
324,0.2882994216843945,88.88888888888889,,
325,0.26411754451960884,89.46608946608947,0.4686006892037082,80.51948051948052
326,0.24123966838213015,91.05339105339105,,
327,0.23798085058922375,90.62049062049061,,
328,0.2528824930927282,90.62049062049061,,
329,0.24753836773518703,90.47619047619048,,
330,0.24282398946787545,88.74458874458874,,
331,0.2636053566464786,88.74458874458874,,
332,0.262178814901418,88.74458874458874,,
333,0.25308194425370956,89.03318903318903,,
334,0.24563002207922557,90.62049062049061,,
335,0.26898857796346987,88.16738816738817,,
336,0.26224508382713296,90.18759018759019,,
337,0.24022360647589097,89.17748917748918,,
338,0.2460849791937232,89.8989898989899,,
339,0.24285221891141728,90.47619047619048,,
340,0.25183565417387954,89.8989898989899,,
341,0.24432744087938968,89.17748917748918,,
342,0.26748232036011904,90.18759018759019,,
343,0.2507777683662646,90.18759018759019,,
344,0.2730728406754751,89.32178932178932,,
345,0.24518820862749438,89.75468975468975,,
346,0.2507635247483742,90.18759018759019,,
347,0.28143010790557915,88.45598845598846,,
348,0.2556919622601885,90.33189033189034,,
349,0.25150577317584644,90.04329004329004,,
350,0.25422390321374455,90.76479076479076,0.4992965610770436,81.81818181818181
351,0.23247374271675622,91.34199134199135,,
352,0.24584470990330282,90.33189033189034,,
353,0.25350334070633673,90.33189033189034,,
354,0.24892141666763273,89.46608946608947,,
355,0.2505012695579474,88.60028860028861,,
356,0.26553841100798714,90.04329004329004,,
357,0.26079777620657524,88.60028860028861,,
358,0.2360036698066526,91.05339105339105,,
359,0.2563839879042831,89.32178932178932,,
360,0.26083244306195263,89.8989898989899,,
361,0.24620182367114277,89.32178932178932,,
362,0.2638724824093809,88.88888888888889,,
363,0.25037340344632686,89.32178932178932,,
364,0.2566922027913351,88.88888888888889,,
365,0.25580564696035346,89.6103896103896,,
366,0.2474534266331323,91.05339105339105,,
367,0.2292288929267019,90.33189033189034,,
368,0.24761401118998233,89.46608946608947,,
369,0.23390594219404554,90.04329004329004,,
370,0.23741360810755996,90.9090909090909,,
371,0.24063654541754276,90.47619047619048,,
372,0.2559481653214189,89.6103896103896,,
373,0.23158693210387127,89.8989898989899,,
374,0.2505309499402411,88.88888888888889,,
375,0.2503532660858972,89.6103896103896,0.498115826736797,81.81818181818181
376,0.24916853958910162,90.47619047619048,,
377,0.25178681617175347,88.88888888888889,,
378,0.2593785489856939,89.32178932178932,,
379,0.24946250534827402,88.60028860028861,,
380,0.24066317137357648,90.76479076479076,,
381,0.24875575639468767,90.04329004329004,,
382,0.23118076807299218,90.33189033189034,,
383,0.27726223920760906,90.18759018759019,,
384,0.2441122221826303,89.46608946608947,,
385,0.23774957790175213,90.04329004329004,,
386,0.23409755696766993,91.34199134199135,,
387,0.23985152772236695,90.04329004329004,,
388,0.2377150510672969,91.1976911976912,,
389,0.2548850088408499,89.8989898989899,,
390,0.23699130580194758,89.17748917748918,,
391,0.2501838786089403,88.31168831168831,,
392,0.25355874241193993,89.75468975468975,,
393,0.2411379535261859,90.62049062049061,,
394,0.22125771976362318,91.34199134199135,,
395,0.2405944824283257,90.04329004329004,,
396,0.23905577438562292,90.18759018759019,,
397,0.2417962271693293,89.6103896103896,,
398,0.23205434820180676,91.1976911976912,,
399,0.23718745703372196,91.1976911976912,,
400,0.2517667639823187,88.74458874458874,0.4573779175807903,83.11688311688312
401,0.23526589507922466,90.33189033189034,,
402,0.2360373211629463,90.33189033189034,,
403,0.2505314251217147,89.32178932178932,,
404,0.2563932098523535,90.04329004329004,,
405,0.2332525576691951,90.9090909090909,,
406,0.21509475268498815,92.35209235209236,,
407,0.24005064604774354,90.04329004329004,,
408,0.22880236335733065,90.04329004329004,,
409,0.2309782738121385,91.05339105339105,,
410,0.24744960240492916,88.74458874458874,,
411,0.22787042669575625,90.33189033189034,,
412,0.242918634021179,89.6103896103896,,
413,0.2526236887360032,90.76479076479076,,
414,0.24786038954794665,90.33189033189034,,
415,0.22988767296204835,90.47619047619048,,
416,0.2425402014114468,90.47619047619048,,
417,0.24189174123656698,90.04329004329004,,
418,0.23134492245243396,91.05339105339105,,
419,0.22630880842950266,91.34199134199135,,
420,0.24277840062309308,91.34199134199135,,
421,0.25417619952219733,90.33189033189034,,
422,0.22646523549787237,91.05339105339105,,
423,0.23978409974218964,91.48629148629149,,
424,0.246383563866691,89.8989898989899,,
425,0.2242225781405643,91.1976911976912,0.5028906437483701,81.81818181818181
426,0.23007493703740328,90.18759018759019,,
427,0.22002691570212488,91.48629148629149,,
428,0.23850935388996145,89.46608946608947,,
429,0.2362438485531666,90.18759018759019,,
430,0.2328414740672531,90.47619047619048,,
431,0.2302855137751732,90.76479076479076,,
432,0.23043305215037402,89.75468975468975,,
433,0.22791162609360563,90.47619047619048,,
434,0.22984428108168542,90.47619047619048,,
435,0.23260509234572213,90.33189033189034,,
436,0.23384696584393797,89.75468975468975,,
437,0.24544108662254366,90.62049062049061,,
438,0.22897963705344979,90.9090909090909,,
439,0.2113658915049414,91.05339105339105,,
440,0.22343499551044743,90.62049062049061,,
441,0.22814661703068456,91.34199134199135,,
442,0.2063385656729749,93.07359307359307,,
443,0.2171489130194913,91.77489177489177,,
444,0.23057260877126223,89.17748917748918,,
445,0.20400183967181615,92.4963924963925,,
446,0.22936484690696474,89.32178932178932,,
447,0.23188164292647898,90.33189033189034,,
448,0.23425826679748546,90.18759018759019,,
449,0.22775756734360175,90.76479076479076,,
450,0.22223439331006523,89.6103896103896,0.5337337870876511,81.81818181818181
451,0.23774128173938905,90.18759018759019,,
452,0.20185578731661408,92.20779220779221,,
453,0.2277390542097422,90.76479076479076,,
454,0.21744447310077508,91.05339105339105,,
455,0.22925507315954605,91.1976911976912,,
456,0.2318711274049499,89.8989898989899,,
457,0.2175176242395999,92.06349206349206,,
458,0.23297756123336363,89.17748917748918,,
459,0.22658853149001215,89.8989898989899,,
460,0.21105001546431756,91.1976911976912,,
461,0.21073782937480257,91.63059163059162,,
462,0.2208350815986314,91.63059163059162,,
463,0.21864193071534624,90.47619047619048,,
464,0.21390551037301578,90.9090909090909,,
465,0.2249990189058268,89.6103896103896,,
466,0.2132613008672541,91.48629148629149,,
467,0.26266608996824786,89.8989898989899,,
468,0.2234599216159804,90.76479076479076,,
469,0.21896428354138248,90.62049062049061,,
470,0.21273489565216275,93.21789321789322,,
471,0.20953186963715767,91.77489177489177,,
472,0.220795891458682,91.34199134199135,,
473,0.21149601840009594,92.06349206349206,,
474,0.2190283348227476,91.91919191919192,,
475,0.22523816551308956,91.91919191919192,0.4722417612354477,83.11688311688312
476,0.20581741885834443,91.1976911976912,,
477,0.23009859829130455,89.8989898989899,,
478,0.2302801866207976,90.04329004329004,,
479,0.24820339322778226,90.47619047619048,,
480,0.18213444517610908,93.36219336219337,,
481,0.22791521343661938,90.47619047619048,,
482,0.19990626990279078,92.92929292929293,,
483,0.233446955562584,90.62049062049061,,
484,0.22233555439058664,90.62049062049061,,
485,0.2298113073492463,90.04329004329004,,
486,0.21232389840384755,91.63059163059162,,
487,0.20300563128092589,91.77489177489177,,
488,0.21485537680841627,91.91919191919192,,
489,0.225253103744416,89.75468975468975,,
490,0.20144819080141543,92.4963924963925,,
491,0.2044171943701535,92.06349206349206,,
492,0.22417147395242687,91.05339105339105,,
493,0.22039289224468184,91.05339105339105,,
494,0.2134352179854291,91.1976911976912,,
495,0.2181828519031083,90.47619047619048,,
496,0.22141197659236528,91.05339105339105,,
497,0.19119951627815268,91.91919191919192,,
498,0.21647189490357346,91.1976911976912,,
499,0.20923919096309557,91.05339105339105,,
500,0.22042280325899907,90.9090909090909,0.4892185597450702,80.51948051948052
501,0.1988160370232223,92.06349206349206,,
502,0.22773204107391198,91.34199134199135,,
503,0.2506998201125284,91.34199134199135,,
504,0.21077419866903177,91.91919191919192,,
505,0.18913661864885864,91.48629148629149,,
506,0.2423169719966459,90.33189033189034,,
507,0.1922729092725374,92.35209235209236,,
508,0.21201811328766837,92.06349206349206,,
509,0.22178269180900606,91.63059163059162,,
510,0.2160505916288964,91.05339105339105,,
511,0.22548090684809555,90.9090909090909,,
512,0.21770487411799713,90.18759018759019,,
513,0.2045283556242526,91.63059163059162,,
514,0.2265095647537347,90.18759018759019,,
515,0.20824103190699353,92.06349206349206,,
516,0.2103600131527858,91.1976911976912,,
517,0.20349962239571637,90.18759018759019,,
518,0.20162856060619133,92.35209235209236,,
519,0.21191732609082783,91.48629148629149,,
520,0.20034571044673824,92.06349206349206,,
521,0.20871174363432854,90.33189033189034,,
522,0.21150259589736078,90.9090909090909,,
523,0.19644575442414608,91.77489177489177,,
524,0.2346785707133157,90.33189033189034,,
525,0.20310253676828025,92.35209235209236,0.5340143449894794,80.51948051948052
526,0.1967087092058139,92.4963924963925,,
527,0.21372986648871442,90.76479076479076,,
528,0.2067581968433069,92.64069264069263,,
529,0.23254405432965333,90.33189033189034,,
530,0.22767677648506338,91.1976911976912,,
531,0.21037364636062716,92.35209235209236,,
532,0.20386723538626841,91.91919191919192,,
533,0.20992425797993658,91.34199134199135,,
534,0.21774416940466837,92.06349206349206,,
535,0.19535148640473685,92.06349206349206,,
536,0.2168340863818558,92.20779220779221,,
537,0.2007074375001211,91.1976911976912,,
538,0.19197339103335426,92.35209235209236,,
539,0.19756837736433547,91.91919191919192,,
540,0.20441053949651264,92.20779220779221,,
541,0.21018106186114693,90.62049062049061,,
542,0.20677424625400856,91.05339105339105,,
543,0.20574843586781325,91.91919191919192,,
544,0.209580826423901,92.4963924963925,,
545,0.1971408486538291,92.20779220779221,,
546,0.20101858191675953,91.34199134199135,,
547,0.20934611472904596,90.9090909090909,,
548,0.202744003444437,91.34199134199135,,
549,0.21085496539247328,90.04329004329004,,
550,0.2100407276490722,91.91919191919192,0.5528896315531298,80.51948051948052
551,0.19254339508938068,92.06349206349206,,
552,0.2371531237685491,89.75468975468975,,
553,0.22202958917032933,90.62049062049061,,
554,0.23110652642934698,90.9090909090909,,
555,0.2039896132959346,91.63059163059162,,
556,0.18620373097935108,92.64069264069263,,
557,0.18969922369778758,92.64069264069263,,
558,0.200705769903216,92.06349206349206,,
559,0.1878283993377314,91.91919191919192,,
560,0.20818178067561696,91.1976911976912,,
561,0.1874112704766089,92.64069264069263,,
562,0.2100273839065007,91.1976911976912,,
563,0.20273786183301504,92.35209235209236,,
564,0.2033847626755592,91.05339105339105,,
565,0.2026128006660921,91.63059163059162,,
566,0.21114333266389662,91.48629148629149,,
567,0.20840311438533307,91.77489177489177,,
568,0.1960905829785878,91.91919191919192,,
569,0.2111782706725649,91.1976911976912,,
570,0.18804738632958345,92.78499278499278,,
571,0.20048220380388124,90.76479076479076,,
572,0.19168688250439508,92.35209235209236,,
573,0.19490931812044862,92.64069264069263,,
574,0.1735737645651871,93.36219336219337,,
575,0.1964408548449369,90.9090909090909,0.573408931106716,83.11688311688312
576,0.20992426715339674,91.1976911976912,,
577,0.19650392910575798,92.78499278499278,,
578,0.19296837014295323,92.06349206349206,,
579,0.19000878380705613,91.34199134199135,,
580,0.1984463751445085,92.78499278499278,,
581,0.18031270279512776,91.63059163059162,,
582,0.19052102890881625,92.20779220779221,,
583,0.21358655719422504,90.18759018759019,,
584,0.18266228476773091,92.78499278499278,,
585,0.1720649650452113,93.65079365079364,,
586,0.21185488312963455,91.91919191919192,,
587,0.19997141552177858,91.91919191919192,,
588,0.18819307102613464,92.35209235209236,,
589,0.21236938552078918,91.34199134199135,,
590,0.23723048720008882,90.76479076479076,,
591,0.18306550181445277,93.36219336219337,,
592,0.20081943694991294,91.77489177489177,,
593,0.19975325572714317,92.78499278499278,,
594,0.18540847602516713,92.92929292929293,,
595,0.20768337021615427,91.1976911976912,,
596,0.19432031669657984,92.35209235209236,,
597,0.2116074345436103,91.34199134199135,,
598,0.18157841656545196,93.65079365079364,,
599,0.18369180656442738,93.07359307359307,,
600,0.20445659763111182,91.34199134199135,0.5293928593784184,79.22077922077922
601,0.2145842525565091,91.77489177489177,,
602,0.20166970322830508,91.63059163059162,,
603,0.19164204016908423,91.91919191919192,,
604,0.2054427635317069,91.34199134199135,,
605,0.19298565417291627,92.64069264069263,,
606,0.1890789189982036,93.65079365079364,,
607,0.17723358731077174,92.4963924963925,,
608,0.18284961880113484,92.35209235209236,,
609,0.19199408111290153,92.06349206349206,,
610,0.19324891980936346,92.64069264069263,,
611,0.17864437964657512,93.36219336219337,,
612,0.1955844982920959,91.48629148629149,,
613,0.2092955701622956,91.48629148629149,,
614,0.19031208087011506,92.35209235209236,,
615,0.20876129013506364,92.06349206349206,,
616,0.19611085394147412,92.4963924963925,,
617,0.19701736296754208,91.91919191919192,,
618,0.17286552342587563,93.93939393939394,,
619,0.19093240275011433,91.34199134199135,,
620,0.21182720902850274,92.4963924963925,,
621,0.1895047878983604,91.63059163059162,,
622,0.1902636888223293,92.06349206349206,,
623,0.19083984789652225,92.78499278499278,,
624,0.1888755780105811,91.77489177489177,,
625,0.1832349251144032,92.64069264069263,0.5661712478507649,81.81818181818181
626,0.18154591046714508,92.35209235209236,,
627,0.17973653513072718,92.78499278499278,,
628,0.18193221487868227,92.20779220779221,,
629,0.17337831970933196,93.07359307359307,,
630,0.18105435066064887,92.20779220779221,,
631,0.18108021779708877,91.91919191919192,,
632,0.17834429548244285,92.06349206349206,,
633,0.18333633194582113,92.78499278499278,,
634,0.17103987948331997,91.91919191919192,,
635,0.2217262763567645,91.91919191919192,,
636,0.17354315908526274,92.64069264069263,,
637,0.1967153162366212,92.06349206349206,,
638,0.19951564716484296,91.05339105339105,,
639,0.19145043106134146,91.48629148629149,,
640,0.17887392583132478,91.1976911976912,,
641,0.19294798679510064,91.05339105339105,,
642,0.18368469387249858,92.35209235209236,,
643,0.16658468774558835,93.93939393939394,,
644,0.16993510433906772,92.92929292929293,,
645,0.17653305626448787,92.4963924963925,,
646,0.19762125265116642,92.35209235209236,,
647,0.18656980023755657,92.92929292929293,,
648,0.16501558699455612,93.36219336219337,,
649,0.18328727538795525,92.06349206349206,,
650,0.19249490931264593,91.48629148629149,0.5165082262707995,80.51948051948052
651,0.18954845344779467,92.06349206349206,,
652,0.19368076638397888,92.78499278499278,,
653,0.182184202599233,92.78499278499278,,
654,0.16917885285177273,93.65079365079364,,
655,0.17645860651526787,93.07359307359307,,
656,0.18796332207915586,91.63059163059162,,
657,0.18415986124055211,92.06349206349206,,
658,0.18442694943876667,92.4963924963925,,
659,0.16442094248696668,92.78499278499278,,
660,0.15737780684021987,94.22799422799423,,
661,0.1762296992957506,91.91919191919192,,
662,0.1904532773498161,91.48629148629149,,
663,0.19440710862821659,92.06349206349206,,
664,0.19341415050741914,91.91919191919192,,
665,0.16265976564988258,94.51659451659452,,
666,0.1693556129456663,93.93939393939394,,
667,0.17017935640024073,92.78499278499278,,
668,0.2086697162369543,92.4963924963925,,
669,0.18592177070193477,92.92929292929293,,
670,0.16928228288673908,93.50649350649351,,
671,0.16541959971060485,94.22799422799423,,
672,0.1679791442103802,92.64069264069263,,
673,0.18140949493792838,92.64069264069263,,
674,0.1774272895854875,91.48629148629149,,
675,0.17321376777744568,93.36219336219337,0.5691554256073841,85.71428571428571
676,0.19519635257653858,91.48629148629149,,
677,0.1728979546958406,92.92929292929293,,
678,0.1852538872289795,92.4963924963925,,
679,0.17211846673987471,93.36219336219337,,
680,0.16046827388618243,92.35209235209236,,
681,0.18827796330699673,92.64069264069263,,
682,0.1804940195439698,92.92929292929293,,
683,0.17192390832034024,93.07359307359307,,
684,0.15397870041763284,94.37229437229438,,
685,0.17597903592933997,92.78499278499278,,
686,0.17000997505146703,92.64069264069263,,
687,0.17928215220549062,92.64069264069263,,
688,0.15803146839657903,93.36219336219337,,
689,0.16482283433020373,93.50649350649351,,
690,0.1823793656769253,93.93939393939394,,
691,0.19111127818667184,90.47619047619048,,
692,0.16364002972841263,93.93939393939394,,
693,0.16958563464114504,93.07359307359307,,
694,0.17665267308897098,93.79509379509379,,
695,0.16912165208898408,93.50649350649351,,
696,0.16103834913664566,93.07359307359307,,
697,0.15934613302436054,94.08369408369408,,
698,0.15482552636624414,93.93939393939394,,
699,0.22099798339893464,92.35209235209236,,
700,0.18598001524752267,91.91919191919192,0.5552410576250646,83.11688311688312
701,0.18937679351150216,92.20779220779221,,
702,0.17093815113730934,93.50649350649351,,
703,0.18212679658531283,92.78499278499278,,
704,0.16368953072537182,93.79509379509379,,
705,0.178591141453037,92.64069264069263,,
706,0.18848110384927338,92.4963924963925,,
707,0.17208766302935144,93.21789321789322,,
708,0.17123595985327275,93.07359307359307,,
709,0.19636415381624242,91.91919191919192,,
710,0.17543699369802104,92.06349206349206,,
711,0.1800567378084381,91.77489177489177,,
712,0.16011292503509686,92.4963924963925,,
713,0.16247168511238277,94.08369408369408,,
714,0.17222782829373237,91.91919191919192,,
715,0.19086982263050553,92.20779220779221,,
716,0.19201584001210173,91.91919191919192,,
717,0.18296555159841954,92.64069264069263,,
718,0.17000495182272332,92.92929292929293,,
719,0.16785647501849166,92.64069264069263,,
720,0.18017943828093885,92.35209235209236,,
721,0.16236951620375784,94.51659451659452,,
722,0.1942650836396527,91.91919191919192,,
723,0.17675862340915083,92.4963924963925,,
724,0.16792744245450045,93.21789321789322,,
725,0.1636987000187754,94.51659451659452,0.56389653837526,81.81818181818181
726,0.16162815040668196,93.93939393939394,,
727,0.1677799832726282,92.78499278499278,,
728,0.15673036659391756,92.92929292929293,,
729,0.1640226836511153,92.78499278499278,,
730,0.16840426066909173,93.36219336219337,,
731,0.1653890631431754,93.07359307359307,,
732,0.17340404821981772,92.78499278499278,,
733,0.16920229986116483,92.78499278499278,,
734,0.1804310619444042,91.77489177489177,,
735,0.17621106321656,93.21789321789322,,
736,0.19948518594450076,92.35209235209236,,
737,0.17842965472011166,93.36219336219337,,
738,0.17068900157190847,93.07359307359307,,
739,0.17329458598837708,92.64069264069263,,
740,0.15818757944421852,94.08369408369408,,
741,0.15938779569807507,93.65079365079364,,
742,0.17188125473015753,93.07359307359307,,
743,0.18707189793882603,92.20779220779221,,
744,0.15167284288952962,94.37229437229438,,
745,0.16509569844588487,91.63059163059162,,
746,0.18465578035702782,92.06349206349206,,
747,0.15896934955710113,92.78499278499278,,
748,0.17099894649882683,93.07359307359307,,
749,0.1693483560868844,93.36219336219337,,
750,0.16081730309674921,93.65079365079364,0.5562625322249029,80.51948051948052
751,0.17286597424513334,92.92929292929293,,
752,0.16556315186391835,93.65079365079364,,
753,0.159491598735124,94.22799422799423,,
754,0.1843265959882805,93.21789321789322,,
755,0.152315132416688,93.50649350649351,,
756,0.18271328414108975,92.20779220779221,,
757,0.18888974310171724,92.20779220779221,,
758,0.1741367063470303,92.64069264069263,,
759,0.14723966889954232,94.51659451659452,,
760,0.16781583988868892,94.08369408369408,,
761,0.16643965332453042,92.92929292929293,,
762,0.16342210883616026,94.37229437229438,,
763,0.156314328807429,93.65079365079364,,
764,0.15521174985350986,93.36219336219337,,
765,0.16934440184443716,92.92929292929293,,
766,0.1666077949499112,93.21789321789322,,
767,0.1665720112008966,93.50649350649351,,
768,0.17181380045254854,92.92929292929293,,
769,0.16258864145333546,94.08369408369408,,
770,0.14799184402690133,94.08369408369408,,
771,0.14370569495503047,93.93939393939394,,
772,0.17056339645884597,92.78499278499278,,
773,0.1726919123096577,92.20779220779221,,
774,0.16004178146757778,94.08369408369408,,
775,0.17500445392912772,92.78499278499278,0.5458180383815394,81.81818181818181
776,0.1777606670775627,91.63059163059162,,
777,0.16710835024391935,93.36219336219337,,
778,0.16549353452041896,92.78499278499278,,
779,0.16027897166176922,93.36219336219337,,
780,0.1538317022686569,92.92929292929293,,
781,0.178031583842089,92.92929292929293,,
782,0.1877385928345277,92.64069264069263,,
783,0.1710744411785365,92.64069264069263,,
784,0.1731845455467271,92.4963924963925,,
785,0.15099398360129387,93.65079365079364,,
786,0.16260502945422095,93.65079365079364,,
787,0.16041351951561966,92.4963924963925,,
788,0.16741053942822104,93.21789321789322,,
789,0.15424670186565723,93.93939393939394,,
790,0.1569638807880242,94.22799422799423,,
791,0.16488112185370785,94.08369408369408,,
792,0.16635877999220403,92.92929292929293,,
793,0.14478772690232095,94.08369408369408,,
794,0.16873498538355808,93.50649350649351,,
795,0.18047874411742754,92.92929292929293,,
796,0.1649360874796106,93.50649350649351,,
797,0.14517370111498482,93.79509379509379,,
798,0.1431147398757728,94.8051948051948,,
799,0.1538043680559161,93.50649350649351,,
800,0.15803418022514593,93.93939393939394,0.5378617617216978,81.81818181818181
801,0.1646877381558198,93.50649350649351,,
802,0.14157201844290393,94.08369408369408,,
803,0.14412205058054575,94.66089466089466,,
804,0.14050275309906377,94.08369408369408,,
805,0.17043343429355567,93.21789321789322,,
806,0.15067474644572015,93.65079365079364,,
807,0.15882702602925583,92.64069264069263,,
808,0.1503545440824818,94.94949494949495,,
809,0.15594886821388262,93.65079365079364,,
810,0.1563711143159247,93.21789321789322,,
811,0.16351955851693173,93.50649350649351,,
812,0.19020148350562885,92.20779220779221,,
813,0.1674172968169759,92.4963924963925,,
814,0.16622445877496297,93.36219336219337,,
815,0.15838822020381732,93.93939393939394,,
816,0.15144899991726635,94.51659451659452,,
817,0.14870260219381312,94.22799422799423,,
818,0.1781356455529751,92.92929292929293,,
819,0.13804189762984864,94.37229437229438,,
820,0.1460419548796369,94.8051948051948,,
821,0.16718949994655571,92.4963924963925,,
822,0.1596288504280569,93.93939393939394,,
823,0.1646872050146348,93.65079365079364,,
824,0.15527260429286338,94.51659451659452,,
825,0.14997796501432145,93.79509379509379,0.5195389995714287,83.11688311688312
826,0.16959159506261778,92.06349206349206,,
827,0.17281503597486758,93.36219336219337,,
828,0.16915618711047703,92.78499278499278,,
829,0.1466376062423464,94.94949494949495,,
830,0.15004036677154628,93.79509379509379,,
831,0.15560681455665165,93.93939393939394,,
832,0.1596354079065901,93.07359307359307,,
833,0.15381254085902699,93.65079365079364,,
834,0.16395632672146457,94.37229437229438,,
835,0.1521951755364983,93.07359307359307,,
836,0.15147393545697604,93.93939393939394,,
837,0.1355711253948542,95.23809523809524,,
838,0.1506625312403339,93.79509379509379,,
839,0.14876135072064778,94.8051948051948,,
840,0.17245860210744848,93.36219336219337,,
841,0.1436258986011728,93.93939393939394,,
842,0.13887204609886564,94.8051948051948,,
843,0.1912389863470588,92.35209235209236,,
844,0.1656761367363159,92.4963924963925,,
845,0.142150027540339,93.79509379509379,,
846,0.15508041434893102,94.8051948051948,,
847,0.13711190255947445,95.0937950937951,,
848,0.14063012419324933,94.8051948051948,,
849,0.15219753440926428,94.37229437229438,,
850,0.1426089434396653,94.08369408369408,0.5874149586473193,79.22077922077922
851,0.15843054195288112,94.22799422799423,,
852,0.15136382813749547,93.36219336219337,,
853,0.14323665418838183,94.66089466089466,,
854,0.15304815340222735,94.37229437229438,,
855,0.1491684854288638,94.22799422799423,,
856,0.1630929213394861,92.92929292929293,,
857,0.13798490059152138,94.08369408369408,,
858,0.13017308021241109,94.37229437229438,,
859,0.14130597695987807,94.22799422799423,,
860,0.19631456434834227,91.48629148629149,,
861,0.16370533522309852,93.07359307359307,,
862,0.14812932459672465,94.37229437229438,,
863,0.15360597367324527,93.36219336219337,,
864,0.16884550032935616,93.79509379509379,,
865,0.13792554892244793,94.22799422799423,,
866,0.16722811293797663,93.07359307359307,,
867,0.16012639138433668,93.79509379509379,,
868,0.14613930706786796,93.79509379509379,,
869,0.1537525373985413,93.93939393939394,,
870,0.15164099197195033,93.36219336219337,,
871,0.15676935784744495,93.50649350649351,,
872,0.14596257861945536,93.07359307359307,,
873,0.15311512557727863,94.51659451659452,,
874,0.13766340693139067,93.79509379509379,,
875,0.17361924118895897,93.07359307359307,0.5541834362915584,84.41558441558442
876,0.15676969694024728,93.65079365079364,,
877,0.1541225907498968,92.92929292929293,,
878,0.16465121077596712,93.93939393939394,,
879,0.16225828736762463,94.22799422799423,,
880,0.15913450765500078,93.50649350649351,,
881,0.13895850898469508,94.08369408369408,,
882,0.15339373014491015,94.66089466089466,,
883,0.16020439085678276,93.65079365079364,,
884,0.1496856523540629,94.66089466089466,,
885,0.1508444906528206,93.93939393939394,,
886,0.14626841107853736,94.22799422799423,,
887,0.1508627716494888,93.50649350649351,,
888,0.1533431431512425,93.36219336219337,,
889,0.14250073971127364,94.66089466089466,,
890,0.13320979936126334,94.94949494949495,,
891,0.1525305254118783,93.79509379509379,,
892,0.1478146906151916,93.65079365079364,,
893,0.15877800873476705,93.65079365079364,,
894,0.13410656255217,94.66089466089466,,
895,0.14988427993023035,93.93939393939394,,
896,0.14452941323298568,93.65079365079364,,
897,0.15428945267355287,93.65079365079364,,
898,0.1378842458279446,95.38239538239539,,
899,0.14796261649584186,94.51659451659452,,
900,0.15571056052633866,94.37229437229438,0.5322275628130158,85.71428571428571
901,0.1702316173044548,92.92929292929293,,
902,0.16266417649573234,92.64069264069263,,
903,0.1473671623773088,95.0937950937951,,
904,0.15878679489375536,93.65079365079364,,
905,0.1476935178725503,94.08369408369408,,
906,0.1475100873809571,93.36219336219337,,
907,0.1408588813797908,94.94949494949495,,
908,0.14509011464782093,94.8051948051948,,
909,0.15496170567550185,93.79509379509379,,
910,0.15698287101707073,93.93939393939394,,
911,0.1477805883711013,93.65079365079364,,
912,0.13233571261984617,94.08369408369408,,
913,0.1543252214595869,93.36219336219337,,
914,0.12788501964589047,94.94949494949495,,
915,0.16062368422445625,92.92929292929293,,
916,0.13535846538121393,94.94949494949495,,
917,0.13252755664732485,95.52669552669553,,
918,0.14675059149103592,94.08369408369408,,
919,0.1575394928627372,94.8051948051948,,
920,0.1433918092448216,95.52669552669553,,
921,0.14692290639034425,94.37229437229438,,
922,0.15304825000174635,93.65079365079364,,
923,0.14510399829945694,94.37229437229438,,
924,0.15212046325980844,93.79509379509379,,
925,0.14891513838186796,95.38239538239539,0.6225796494778101,84.41558441558442
926,0.14105235442282663,94.08369408369408,,
927,0.15953504196321122,92.4963924963925,,
928,0.13723757579213097,95.67099567099567,,
929,0.14453536046349374,94.08369408369408,,
930,0.14795516644608536,93.79509379509379,,
931,0.15328692909314004,93.65079365079364,,
932,0.12335665627217396,95.0937950937951,,
933,0.139854805111283,94.8051948051948,,
934,0.14918678203358451,93.65079365079364,,
935,0.1380563231795209,94.66089466089466,,
936,0.138146223204713,95.38239538239539,,
937,0.17060160958429887,93.93939393939394,,
938,0.16108331098765521,93.21789321789322,,
939,0.1380380800647008,95.0937950937951,,
940,0.13268856413952715,94.51659451659452,,
941,0.15076563372928514,93.79509379509379,,
942,0.18533576781959588,93.07359307359307,,
943,0.15427810708423714,94.66089466089466,,
944,0.1485271704790396,94.51659451659452,,
945,0.1365026142690089,94.51659451659452,,
946,0.15036187879875582,93.93939393939394,,
947,0.12447420198034931,94.8051948051948,,
948,0.14848252945992166,93.93939393939394,,
949,0.14023400038953812,94.66089466089466,,
950,0.13007910199151582,94.08369408369408,0.5569034528422665,81.81818181818181
951,0.13577512199862782,94.66089466089466,,
952,0.1398101814983555,94.22799422799423,,
953,0.13296086831397308,94.66089466089466,,
954,0.14868951017980453,94.51659451659452,,
955,0.14607576395870114,94.08369408369408,,
956,0.14007163591801175,94.08369408369408,,
957,0.1283760764790648,95.67099567099567,,
958,0.14243040428447173,94.66089466089466,,
959,0.1433407770037049,93.79509379509379,,
960,0.1328418447728797,95.52669552669553,,
961,0.11812640691087359,95.52669552669553,,
962,0.16274122807935074,93.65079365079364,,
963,0.15653663214086455,94.22799422799423,,
964,0.13579501511601658,94.94949494949495,,
965,0.13373081950182875,93.93939393939394,,
966,0.1365801604494216,93.21789321789322,,
967,0.16032837466760116,92.92929292929293,,
968,0.15216768916809198,93.50649350649351,,
969,0.1551669633814267,94.22799422799423,,
970,0.12500694681168634,95.23809523809524,,
971,0.14984013227823836,94.22799422799423,,
972,0.12909197336409514,94.94949494949495,,
973,0.14867413646042948,93.79509379509379,,
974,0.1403432699595007,94.22799422799423,,
975,0.1387723685708569,94.22799422799423,0.5940348043457254,81.81818181818181
976,0.15610855766189047,94.51659451659452,,
977,0.13356221109241634,94.51659451659452,,
978,0.12989657272250105,94.8051948051948,,
979,0.11115356544395547,95.95959595959596,,
980,0.1518004878086789,93.36219336219337,,
981,0.13295352341765793,94.37229437229438,,
982,0.1294542485888386,94.37229437229438,,
983,0.11567377354976591,94.94949494949495,,
984,0.12713994464230916,95.23809523809524,,
985,0.1224305010891236,95.38239538239539,,
986,0.13299413391995052,94.8051948051948,,
987,0.1403325062250506,94.22799422799423,,
988,0.14139241207872139,94.51659451659452,,
989,0.14481290774944025,94.08369408369408,,
990,0.1488189876595617,94.08369408369408,,
991,0.12922790517538657,94.94949494949495,,
992,0.1360344071929648,94.66089466089466,,
993,0.13203094931907985,94.8051948051948,,
994,0.11997994023049234,95.23809523809524,,
995,0.13995378151062934,94.66089466089466,,
996,0.12250331331254084,95.38239538239539,,
997,0.12812828582618788,95.95959595959596,,
998,0.12930533629042482,94.8051948051948,,
999,0.14769949755277942,94.08369408369408,,
1000,0.1518989537303668,94.66089466089466,0.5991249328309839,83.11688311688312
