epoch,train_loss,train_acc,test_loss,test_acc
1,0.6878170101845591,55.98845598845599,0.6856187434939595,55.84415584415584
2,0.6870831847190857,55.98845598845599,,
3,0.6852749946485522,55.98845598845599,,
4,0.6814242240154382,55.98845598845599,,
5,0.6808787364120263,55.98845598845599,,
6,0.6768215738161646,55.84415584415584,,
7,0.6715620907526167,56.132756132756136,,
8,0.6674681570794847,56.56565656565657,,
9,0.6622337766023941,57.86435786435786,,
10,0.6562844528608336,59.884559884559884,,
11,0.6486647293337152,61.47186147186147,,
12,0.6411034838117734,60.17316017316017,,
13,0.6340428500464468,64.93506493506493,,
14,0.628186758204456,63.78066378066378,,
15,0.6295307095432694,64.35786435786436,,
16,0.611732301773963,67.96536796536796,,
17,0.6141255371498339,65.80086580086581,,
18,0.6028174634103651,67.67676767676768,,
19,0.5925695070026585,69.84126984126983,,
20,0.5917567907473742,67.24386724386724,,
21,0.5824090983788517,69.55266955266956,,
22,0.5729757069165229,70.12987012987013,,
23,0.5670299901590719,72.2943722943723,,
24,0.5699179591382565,70.12987012987013,,
25,0.5571123930970999,71.57287157287158,0.5969957593199494,67.53246753246754
26,0.5443097294925096,73.3044733044733,,
27,0.5440226981650184,73.5930735930736,,
28,0.5406631127236381,74.31457431457432,,
29,0.5355733116983852,73.5930735930736,,
30,0.5350951018271508,74.17027417027417,,
31,0.5217621590926017,74.31457431457432,,
32,0.524167907788468,73.88167388167388,,
33,0.5130428510998922,74.31457431457432,,
34,0.5186409414416612,73.3044733044733,,
35,0.513611726731621,74.74747474747475,,
36,0.5105266135836405,76.91197691197691,,
37,0.5129094678602177,75.46897546897547,,
38,0.503615668583742,76.19047619047619,,
39,0.4903933159458689,76.33477633477634,,
40,0.49911859743350856,75.32467532467533,,
41,0.4987579415542911,76.62337662337663,,
42,0.47202460697891047,78.93217893217893,,
43,0.5036758509979276,74.45887445887446,,
44,0.47824663439870396,77.92207792207792,,
45,0.47211336543377685,78.35497835497836,,
46,0.46627555557487677,77.63347763347764,,
47,0.4684761612102239,78.64357864357865,,
48,0.46931599280534886,78.21067821067821,,
49,0.47620785012733713,76.33477633477634,,
50,0.46396138625485556,78.93217893217893,0.5721286225628543,72.72727272727273
51,0.4499510296151408,77.77777777777777,,
52,0.46261373682627605,78.35497835497836,,
53,0.44709288441773615,79.79797979797979,,
54,0.44415978087491287,78.78787878787878,,
55,0.4675680816087544,77.63347763347764,,
56,0.44793276731758064,79.22077922077922,,
57,0.44851432790143836,79.50937950937951,,
58,0.46652754792919404,79.07647907647907,,
59,0.4441048287468039,78.06637806637806,,
60,0.43577729038689905,80.37518037518038,,
61,0.4657443008381567,76.33477633477634,,
62,0.4589252627601183,77.77777777777777,,
63,0.4482544647666799,78.78787878787878,,
64,0.42172935825448704,80.8080808080808,,
65,0.453007118784504,78.21067821067821,,
66,0.4300458881074044,81.96248196248196,,
67,0.4312240451273292,79.36507936507937,,
68,0.42726281855099474,80.37518037518038,,
69,0.4449197536423093,79.36507936507937,,
70,0.41739452523844583,81.52958152958153,,
71,0.4227666251071088,80.23088023088023,,
72,0.42734314185200317,81.38528138528139,,
73,0.43103173740670453,79.65367965367966,,
74,0.41328075214209836,81.81818181818181,,
75,0.42588857895712146,80.23088023088023,0.5474778336363954,74.02597402597402
76,0.4228078042725464,82.25108225108225,,
77,0.41013368039592174,82.1067821067821,,
78,0.41707495022645763,80.8080808080808,,
79,0.41793795770724956,80.66378066378067,,
80,0.41807110089416283,81.38528138528139,,
81,0.3980019948355219,83.26118326118326,,
82,0.41077718805269076,81.38528138528139,,
83,0.4011359317134125,80.8080808080808,,
84,0.4197164211438332,81.67388167388168,,
85,0.41467709690977483,81.0966810966811,,
86,0.3939799237216878,82.82828282828282,,
87,0.4017869235375227,83.98268398268398,,
88,0.4016264637268295,82.1067821067821,,
89,0.39389604876223755,81.96248196248196,,
90,0.39427424113643805,81.96248196248196,,
91,0.39567333696380497,82.97258297258297,,
92,0.409260511484325,81.52958152958153,,
93,0.4004969866717877,84.12698412698413,,
94,0.4072729925400595,82.3953823953824,,
95,0.4058817914037993,82.25108225108225,,
96,0.39398680592942203,82.3953823953824,,
97,0.3948165501695003,80.8080808080808,,
98,0.3953855822956751,83.26118326118326,,
99,0.39793448550102517,82.82828282828282,,
100,0.3878480017099202,82.1067821067821,0.574873609976335,76.62337662337663
101,0.40189627488110147,82.68398268398268,,
102,0.3908195136730461,83.83838383838383,,
103,0.39516709483676143,82.3953823953824,,
104,0.39409315388268035,83.83838383838383,,
105,0.39278296794081147,81.52958152958153,,
106,0.38050446598044724,83.98268398268398,,
107,0.3679584755009903,83.83838383838383,,
108,0.3863039784789257,84.7041847041847,,
109,0.40645987739380646,81.52958152958153,,
110,0.3750785937126925,82.1067821067821,,
111,0.3994911179742084,81.96248196248196,,
112,0.3714475730194846,84.7041847041847,,
113,0.3810376128421029,82.97258297258297,,
114,0.37667006624037397,84.7041847041847,,
115,0.3725918097929521,84.99278499278499,,
116,0.3895515688570031,83.54978354978356,,
117,0.3690787514437845,85.28138528138528,,
118,0.38215418712573307,83.26118326118326,,
119,0.37972609468696783,83.11688311688312,,
120,0.36957691928094943,84.27128427128427,,
121,0.3788840802544983,83.83838383838383,,
122,0.3650283304299799,84.7041847041847,,
123,0.3655011244064458,82.53968253968254,,
124,0.3655532600430699,85.56998556998558,,
125,0.3628380173900599,84.41558441558442,0.5510672199261653,77.92207792207792
126,0.3729289895700342,83.26118326118326,,
127,0.3585092375890861,85.85858585858585,,
128,0.3573146922591789,84.41558441558442,,
129,0.3323691897578054,86.2914862914863,,
130,0.3526630728017716,84.12698412698413,,
131,0.3527274861136212,84.99278499278499,,
132,0.3481034996447625,84.41558441558442,,
133,0.3571000321086867,84.41558441558442,,
134,0.34945038479213936,84.84848484848484,,
135,0.3619319169552295,83.69408369408369,,
136,0.34893965162068047,85.85858585858585,,
137,0.34108123118743233,83.98268398268398,,
138,0.34776798213199106,85.13708513708514,,
139,0.33158602463390574,86.43578643578644,,
140,0.36044992882796006,84.41558441558442,,
141,0.3554359751002269,84.12698412698413,,
142,0.37105088329418395,84.12698412698413,,
143,0.3542166121766337,85.13708513708514,,
144,0.36041414299052515,84.55988455988457,,
145,0.34853485187926847,84.41558441558442,,
146,0.35413580889911705,85.42568542568543,,
147,0.3468902042245796,84.41558441558442,,
148,0.35555581838795636,85.13708513708514,,
149,0.3556634318862987,84.99278499278499,,
150,0.3646747994560528,84.99278499278499,0.5855281639408756,79.22077922077922
151,0.3339613661449537,86.86868686868686,,
152,0.37360797949339575,82.97258297258297,,
153,0.36330188516242506,84.99278499278499,,
154,0.3611031546651199,83.98268398268398,,
155,0.3453575052955278,84.84848484848484,,
156,0.3445927762623989,85.42568542568543,,
157,0.3472734539195745,84.27128427128427,,
158,0.35520085748311936,84.7041847041847,,
159,0.34038470900505996,84.7041847041847,,
160,0.34135172798864083,83.54978354978356,,
161,0.3579883583180316,83.40548340548341,,
162,0.3362047892671299,84.41558441558442,,
163,0.36159480323351134,84.7041847041847,,
164,0.35322375872950534,85.56998556998558,,
165,0.3434111134056405,84.99278499278499,,
166,0.3450816869735718,85.42568542568543,,
167,0.3473497276311313,86.72438672438672,,
168,0.33169279332456825,85.28138528138528,,
169,0.3402525779574808,84.27128427128427,,
170,0.34083629058725046,84.84848484848484,,
171,0.3297794359113919,85.71428571428571,,
172,0.3480661591410121,84.27128427128427,,
173,0.3254583745678782,86.86868686868686,,
174,0.3344634712860526,84.99278499278499,,
175,0.32735078288363173,86.002886002886,0.5791760566946748,81.81818181818181
176,0.34866764371701303,85.85858585858585,,
177,0.3583081638142144,83.83838383838383,,
178,0.3168035951613692,85.85858585858585,,
179,0.3348339508794259,86.58008658008659,,
180,0.33038956621422566,85.42568542568543,,
181,0.3323584075097914,86.72438672438672,,
182,0.31697077935220186,85.56998556998558,,
183,0.32557091013693706,86.72438672438672,,
184,0.323039799541622,86.58008658008659,,
185,0.34598643103719273,84.99278499278499,,
186,0.3379547276022114,84.55988455988457,,
187,0.33431825263245624,84.99278499278499,,
188,0.3291205650284177,85.13708513708514,,
189,0.3397271842151493,84.84848484848484,,
190,0.3297211453856156,86.002886002886,,
191,0.33455778338004327,86.2914862914863,,
192,0.3211528167805888,85.56998556998558,,
193,0.32297603224779103,86.2914862914863,,
194,0.3260224641208009,84.55988455988457,,
195,0.30159878700670567,87.73448773448773,,
196,0.31905447632547407,86.43578643578644,,
197,0.32557654333493063,86.86868686868686,,
198,0.32659023346494975,85.85858585858585,,
199,0.29943062053270325,87.87878787878788,,
200,0.32947443853553066,84.99278499278499,0.6052366773803513,79.22077922077922
201,0.303814263119326,87.3015873015873,,
202,0.3135147122464655,86.72438672438672,,
203,0.3260368380754713,85.13708513708514,,
204,0.32089327260701345,86.14718614718615,,
205,0.2999719025252701,87.5901875901876,,
206,0.3270997803491603,86.2914862914863,,
207,0.31692658160500026,87.01298701298701,,
208,0.3180469356229983,86.2914862914863,,
209,0.2966054802032088,87.44588744588745,,
210,0.3118090464009179,86.58008658008659,,
211,0.309546417235511,86.14718614718615,,
212,0.315710155392794,86.14718614718615,,
213,0.33337692075649555,85.13708513708514,,
214,0.3278857553418065,84.7041847041847,,
215,0.3145133369584792,86.002886002886,,
216,0.30031933311862175,88.31168831168831,,
217,0.3219462232113229,86.72438672438672,,
218,0.3238813661866718,86.002886002886,,
219,0.3234385115243656,84.84848484848484,,
220,0.3351645191854557,84.99278499278499,,
221,0.3336706025603874,85.85858585858585,,
222,0.31674588272753906,85.56998556998558,,
223,0.30600444484410694,86.86868686868686,,
224,0.31105168564796104,86.72438672438672,,
225,0.3184613192838336,86.58008658008659,0.6270880931383603,79.22077922077922
226,0.3089731553244212,87.44588744588745,,
227,0.29803477449162524,88.45598845598846,,
228,0.32065549011182304,88.02308802308802,,
229,0.30320586268433936,87.44588744588745,,
230,0.32107961797094964,86.14718614718615,,
231,0.3208872081139387,85.13708513708514,,
232,0.30799744758771097,85.42568542568543,,
233,0.3215734800391039,87.44588744588745,,
234,0.29710638385486465,87.73448773448773,,
235,0.31604796476006336,85.13708513708514,,
236,0.3053876803851919,88.45598845598846,,
237,0.28105266181507493,89.8989898989899,,
238,0.3039027444728009,85.71428571428571,,
239,0.3049132303156034,86.86868686868686,,
240,0.312333275831451,85.28138528138528,,
241,0.30777753427259164,87.01298701298701,,
242,0.29649336672620513,88.16738816738817,,
243,0.31145397374812317,86.14718614718615,,
244,0.3170789389039187,84.7041847041847,,
245,0.28146610859496596,89.17748917748918,,
246,0.29183208863929583,87.87878787878788,,
247,0.29884709260852477,86.72438672438672,,
248,0.27357837309439975,88.88888888888889,,
249,0.29521011146696613,89.6103896103896,,
250,0.2891740845395373,88.02308802308802,0.6503468984133237,79.22077922077922
251,0.2793694468373688,88.60028860028861,,
252,0.279839308940487,88.02308802308802,,
253,0.32453266727975955,86.14718614718615,,
254,0.2670317980290147,88.02308802308802,,
255,0.3091580459651837,87.87878787878788,,
256,0.29888550414667503,87.5901875901876,,
257,0.2950283816624513,86.14718614718615,,
258,0.28982242120464813,86.43578643578644,,
259,0.3064205869064703,87.73448773448773,,
260,0.2753875705844912,88.45598845598846,,
261,0.28928455762016825,87.5901875901876,,
262,0.30429403705342334,86.72438672438672,,
263,0.29182019885656296,86.86868686868686,,
264,0.2794849422758964,87.3015873015873,,
265,0.3046993686566277,87.15728715728716,,
266,0.29156309512442496,86.58008658008659,,
267,0.2946501613781394,87.73448773448773,,
268,0.29050390684673455,87.5901875901876,,
269,0.2899918044456328,87.87878787878788,,
270,0.2847729725024057,89.6103896103896,,
271,0.2707622346036878,89.03318903318903,,
272,0.29039959314925673,87.3015873015873,,
273,0.3134852684550471,86.14718614718615,,
274,0.304410490208718,86.58008658008659,,
275,0.30183181406400594,87.5901875901876,0.6924066001718695,79.22077922077922
276,0.2942785532099516,86.86868686868686,,
277,0.3157006570744136,87.73448773448773,,
278,0.29437369744671027,87.3015873015873,,
279,0.285395243273669,88.60028860028861,,
280,0.2737716433805821,89.03318903318903,,
281,0.27105885096872695,88.74458874458874,,
282,0.27733817133208544,88.88888888888889,,
283,0.2881200001783357,87.73448773448773,,
284,0.29989927868972954,88.16738816738817,,
285,0.29469411601923934,87.01298701298701,,
286,0.297386088606083,87.44588744588745,,
287,0.2800888770070427,88.74458874458874,,
288,0.29898954362408253,86.2914862914863,,
289,0.27789286381066447,89.46608946608947,,
290,0.29509093721019586,88.02308802308802,,
291,0.27607826409057795,87.5901875901876,,
292,0.26766963653578213,89.03318903318903,,
293,0.29488343972320336,87.15728715728716,,
294,0.3006722966227869,87.73448773448773,,
295,0.2774344113094982,88.45598845598846,,
296,0.28826316472943897,88.16738816738817,,
297,0.30567138010977324,86.002886002886,,
298,0.2691309228431955,88.16738816738817,,
299,0.2804046566846739,88.02308802308802,,
300,0.2879737557958903,87.73448773448773,0.691802366213365,80.51948051948052
301,0.2710933338039021,89.03318903318903,,
302,0.28057314685584833,88.02308802308802,,
303,0.2554135246882363,89.17748917748918,,
304,0.2680026089818275,87.87878787878788,,
305,0.2682513338318807,89.17748917748918,,
306,0.26101053102965993,90.47619047619048,,
307,0.2935807095977651,86.14718614718615,,
308,0.2723695965212317,89.03318903318903,,
309,0.25103007895605906,91.77489177489177,,
310,0.2663014142372219,89.17748917748918,,
311,0.26363258182056365,88.45598845598846,,
312,0.26975107316631947,88.31168831168831,,
313,0.2915677010131433,87.3015873015873,,
314,0.28510899142957524,87.5901875901876,,
315,0.2765065075300129,88.16738816738817,,
316,0.2902886574660545,87.01298701298701,,
317,0.27393808724657026,87.73448773448773,,
318,0.25912687625375835,89.03318903318903,,
319,0.27548516867480755,89.46608946608947,,
320,0.28825936327765,86.72438672438672,,
321,0.29333183380088423,87.3015873015873,,
322,0.2533489976502944,89.8989898989899,,
323,0.23905515683677805,90.62049062049061,,
324,0.2654132013885146,88.88888888888889,,
325,0.2639937495428418,88.74458874458874,0.7143626189851141,79.22077922077922
326,0.26192596782681576,89.6103896103896,,
327,0.25982412244334363,89.03318903318903,,
328,0.2802495656032411,87.44588744588745,,
329,0.2656157320367998,88.74458874458874,,
330,0.28134215187716793,89.32178932178932,,
331,0.25712739466588735,89.17748917748918,,
332,0.2643271635191093,89.03318903318903,,
333,0.26991217720495675,88.45598845598846,,
334,0.25593025446970225,89.17748917748918,,
335,0.2632000480293368,88.16738816738817,,
336,0.23070383454642082,90.18759018759019,,
337,0.26222320654782943,88.45598845598846,,
338,0.25079595184687414,90.9090909090909,,
339,0.2515929810928576,90.33189033189034,,
340,0.26310948741556417,89.8989898989899,,
341,0.2502673450013432,90.33189033189034,,
342,0.2574833698602982,89.75468975468975,,
343,0.27847919788367476,89.03318903318903,,
344,0.2667644236338947,87.87878787878788,,
345,0.2642628337225701,87.5901875901876,,
346,0.23658265209989288,91.05339105339105,,
347,0.26001925411678495,89.6103896103896,,
348,0.24526976769276684,89.03318903318903,,
349,0.26048200311942876,90.04329004329004,,
350,0.2552180326346195,89.32178932178932,0.7493263978462714,77.92207792207792
351,0.25762554207577504,87.73448773448773,,
352,0.2655026675302745,89.32178932178932,,
353,0.24801624495896255,90.04329004329004,,
354,0.26719112864132394,88.45598845598846,,
355,0.255731484440154,90.33189033189034,,
356,0.26031322738566953,89.46608946608947,,
357,0.25819782020381693,89.8989898989899,,
358,0.2557020954583458,88.74458874458874,,
359,0.2597696664185407,88.31168831168831,,
360,0.2554803437312788,89.6103896103896,,
361,0.26630178717479736,88.16738816738817,,
362,0.24815807210934626,89.8989898989899,,
363,0.25761516420184105,88.74458874458874,,
364,0.252170377307468,89.8989898989899,,
365,0.25050428767740984,89.17748917748918,,
366,0.2670934348250235,89.32178932178932,,
367,0.23434639415699682,91.05339105339105,,
368,0.2447553046509989,89.03318903318903,,
369,0.248445628267346,89.75468975468975,,
370,0.22568399711776777,91.34199134199135,,
371,0.26938073160758436,87.44588744588745,,
372,0.24891318852810287,88.74458874458874,,
373,0.24738419692409674,90.33189033189034,,
374,0.23887643278247178,90.04329004329004,,
375,0.2151941816184084,90.76479076479076,0.7625776908614419,77.92207792207792
376,0.2277340145854207,90.47619047619048,,
377,0.2556494214662054,88.31168831168831,,
378,0.23158340027063956,89.8989898989899,,
379,0.2535964346035218,89.32178932178932,,
380,0.2508617150093312,88.60028860028861,,
381,0.22894172690819525,90.9090909090909,,
382,0.23874917262990408,88.88888888888889,,
383,0.24532023738817046,89.6103896103896,,
384,0.21808244350324635,90.76479076479076,,
385,0.24138512919303487,90.33189033189034,,
386,0.2408758093848889,88.60028860028861,,
387,0.2559139116910457,88.74458874458874,,
388,0.23199597719255807,90.33189033189034,,
389,0.23615037002110206,91.1976911976912,,
390,0.23554691891649585,89.8989898989899,,
391,0.2290811762321219,90.33189033189034,,
392,0.2461506509226122,89.32178932178932,,
393,0.2561673208705619,88.88888888888889,,
394,0.23275764680011965,90.9090909090909,,
395,0.22792483209316522,90.9090909090909,,
396,0.23215984610080032,91.05339105339105,,
397,0.24819160084015707,89.46608946608947,,
398,0.24082554413427695,90.62049062049061,,
399,0.22781975617602704,92.4963924963925,,
400,0.21740313732800373,91.91919191919192,0.7870699616221638,77.92207792207792
401,0.24688764774438107,89.75468975468975,,
402,0.24767798667002205,88.88888888888889,,
403,0.2607103089061478,87.15728715728716,,
404,0.2322011629353354,90.33189033189034,,
405,0.23347836836075886,90.76479076479076,,
406,0.23709923149359347,89.46608946608947,,
407,0.2430387854920149,89.17748917748918,,
408,0.24079781916922477,89.75468975468975,,
409,0.2379277768245163,89.75468975468975,,
410,0.251552266733987,89.46608946608947,,
411,0.2390890158202182,90.04329004329004,,
412,0.2417419348852803,89.17748917748918,,
413,0.24023929891992268,90.04329004329004,,
414,0.23259155948956808,91.34199134199135,,
415,0.2171129367998324,91.63059163059162,,
416,0.2419828787274003,90.33189033189034,,
417,0.23127987666907593,90.9090909090909,,
418,0.2481758777283315,89.75468975468975,,
419,0.2397767019607288,89.46608946608947,,
420,0.23423559858341408,89.6103896103896,,
421,0.21214719888623831,92.06349206349206,,
422,0.26751946555759654,88.74458874458874,,
423,0.22837635782556703,91.05339105339105,,
424,0.23255662458799617,92.06349206349206,,
425,0.23552632867257833,90.76479076479076,0.7373394973866352,77.92207792207792
426,0.21375459090713814,91.1976911976912,,
427,0.23451012506285443,90.76479076479076,,
428,0.23230410959641482,89.8989898989899,,
429,0.20650319426090685,91.05339105339105,,
430,0.23538915028131713,89.46608946608947,,
431,0.22100704798708745,90.62049062049061,,
432,0.2159811466674268,90.9090909090909,,
433,0.22714287730694505,91.05339105339105,,
434,0.24658484060268898,89.6103896103896,,
435,0.21283198392064367,92.35209235209236,,
436,0.24724971682564348,89.75468975468975,,
437,0.2049342573635162,91.1976911976912,,
438,0.22012873542257202,90.9090909090909,,
439,0.22664611886590075,90.33189033189034,,
440,0.2131989077916221,91.34199134199135,,
441,0.2401335027907447,90.04329004329004,,
442,0.22738709835091023,90.33189033189034,,
443,0.2363332865214107,90.62049062049061,,
444,0.22374230209324095,91.63059163059162,,
445,0.2187745657791135,91.05339105339105,,
446,0.22494869942616935,91.48629148629149,,
447,0.21125415909341919,92.78499278499278,,
448,0.20003343256349,93.21789321789322,,
449,0.2137198635655177,91.48629148629149,,
450,0.20643222027741814,90.47619047619048,0.8049416944578096,79.22077922077922
451,0.24260760992120356,90.62049062049061,,
452,0.22126576869948775,90.9090909090909,,
453,0.2179326665349853,92.06349206349206,,
454,0.2182873913112485,91.05339105339105,,
455,0.22043414312867718,91.63059163059162,,
456,0.2300054713073059,90.62049062049061,,
457,0.21693739951904029,91.77489177489177,,
458,0.21393284330636392,90.9090909090909,,
459,0.21939366374804517,92.64069264069263,,
460,0.23144323527167887,91.48629148629149,,
461,0.2140397470320802,90.33189033189034,,
462,0.22710406829698435,89.17748917748918,,
463,0.24616797328597367,89.17748917748918,,
464,0.2150889097122962,91.34199134199135,,
465,0.2217962094602776,90.62049062049061,,
466,0.22502348773063174,90.33189033189034,,
467,0.2340625488289335,89.6103896103896,,
468,0.22328004220562409,90.33189033189034,,
469,0.22972903821031423,90.04329004329004,,
470,0.23729362950524555,90.47619047619048,,
471,0.24202962312175427,89.17748917748918,,
472,0.20400181692228,91.77489177489177,,
473,0.21616666496316075,91.34199134199135,,
474,0.21764781542154618,90.18759018759019,,
475,0.21373132735619813,90.62049062049061,0.7721120428729367,76.62337662337663
476,0.2044851669415423,92.06349206349206,,
477,0.20742568016740323,91.91919191919192,,
478,0.1949724704027176,92.92929292929293,,
479,0.19314107737499914,92.06349206349206,,
480,0.23108519295507352,90.47619047619048,,
481,0.2199077590504422,90.04329004329004,,
482,0.2126052538295845,90.9090909090909,,
483,0.21612129645344155,91.05339105339105,,
484,0.24069340856044324,89.03318903318903,,
485,0.21654953468929639,91.48629148629149,,
486,0.1932680881642676,91.91919191919192,,
487,0.21911610160856193,90.9090909090909,,
488,0.20800351894435085,92.06349206349206,,
489,0.2116381877127492,91.34199134199135,,
490,0.20733893874355339,92.06349206349206,,
491,0.1945470485024552,91.77489177489177,,
492,0.23032217005114536,91.34199134199135,,
493,0.22222060577951985,90.18759018759019,,
494,0.20966270931527384,91.63059163059162,,
495,0.21122307873305476,91.63059163059162,,
496,0.22463762575241739,90.9090909090909,,
497,0.1909849467925179,92.35209235209236,,
498,0.21323243705965686,91.34199134199135,,
499,0.20932501537287218,90.62049062049061,,
500,0.2114429646756226,91.34199134199135,0.7850531517685234,77.92207792207792
501,0.21954385125619852,91.48629148629149,,
502,0.20716287718190776,91.1976911976912,,
503,0.2336733259722956,89.46608946608947,,
504,0.212819688527443,91.91919191919192,,
505,0.22529987594136944,90.18759018759019,,
506,0.19968863911012893,91.77489177489177,,
507,0.1896435749565196,92.4963924963925,,
508,0.2132940972049171,91.34199134199135,,
509,0.1884521400155486,92.06349206349206,,
510,0.20612382837188192,89.8989898989899,,
511,0.21036236417112927,91.05339105339105,,
512,0.21389849868859737,90.76479076479076,,
513,0.19578754101996815,92.20779220779221,,
514,0.20986390810508232,91.05339105339105,,
515,0.179501463668515,92.20779220779221,,
516,0.2217247812090842,90.18759018759019,,
517,0.19968951492426543,91.48629148629149,,
518,0.18645792889904667,91.91919191919192,,
519,0.19181512840210446,91.91919191919192,,
520,0.20592811983213108,90.33189033189034,,
521,0.21748449841264264,91.1976911976912,,
522,0.21780525987045934,91.1976911976912,,
523,0.19164503327050766,92.35209235209236,,
524,0.21677102176485985,91.48629148629149,,
525,0.19301002456512287,92.20779220779221,0.7811036195073809,77.92207792207792
526,0.1947575132073606,92.06349206349206,,
527,0.21468385168140242,91.34199134199135,,
528,0.19811432900022807,92.20779220779221,,
529,0.20279621112484264,92.78499278499278,,
530,0.18466779835855462,92.78499278499278,,
531,0.21072891427669002,91.48629148629149,,
532,0.20242417881918418,91.34199134199135,,
533,0.19490953510113782,92.4963924963925,,
534,0.19172061408882018,92.06349206349206,,
535,0.1909825268589917,92.78499278499278,,
536,0.20654427446156182,91.1976911976912,,
537,0.20792804710018686,90.9090909090909,,
538,0.19330746662221085,92.06349206349206,,
539,0.2096542070416833,91.91919191919192,,
540,0.19456514060325264,91.63059163059162,,
541,0.17966739285043823,94.22799422799423,,
542,0.1737912166514266,93.36219336219337,,
543,0.2091819281766425,91.34199134199135,,
544,0.19600103085949308,92.64069264069263,,
545,0.20164000012335323,91.77489177489177,,
546,0.20442531153581187,92.78499278499278,,
547,0.2005031421501055,92.35209235209236,,
548,0.17934496019137713,93.65079365079364,,
549,0.2260272762648127,91.05339105339105,,
550,0.19284132576895632,92.78499278499278,0.823621687951026,76.62337662337663
551,0.20412817093695568,91.63059163059162,,
552,0.21118592650429338,91.34199134199135,,
553,0.18973837469262306,91.91919191919192,,
554,0.20228311221664946,91.77489177489177,,
555,0.19307545762815517,92.20779220779221,,
556,0.1854845436900037,91.77489177489177,,
557,0.20248526743308118,91.48629148629149,,
558,0.18603783151374062,93.07359307359307,,
559,0.18638277136079676,92.64069264069263,,
560,0.18035295591682926,92.92929292929293,,
561,0.16983834242321885,93.07359307359307,,
562,0.19622399444015856,91.91919191919192,,
563,0.22293471956751906,90.62049062049061,,
564,0.18791102829777662,92.78499278499278,,
565,0.19387648382572212,91.91919191919192,,
566,0.18481772338157093,93.36219336219337,,
567,0.19342846082574533,93.21789321789322,,
568,0.18331995898855025,91.91919191919192,,
569,0.19836725427904858,91.48629148629149,,
570,0.19888954821431104,91.63059163059162,,
571,0.1829464744351815,92.20779220779221,,
572,0.19137047235497837,91.48629148629149,,
573,0.21748437750735153,90.76479076479076,,
574,0.16796023450243525,94.37229437229438,,
575,0.17002982417226353,93.50649350649351,0.7950240520687847,76.62337662337663
576,0.16667037223926698,93.36219336219337,,
577,0.1811792024802336,93.07359307359307,,
578,0.16881523167373125,93.36219336219337,,
579,0.18595290218424831,91.91919191919192,,
580,0.20237465261939971,90.18759018759019,,
581,0.18835123350190652,91.63059163059162,,
582,0.16560625023790468,92.92929292929293,,
583,0.18036478256852423,92.64069264069263,,
584,0.17951313852403758,92.64069264069263,,
585,0.18908352840256382,91.1976911976912,,
586,0.19223935117281188,91.48629148629149,,
587,0.18377797385142824,92.20779220779221,,
588,0.1747299072804389,92.4963924963925,,
589,0.1712300448045457,92.35209235209236,,
590,0.178931816036223,93.50649350649351,,
591,0.20874771302697634,90.9090909090909,,
592,0.20360134294710805,91.48629148629149,,
593,0.18098247851128185,93.07359307359307,,
594,0.1890850817572331,91.34199134199135,,
595,0.1931746155668647,92.78499278499278,,
596,0.1805943471915794,92.20779220779221,,
597,0.17546477692381815,92.92929292929293,,
598,0.17917768538944304,92.78499278499278,,
599,0.1715087555832677,93.79509379509379,,
600,0.17177390906029794,93.65079365079364,0.8655504034711169,76.62337662337663
601,0.20201793425376452,91.91919191919192,,
602,0.17770154559165025,92.78499278499278,,
603,0.18846156182571236,92.64069264069263,,
604,0.2042963635525834,91.1976911976912,,
605,0.19667892866535447,92.35209235209236,,
606,0.1919844981395837,92.4963924963925,,
607,0.17420246022045183,92.4963924963925,,
608,0.18390647639099825,92.78499278499278,,
609,0.199922472582579,91.91919191919192,,
610,0.19540461003081538,91.91919191919192,,
611,0.16568014469712672,93.07359307359307,,
612,0.18060961694686445,93.07359307359307,,
613,0.19250800680976582,91.63059163059162,,
614,0.18836027685913,92.64069264069263,,
615,0.18041914228409056,91.63059163059162,,
616,0.1926912504099148,92.92929292929293,,
617,0.17244617625920458,93.93939393939394,,
618,0.1781412833954865,92.4963924963925,,
619,0.17909454591948576,92.06349206349206,,
620,0.18085085330759465,92.35209235209236,,
621,0.1780505958745662,93.36219336219337,,
622,0.18342501819563806,93.50649350649351,,
623,0.1741382669748854,92.78499278499278,,
624,0.17567602100998464,93.21789321789322,,
625,0.1878007333967593,92.20779220779221,0.8546694207501102,74.02597402597402
626,0.16679771190769915,93.79509379509379,,
627,0.19002867716903465,91.34199134199135,,
628,0.19216493090337833,91.1976911976912,,
629,0.16174345497918163,93.79509379509379,,
630,0.17957389930970052,93.21789321789322,,
631,0.20172372047116102,92.4963924963925,,
632,0.1906365491288565,92.64069264069263,,
633,0.20075145168135863,91.91919191919192,,
634,0.160504753175924,93.79509379509379,,
635,0.1720958567220411,92.35209235209236,,
636,0.17109679172694425,93.07359307359307,,
637,0.18217740322948361,93.21789321789322,,
638,0.1978035370401318,92.78499278499278,,
639,0.16005622531041439,92.92929292929293,,
640,0.17065059377517536,92.64069264069263,,
641,0.17527109918333753,93.79509379509379,,
642,0.18150063768609778,92.20779220779221,,
643,0.15802922197664626,94.66089466089466,,
644,0.16960983845965688,92.35209235209236,,
645,0.16575415357194764,92.92929292929293,,
646,0.18250598724324035,91.91919191919192,,
647,0.16605043110221324,92.64069264069263,,
648,0.15655357294956498,93.79509379509379,,
649,0.19099261849301546,91.91919191919192,,
650,0.19014379309025334,91.77489177489177,0.7862775573482761,77.92207792207792
651,0.17863943342866664,92.35209235209236,,
652,0.17545610021203112,92.06349206349206,,
653,0.16386217425051877,92.64069264069263,,
654,0.18399511458295764,92.35209235209236,,
655,0.16481666938868092,93.93939393939394,,
656,0.1611643439295875,92.92929292929293,,
657,0.16884856977504054,94.08369408369408,,
658,0.17996320211225086,92.78499278499278,,
659,0.18170292971287497,93.21789321789322,,
660,0.16773818375228286,93.07359307359307,,
661,0.18189796790330096,92.06349206349206,,
662,0.18361239096561036,93.07359307359307,,
663,0.1799756091136437,92.64069264069263,,
664,0.16455546180579225,93.79509379509379,,
665,0.18327275886164082,92.64069264069263,,
666,0.18519949668703914,93.07359307359307,,
667,0.15213998174899585,94.37229437229438,,
668,0.1555675074544132,93.07359307359307,,
669,0.16657543632848265,93.21789321789322,,
670,0.15914136357336678,93.79509379509379,,
671,0.17845486485080803,92.06349206349206,,
672,0.13349402904467494,95.0937950937951,,
673,0.16037999296730215,94.08369408369408,,
674,0.13785952432847126,94.8051948051948,,
675,0.1667258795606131,93.65079365079364,0.8776923387081592,74.02597402597402
676,0.1681199258819631,93.50649350649351,,
677,0.1692550310066768,93.21789321789322,,
678,0.17799360271742162,93.21789321789322,,
679,0.1626595716713827,93.93939393939394,,
680,0.14733385727949128,95.0937950937951,,
681,0.17665249197965577,93.93939393939394,,
682,0.16650994015591486,93.07359307359307,,
683,0.16474327741225733,93.93939393939394,,
684,0.17077776789665222,93.07359307359307,,
685,0.18638730750111446,92.92929292929293,,
686,0.18607148072248242,92.92929292929293,,
687,0.15536732985644802,93.93939393939394,,
688,0.1596259865184109,94.08369408369408,,
689,0.14921729488118216,94.08369408369408,,
690,0.1572102437717746,93.50649350649351,,
691,0.15350606514061674,94.22799422799423,,
692,0.14672356371634773,93.50649350649351,,
693,0.1684645117296801,92.92929292929293,,
694,0.17722577278060142,93.21789321789322,,
695,0.19210602642368918,92.06349206349206,,
696,0.15953527817779461,94.8051948051948,,
697,0.14283790518926165,93.79509379509379,,
698,0.18442737565121867,93.07359307359307,,
699,0.16253068548604352,93.50649350649351,,
700,0.16962453654146126,93.21789321789322,0.8499150260702356,72.72727272727273
701,0.14377200945373222,94.8051948051948,,
702,0.17494597755275765,92.4963924963925,,
703,0.17105483091711826,93.65079365079364,,
704,0.14592485927572155,95.38239538239539,,
705,0.16789864854548464,92.64069264069263,,
706,0.1669391935951954,93.50649350649351,,
707,0.15511749874569292,93.36219336219337,,
708,0.18459154553657658,93.93939393939394,,
709,0.16225101334858594,93.07359307359307,,
710,0.1704435148753473,93.65079365079364,,
711,0.15831980050956726,93.65079365079364,,
712,0.17869782320950797,92.78499278499278,,
713,0.17732768567093524,93.07359307359307,,
714,0.15507141181400844,94.8051948051948,,
715,0.16480002489107598,93.50649350649351,,
716,0.18182850094756695,91.63059163059162,,
717,0.16324720721998257,93.65079365079364,,
718,0.18734657266654323,93.79509379509379,,
719,0.16522297057797555,94.08369408369408,,
720,0.16534105366872676,92.64069264069263,,
721,0.17167928684260939,93.07359307359307,,
722,0.16579796522210688,93.93939393939394,,
723,0.17099979282780128,93.36219336219337,,
724,0.16249287339171978,93.65079365079364,,
725,0.15852519460183717,93.93939393939394,0.8812308667542098,75.32467532467533
726,0.16675326679692123,93.21789321789322,,
727,0.13186676547463452,94.94949494949495,,
728,0.1319362675343757,95.52669552669553,,
729,0.1635894568752589,93.65079365079364,,
730,0.15271618152185093,93.65079365079364,,
731,0.1740377808546091,92.4963924963925,,
732,0.17617334081411018,93.65079365079364,,
733,0.15757679031868863,94.37229437229438,,
734,0.13978746593600572,95.23809523809524,,
735,0.17434235775109494,93.21789321789322,,
736,0.1723543924976995,93.36219336219337,,
737,0.16546164969087163,93.36219336219337,,
738,0.16351790547714948,94.37229437229438,,
739,0.17964320427712596,93.36219336219337,,
740,0.14651236498747208,94.8051948051948,,
741,0.16922963074103406,92.92929292929293,,
742,0.16244185628829064,93.65079365079364,,
743,0.16576581023644232,92.64069264069263,,
744,0.16354824643760843,93.36219336219337,,
745,0.1555757398534335,93.50649350649351,,
746,0.15703631320385017,93.79509379509379,,
747,0.15092560771481817,94.51659451659452,,
748,0.149200706942945,95.0937950937951,,
749,0.19659006517127822,91.48629148629149,,
750,0.17419876392613587,92.78499278499278,0.8387697532579497,74.02597402597402
751,0.14771894181703593,94.51659451659452,,
752,0.13813120529894188,95.23809523809524,,
753,0.14558717427831708,95.0937950937951,,
754,0.17285303582274725,93.79509379509379,,
755,0.15461600194503736,94.51659451659452,,
756,0.14076108658554579,93.93939393939394,,
757,0.16476057145931364,92.92929292929293,,
758,0.14332477587126033,93.93939393939394,,
759,0.143022040354053,94.51659451659452,,
760,0.1700292436935513,93.50649350649351,,
761,0.14230968423650034,93.36219336219337,,
762,0.17049977566084648,93.36219336219337,,
763,0.15495835719858586,93.65079365079364,,
764,0.14880143001764304,93.36219336219337,,
765,0.1450654606282453,94.51659451659452,,
766,0.166431927104705,91.91919191919192,,
767,0.1543410759497149,93.65079365079364,,
768,0.1628331062941668,93.79509379509379,,
769,0.1773752709380304,91.77489177489177,,
770,0.14116731669093935,94.08369408369408,,
771,0.14325230692286167,94.66089466089466,,
772,0.14648411078660778,93.65079365079364,,
773,0.14616268989327666,93.65079365079364,,
774,0.15594063824496915,93.07359307359307,,
775,0.16590520692384475,93.36219336219337,0.8912485977271934,77.92207792207792
776,0.1541076267049426,93.79509379509379,,
777,0.1550131958800477,94.08369408369408,,
778,0.14233979346260192,94.37229437229438,,
779,0.18588048828198625,92.4963924963925,,
780,0.15547848530489988,93.93939393939394,,
781,0.15517932911971946,93.65079365079364,,
782,0.14063307134942574,94.37229437229438,,
783,0.1461951452029216,94.22799422799423,,
784,0.15011884539265824,94.51659451659452,,
785,0.16009444869183875,93.07359307359307,,
786,0.15295100504832146,93.65079365079364,,
787,0.1584727961951692,93.93939393939394,,
788,0.1525735758986824,93.36219336219337,,
789,0.1607788179773961,92.92929292929293,,
790,0.1437089303871254,93.79509379509379,,
791,0.15532855033702492,93.93939393939394,,
792,0.1572488724720405,94.51659451659452,,
793,0.14348202462148185,94.22799422799423,,
794,0.13726055433417295,94.66089466089466,,
795,0.1450073397301761,94.22799422799423,,
796,0.15801960305132048,92.78499278499278,,
797,0.13980862362818283,93.36219336219337,,
798,0.12994141897124817,93.93939393939394,,
799,0.14815519429732538,93.93939393939394,,
800,0.15412327533246462,93.93939393939394,0.8341529353872522,74.02597402597402
801,0.15676362960885615,94.08369408369408,,
802,0.15399583676913256,93.36219336219337,,
803,0.13570511293789697,94.66089466089466,,
804,0.1529746154084006,93.50649350649351,,
805,0.1523169900947835,94.66089466089466,,
806,0.16253938707610402,94.08369408369408,,
807,0.1390346684970209,94.66089466089466,,
808,0.14151548935049368,94.51659451659452,,
809,0.17791180763108733,93.50649350649351,,
810,0.15068503422998591,93.93939393939394,,
811,0.16160284861126675,94.08369408369408,,
812,0.15522138802348107,93.93939393939394,,
813,0.13952913459976343,94.22799422799423,,
814,0.17047114266569136,92.64069264069263,,
815,0.1520987966757746,93.93939393939394,,
816,0.1275894819217241,95.81529581529581,,
817,0.1718489620968979,93.65079365079364,,
818,0.16631432320831227,93.21789321789322,,
819,0.16113529905870363,93.93939393939394,,
820,0.1337305371572961,95.52669552669553,,
821,0.13034663107488062,94.66089466089466,,
822,0.14805005853364048,94.22799422799423,,
823,0.1497485361466504,94.37229437229438,,
824,0.13796682522496448,94.37229437229438,,
825,0.14355133807160295,93.93939393939394,0.8972887667742643,74.02597402597402
826,0.1703124482286785,93.79509379509379,,
827,0.16322487516229245,93.21789321789322,,
828,0.15440116748536303,93.79509379509379,,
829,0.153347138600346,93.93939393939394,,
830,0.13141320106367788,95.38239538239539,,
831,0.1470002109751987,93.93939393939394,,
832,0.1450044507265607,94.37229437229438,,
833,0.15195122662216726,92.92929292929293,,
834,0.13027240208002053,94.51659451659452,,
835,0.15139162718905688,93.79509379509379,,
836,0.1497621912116784,94.22799422799423,,
837,0.13607350062756313,93.50649350649351,,
838,0.14628384374673403,94.37229437229438,,
839,0.16525387504873165,93.07359307359307,,
840,0.159597883535842,94.37229437229438,,
841,0.15805039625792278,93.50649350649351,,
842,0.12498609282742933,94.8051948051948,,
843,0.1668360515364579,93.50649350649351,,
844,0.1299351600696256,94.66089466089466,,
845,0.13493084558117785,94.66089466089466,,
846,0.14477478201577673,95.67099567099567,,
847,0.142946058388364,95.38239538239539,,
848,0.11995394324714487,95.23809523809524,,
849,0.16564425077251713,93.07359307359307,,
850,0.15006738006101025,94.37229437229438,0.9740639615368534,76.62337662337663
851,0.13191172883215577,95.23809523809524,,
852,0.15594815390794653,93.65079365079364,,
853,0.12569910370103723,94.66089466089466,,
854,0.14397459082617217,93.79509379509379,,
855,0.13642759735106047,94.51659451659452,,
856,0.13646076897543574,94.51659451659452,,
857,0.152796263818617,94.22799422799423,,
858,0.13970578939238668,95.23809523809524,,
859,0.1455352595358184,94.08369408369408,,
860,0.15522167234967799,94.51659451659452,,
861,0.15265512908842485,94.08369408369408,,
862,0.13850029767591715,93.93939393939394,,
863,0.12717359991472693,95.38239538239539,,
864,0.14315150093292606,94.66089466089466,,
865,0.13405846139956346,95.23809523809524,,
866,0.14885305175705563,93.07359307359307,,
867,0.12708641210245708,94.66089466089466,,
868,0.12702481151379721,94.66089466089466,,
869,0.16033007394828838,92.92929292929293,,
870,0.1481613428378948,94.51659451659452,,
871,0.12554919557352948,95.38239538239539,,
872,0.13832539088841297,94.37229437229438,,
873,0.14619522760010728,94.51659451659452,,
874,0.1301973679762812,95.38239538239539,,
875,0.1586642452390679,93.50649350649351,0.8866563911561842,75.32467532467533
876,0.1280671065245872,94.94949494949495,,
877,0.1461667352030793,93.79509379509379,,
878,0.1287679040178248,96.1038961038961,,
879,0.10993688427782677,95.95959595959596,,
880,0.14587496780127845,94.66089466089466,,
881,0.1403089788450737,95.23809523809524,,
882,0.1393602882870735,93.65079365079364,,
883,0.12845144591806254,95.0937950937951,,
884,0.14165627341421824,94.22799422799423,,
885,0.12483835734244204,95.0937950937951,,
886,0.12178686695525484,95.52669552669553,,
887,0.13081020836464383,95.38239538239539,,
888,0.15439745531152682,93.93939393939394,,
889,0.13056134402988448,94.94949494949495,,
890,0.13100146129189805,94.8051948051948,,
891,0.15060645666559366,93.79509379509379,,
892,0.1353462275902473,94.66089466089466,,
893,0.1480463845668761,94.37229437229438,,
894,0.12302328565549024,94.66089466089466,,
895,0.13983081390847377,95.81529581529581,,
896,0.15177573773251984,94.37229437229438,,
897,0.15747697986823656,93.50649350649351,,
898,0.15595546687320197,94.22799422799423,,
899,0.14304969945726284,94.66089466089466,,
900,0.14500546425817504,93.21789321789322,0.9430394250077087,74.02597402597402
901,0.1391263853484418,94.66089466089466,,
902,0.14664414219698005,94.22799422799423,,
903,0.13012710523295712,94.66089466089466,,
904,0.13326486317282288,93.93939393939394,,
905,0.14404728543147724,94.51659451659452,,
906,0.13743099737455491,94.51659451659452,,
907,0.13998326524275034,95.23809523809524,,
908,0.1389970164665412,93.79509379509379,,
909,0.13344255984259545,95.38239538239539,,
910,0.11981057771313586,95.23809523809524,,
911,0.10597317805580934,96.3924963924964,,
912,0.13161309988037675,94.37229437229438,,
913,0.11656551902729367,95.38239538239539,,
914,0.14402038606708872,94.66089466089466,,
915,0.1295228326131427,94.51659451659452,,
916,0.14856227750864423,94.22799422799423,,
917,0.1608935735076881,94.94949494949495,,
918,0.15101749055399352,94.22799422799423,,
919,0.12524110704262623,95.67099567099567,,
920,0.13537238478058516,94.94949494949495,,
921,0.1176151168004517,95.38239538239539,,
922,0.12854011954866015,94.94949494949495,,
923,0.14040301934228658,94.37229437229438,,
924,0.1452118181455531,93.93939393939394,,
925,0.12350067046899645,95.23809523809524,0.886553505798439,76.62337662337663
926,0.1310842116759797,94.66089466089466,,
927,0.15251967384282386,94.37229437229438,,
928,0.11224590063439131,96.24819624819625,,
929,0.15880378449677046,93.36219336219337,,
930,0.1455057417385248,94.66089466089466,,
931,0.12688155943181093,94.94949494949495,,
932,0.1447889899880683,93.65079365079364,,
933,0.13132896453066908,95.23809523809524,,
934,0.12318722826319856,95.81529581529581,,
935,0.13714033451259222,93.07359307359307,,
936,0.12984622531122975,95.38239538239539,,
937,0.12133185018235643,94.94949494949495,,
938,0.10006786170610446,96.53679653679653,,
939,0.12414479659921335,94.51659451659452,,
940,0.13833088915886474,94.37229437229438,,
941,0.13730082727033338,94.8051948051948,,
942,0.13345675871937307,95.23809523809524,,
943,0.14593958983958455,93.79509379509379,,
944,0.13705066975319025,94.22799422799423,,
945,0.1093180122184547,95.52669552669553,,
946,0.1181729423664349,96.53679653679653,,
947,0.13264812490382752,95.52669552669553,,
948,0.11578475240978156,95.95959595959596,,
949,0.14835197674742165,93.79509379509379,,
950,0.12632231958328732,95.0937950937951,0.9600659686249572,75.32467532467533
951,0.11861167506222085,95.81529581529581,,
952,0.14328165949842372,94.51659451659452,,
953,0.12304530333066399,95.81529581529581,,
954,0.1312553704774053,95.38239538239539,,
955,0.1110325035078701,95.67099567099567,,
956,0.11979168673377877,95.23809523809524,,
957,0.13960275427582117,94.8051948051948,,
958,0.11279588505829997,95.52669552669553,,
959,0.1213955356703176,95.23809523809524,,
960,0.13033734487764764,94.37229437229438,,
961,0.11018407710358866,95.95959595959596,,
962,0.13242757399962923,94.66089466089466,,
963,0.14099092095079704,95.0937950937951,,
964,0.12330222981316703,95.67099567099567,,
965,0.12142255896914744,95.38239538239539,,
966,0.10991135596540927,95.0937950937951,,
967,0.13155921936723233,95.38239538239539,,
968,0.12068940640506462,95.38239538239539,,
969,0.1327683516868093,94.94949494949495,,
970,0.11505076994455565,95.38239538239539,,
971,0.10994835290385875,95.38239538239539,,
972,0.13860295492010716,93.50649350649351,,
973,0.11397064205199953,95.38239538239539,,
974,0.1311157305347283,95.38239538239539,,
975,0.10635580224607243,95.52669552669553,0.9079100001942028,76.62337662337663
976,0.12301546822518411,94.66089466089466,,
977,0.11717912442928441,95.81529581529581,,
978,0.13643360783548927,94.37229437229438,,
979,0.12435487058943656,94.51659451659452,,
980,0.1341282594545837,94.37229437229438,,
981,0.11752997239457623,95.81529581529581,,
982,0.1291549001292233,94.51659451659452,,
983,0.11721856079049527,95.67099567099567,,
984,0.1470085358163839,94.37229437229438,,
985,0.10016429647910818,97.11399711399712,,
986,0.12871583809197207,94.22799422799423,,
987,0.14106774908553643,94.22799422799423,,
988,0.12316395804651543,95.81529581529581,,
989,0.12263193627628585,95.52669552669553,,
990,0.11254258759180016,95.81529581529581,,
991,0.12260515267542775,94.8051948051948,,
992,0.1249854044846298,95.38239538239539,,
993,0.11970159116847519,94.8051948051948,,
994,0.1116707284758768,95.81529581529581,,
995,0.10386935424753081,96.3924963924964,,
996,0.1304148873949254,95.52669552669553,,
997,0.12920191071250223,94.8051948051948,,
998,0.10565050545149896,96.82539682539682,,
999,0.12397541309885605,95.38239538239539,,
1000,0.14876683684963662,94.51659451659452,0.960487624267479,76.62337662337663
