epoch,train_loss,train_acc,test_loss,test_acc
1,0.6894915931324594,55.84415584415584,0.6860403232760244,55.84415584415584
2,0.6878310097932472,55.98845598845599,,
3,0.6885634109399363,55.98845598845599,,
4,0.6859753446661548,55.98845598845599,,
5,0.6865355384470236,55.98845598845599,,
6,0.6866578514785822,55.98845598845599,,
7,0.6861704390974444,55.98845598845599,,
8,0.6863348287077349,55.98845598845599,,
9,0.6876399855077009,55.98845598845599,,
10,0.685715633553344,55.98845598845599,,
11,0.6871615556239393,55.98845598845599,,
12,0.685696631713003,55.98845598845599,,
13,0.6861287434551795,55.98845598845599,,
14,0.6857475547219424,55.98845598845599,,
15,0.6854981829937746,55.98845598845599,,
16,0.6837959034102303,55.98845598845599,,
17,0.6845908509876477,55.98845598845599,,
18,0.6831157444875477,55.98845598845599,,
19,0.6823502516677713,55.98845598845599,,
20,0.6824338850692925,55.98845598845599,,
21,0.6820967893235783,55.98845598845599,,
22,0.6807760118062018,55.98845598845599,,
23,0.6788280579606863,55.98845598845599,,
24,0.6793715976189397,55.98845598845599,,
25,0.6792525947524012,55.98845598845599,0.6800026583981205,55.84415584415584
26,0.676789719132978,55.98845598845599,,
27,0.6758343151637486,55.98845598845599,,
28,0.6755209860175547,55.98845598845599,,
29,0.6755376599223755,55.98845598845599,,
30,0.6712984686118012,55.98845598845599,,
31,0.6697479493346221,55.98845598845599,,
32,0.6674825199926743,55.98845598845599,,
33,0.6726729489680149,55.98845598845599,,
34,0.6673034188723324,55.98845598845599,,
35,0.6686080722581773,55.98845598845599,,
36,0.6623527442050015,55.98845598845599,,
37,0.6614746560610046,55.98845598845599,,
38,0.6568047126478275,55.98845598845599,,
39,0.6561553229673256,55.98845598845599,,
40,0.6549712465955065,55.98845598845599,,
41,0.650958851302341,55.98845598845599,,
42,0.6509742362674696,55.98845598845599,,
43,0.651461632220776,55.98845598845599,,
44,0.6484551978489709,55.98845598845599,,
45,0.6456085921710015,55.98845598845599,,
46,0.6416101801447022,55.98845598845599,,
47,0.6411885718934636,55.98845598845599,,
48,0.6361547897732447,55.98845598845599,,
49,0.6350757059940872,55.98845598845599,,
50,0.6346577226169525,55.98845598845599,0.6369226756808045,55.84415584415584
51,0.631687023164906,57.43145743145743,,
52,0.627267994061865,59.74025974025974,,
53,0.6272537246841029,59.45165945165945,,
54,0.622719750431881,61.32756132756133,,
55,0.6236966420905758,62.48196248196248,,
56,0.6167367429272265,64.5021645021645,,
57,0.6158351731334758,63.78066378066378,,
58,0.6208866305681534,64.5021645021645,,
59,0.6118762491413353,66.52236652236653,,
60,0.6115874755606163,63.63636363636363,,
61,0.6121764358934042,64.93506493506493,,
62,0.6016384599700807,66.95526695526695,,
63,0.6035489594781553,65.65656565656566,,
64,0.608647207548092,66.95526695526695,,
65,0.604261282890562,67.38816738816739,,
66,0.5995229377719059,68.68686868686869,,
67,0.5958755485939257,71.28427128427128,,
68,0.5952874207909489,68.83116883116882,,
69,0.5921181658817748,69.40836940836941,,
70,0.5872316726014384,69.84126984126983,,
71,0.5738586467753929,71.86147186147186,,
72,0.58633523052733,69.55266955266956,,
73,0.5894438536652239,71.28427128427128,,
74,0.5781479723009713,71.71717171717172,,
75,0.5749737077203148,72.87157287157287,0.5812306574412754,67.53246753246754
76,0.5704347025092374,72.2943722943723,,
77,0.5625780451865423,73.16017316017316,,
78,0.563385871581701,69.98556998556998,,
79,0.5658311650350496,70.85137085137085,,
80,0.5518440965450171,74.31457431457432,,
81,0.544158699192526,73.73737373737374,,
82,0.5509635756198118,73.01587301587301,,
83,0.5555569418581017,72.58297258297259,,
84,0.5476986972714571,74.60317460317461,,
85,0.5407119051030532,74.02597402597402,,
86,0.5249450402858453,77.2005772005772,,
87,0.5290525196520625,75.61327561327562,,
88,0.5276239044738539,76.91197691197691,,
89,0.5255584869893942,75.46897546897547,,
90,0.5301845259480662,76.47907647907648,,
91,0.5101013254981709,77.4891774891775,,
92,0.5162466380847309,77.34487734487735,,
93,0.5161280654381536,76.47907647907648,,
94,0.5212171760644404,76.33477633477634,,
95,0.5044894130715044,77.34487734487735,,
96,0.5249603822461798,75.61327561327562,,
97,0.5010330212580694,79.65367965367966,,
98,0.49609988850432557,76.76767676767676,,
99,0.5092304544617431,77.34487734487735,,
100,0.5099488758249544,76.62337662337663,0.4992430244947409,80.51948051948052
101,0.5143404787925071,76.04617604617604,,
102,0.49089654106082337,78.64357864357865,,
103,0.48953616576105313,77.92207792207792,,
104,0.4987144606970089,78.06637806637806,,
105,0.488472576308216,78.4992784992785,,
106,0.48127857826832915,77.63347763347764,,
107,0.4795623153319091,79.65367965367966,,
108,0.47958667174218195,79.36507936507937,,
109,0.47719205337513404,79.07647907647907,,
110,0.4731751692415488,79.50937950937951,,
111,0.48930857793937343,79.65367965367966,,
112,0.4715765935690028,80.37518037518038,,
113,0.4551933275328742,78.78787878787878,,
114,0.45627991229424747,79.50937950937951,,
115,0.4561393742609506,81.67388167388168,,
116,0.4601211120813956,78.93217893217893,,
117,0.4610717948553022,81.52958152958153,,
118,0.4554105829366874,79.94227994227994,,
119,0.4584948718117773,80.23088023088023,,
120,0.45852945190229455,79.07647907647907,,
121,0.4711732300156983,79.65367965367966,,
122,0.4599968344188184,80.08658008658008,,
123,0.46707897668793086,80.95238095238095,,
124,0.4614243202051215,80.23088023088023,,
125,0.43574965030255947,82.1067821067821,0.44093298563709504,81.81818181818181
126,0.4481067110449721,80.66378066378067,,
127,0.4540032511751717,80.66378066378067,,
128,0.4263071141717754,81.81818181818181,,
129,0.4223149379051437,83.54978354978356,,
130,0.44614969654086695,80.08658008658008,,
131,0.4392131139533688,80.23088023088023,,
132,0.41758462603904123,82.3953823953824,,
133,0.44028376062195024,81.52958152958153,,
134,0.4335390617063035,79.79797979797979,,
135,0.4297196057021704,82.25108225108225,,
136,0.4375646571920376,80.66378066378067,,
137,0.41086535725586687,83.11688311688312,,
138,0.41703610726421186,81.24098124098124,,
139,0.40735695905671665,84.27128427128427,,
140,0.42697745613205484,80.66378066378067,,
141,0.3996766827151201,83.98268398268398,,
142,0.4149291191094193,81.67388167388168,,
143,0.42325356761786503,82.25108225108225,,
144,0.4072631322288238,81.67388167388168,,
145,0.41251360509990787,83.83838383838383,,
146,0.4212030450589041,82.82828282828282,,
147,0.4111550085644357,82.82828282828282,,
148,0.42158484708351146,80.66378066378067,,
149,0.41258239574074573,82.68398268398268,,
150,0.3855808320499602,84.7041847041847,0.4234238150831941,79.22077922077922
151,0.3968952390194627,81.96248196248196,,
152,0.4009225567181905,82.1067821067821,,
153,0.39734817007059314,85.13708513708514,,
154,0.39597638379271755,83.26118326118326,,
155,0.3891259776737439,83.26118326118326,,
156,0.4048291627548818,82.68398268398268,,
157,0.3811897034252877,84.12698412698413,,
158,0.40752527513373293,82.25108225108225,,
159,0.3663254874781269,84.84848484848484,,
160,0.4071824817258386,82.53968253968254,,
161,0.37781064885347265,84.99278499278499,,
162,0.3795675812302558,85.28138528138528,,
163,0.3915962044896846,83.26118326118326,,
164,0.3697216104592424,85.71428571428571,,
165,0.3859553678985282,83.69408369408369,,
166,0.38301608288958994,83.83838383838383,,
167,0.40740269203206675,82.1067821067821,,
168,0.3747519011707361,85.56998556998558,,
169,0.3951083504491382,83.69408369408369,,
170,0.3761455842856893,83.69408369408369,,
171,0.36455228030251563,84.84848484848484,,
172,0.39561496733070967,83.40548340548341,,
173,0.38468075250134326,84.84848484848484,,
174,0.3651060125915519,87.01298701298701,,
175,0.36169772265105365,84.84848484848484,0.40641665884426664,81.81818181818181
176,0.3806660434212347,84.99278499278499,,
177,0.381603654500898,84.99278499278499,,
178,0.35313297113642894,86.72438672438672,,
179,0.37699320407054815,84.84848484848484,,
180,0.36495345009525787,83.98268398268398,,
181,0.3819230070705882,84.41558441558442,,
182,0.34964816240005164,86.86868686868686,,
183,0.37616120930357927,84.99278499278499,,
184,0.3810127025730854,83.98268398268398,,
185,0.3510657377745338,84.7041847041847,,
186,0.35704702379727604,85.42568542568543,,
187,0.3657412902703361,84.99278499278499,,
188,0.3668617284487164,85.13708513708514,,
189,0.37202212698273845,84.27128427128427,,
190,0.3581915586369722,86.72438672438672,,
191,0.3641981417998607,85.28138528138528,,
192,0.32760015407423954,87.5901875901876,,
193,0.3486969929838937,86.72438672438672,,
194,0.3583445440639149,85.56998556998558,,
195,0.3373109069565502,85.71428571428571,,
196,0.32298660575053395,88.74458874458874,,
197,0.3747288283675608,84.55988455988457,,
198,0.3429673575563692,85.42568542568543,,
199,0.336449884362035,86.86868686868686,,
200,0.3388313392196039,85.13708513708514,0.405508945708151,79.22077922077922
201,0.36008575640371526,86.72438672438672,,
202,0.34985212484995526,84.99278499278499,,
203,0.3419917056828866,85.56998556998558,,
204,0.3644969735138688,84.12698412698413,,
205,0.31635382324242145,88.02308802308802,,
206,0.3129605914091135,88.60028860028861,,
207,0.3381662435001797,86.72438672438672,,
208,0.3177737822436323,87.3015873015873,,
209,0.3098411428893971,88.16738816738817,,
210,0.30764931461855793,88.74458874458874,,
211,0.32252960032843925,88.60028860028861,,
212,0.329840485366736,85.28138528138528,,
213,0.3259315307952281,88.02308802308802,,
214,0.33044098956244333,86.002886002886,,
215,0.3331343098120256,87.3015873015873,,
216,0.3183841414179809,87.44588744588745,,
217,0.3230559081484229,87.44588744588745,,
218,0.30366752665452285,88.88888888888889,,
219,0.33237990414425406,85.42568542568543,,
220,0.30948777290391716,88.60028860028861,,
221,0.32416649547662224,86.86868686868686,,
222,0.35422165784312876,84.99278499278499,,
223,0.33317344002479427,86.86868686868686,,
224,0.3192805265322392,87.73448773448773,,
225,0.3003388230848794,87.44588744588745,0.4158646474023918,81.81818181818181
226,0.30360214315451584,88.45598845598846,,
227,0.3163571122060779,86.72438672438672,,
228,0.3136349242142957,86.43578643578644,,
229,0.29575603103740905,87.87878787878788,,
230,0.30749839389479006,88.31168831168831,,
231,0.303925035749851,88.45598845598846,,
232,0.32107767411124655,86.72438672438672,,
233,0.30073460489296466,88.31168831168831,,
234,0.30290886232949266,88.45598845598846,,
235,0.3225383831653072,86.72438672438672,,
236,0.2979121421709721,88.60028860028861,,
237,0.33015880111234014,86.2914862914863,,
238,0.3077073513515412,87.3015873015873,,
239,0.31187124606248795,87.44588744588745,,
240,0.32949528111007825,86.002886002886,,
241,0.3101876766177655,87.15728715728716,,
242,0.2930210520866801,88.60028860028861,,
243,0.31596765747834077,88.02308802308802,,
244,0.296311013690837,88.60028860028861,,
245,0.27905030160454275,89.17748917748918,,
246,0.30430083271400926,87.5901875901876,,
247,0.28526455434885895,88.45598845598846,,
248,0.28066421430262306,89.17748917748918,,
249,0.29135682185490924,88.16738816738817,,
250,0.27361076463868605,89.46608946608947,0.42427110014023717,80.51948051948052
251,0.2908556577877221,88.45598845598846,,
252,0.2847113888200055,88.16738816738817,,
253,0.30155066090056737,87.01298701298701,,
254,0.2894008593985873,88.60028860028861,,
255,0.2694212876228027,89.6103896103896,,
256,0.31158657591322286,87.01298701298701,,
257,0.26900074812670977,88.60028860028861,,
258,0.29069094486738867,88.45598845598846,,
259,0.2661226787866452,90.47619047619048,,
260,0.2836751731443199,89.17748917748918,,
261,0.27789738417359827,89.46608946608947,,
262,0.29380204024338963,89.6103896103896,,
263,0.26661310137436334,89.8989898989899,,
264,0.30112861122661855,88.02308802308802,,
265,0.3109308271353035,89.03318903318903,,
266,0.2810630580090513,87.73448773448773,,
267,0.2860292698999848,89.75468975468975,,
268,0.26494092330831126,89.75468975468975,,
269,0.27681782156831086,88.88888888888889,,
270,0.2852765651578339,89.32178932178932,,
271,0.2820806149043906,88.16738816738817,,
272,0.279509336358369,89.6103896103896,,
273,0.27908412811129985,91.05339105339105,,
274,0.2839857681317075,89.6103896103896,,
275,0.26393925896906234,90.47619047619048,0.4384452027159852,83.11688311688312
276,0.2600284745166828,90.04329004329004,,
277,0.2746688364796652,89.32178932178932,,
278,0.27937927691623415,87.73448773448773,,
279,0.2920353859017938,87.87878787878788,,
280,0.2814505212062709,88.88888888888889,,
281,0.25885903369769736,90.04329004329004,,
282,0.2680683457447165,88.60028860028861,,
283,0.2589588967107591,89.8989898989899,,
284,0.28811561459242696,88.74458874458874,,
285,0.29193444917728373,88.88888888888889,,
286,0.2623546470499572,90.04329004329004,,
287,0.2846379304173017,88.88888888888889,,
288,0.26579920280977415,89.8989898989899,,
289,0.2680531863934894,89.03318903318903,,
290,0.2643293725463735,89.8989898989899,,
291,0.2606308678914974,90.33189033189034,,
292,0.2651147417949908,88.88888888888889,,
293,0.2681668863926099,90.76479076479076,,
294,0.2630691286633369,89.32178932178932,,
295,0.2628634717170294,89.46608946608947,,
296,0.2514432336473878,91.77489177489177,,
297,0.25057076646652054,89.6103896103896,,
298,0.2513848928705094,90.04329004329004,,
299,0.25627847104017526,89.46608946608947,,
300,0.2660470432877369,90.18759018759019,0.4516232648453155,80.51948051948052
301,0.29146376514503625,88.74458874458874,,
302,0.28034028516273307,88.88888888888889,,
303,0.25923120136900896,90.76479076479076,,
304,0.23538150863041954,92.20779220779221,,
305,0.26751533299039454,88.45598845598846,,
306,0.25662078838499763,88.88888888888889,,
307,0.24550485989941664,90.62049062049061,,
308,0.2570418867713961,89.46608946608947,,
309,0.24643006770297735,90.62049062049061,,
310,0.2388254644034745,91.1976911976912,,
311,0.23452920456985374,90.9090909090909,,
312,0.2808184843042712,89.8989898989899,,
313,0.23541073675279495,90.62049062049061,,
314,0.25333048030196503,91.05339105339105,,
315,0.2453329214694524,90.9090909090909,,
316,0.2654585024452141,90.33189033189034,,
317,0.2695786464652974,89.6103896103896,,
318,0.248974109925921,90.76479076479076,,
319,0.2563247104507332,88.74458874458874,,
320,0.24554890940371701,89.75468975468975,,
321,0.26256271125950337,89.8989898989899,,
322,0.22972419009709255,91.63059163059162,,
323,0.225920896939557,92.64069264069263,,
324,0.2384428774231096,92.64069264069263,,
325,0.26135069297419655,90.04329004329004,0.45469880529812406,79.22077922077922
326,0.2671116367735044,89.32178932178932,,
327,0.24054788420726728,91.1976911976912,,
328,0.23264969485404688,90.76479076479076,,
329,0.22141962362961334,90.9090909090909,,
330,0.24978973038096794,89.6103896103896,,
331,0.2377986990958237,91.1976911976912,,
332,0.2525037552134643,90.33189033189034,,
333,0.22823058173576474,90.76479076479076,,
334,0.20146674390823122,92.06349206349206,,
335,0.2452344178701892,90.04329004329004,,
336,0.2423790642967472,90.62049062049061,,
337,0.222909733029499,91.63059163059162,,
338,0.2353806287577056,90.9090909090909,,
339,0.23695336129586245,91.1976911976912,,
340,0.22634948568598703,92.20779220779221,,
341,0.2167218045625852,92.20779220779221,,
342,0.2269432716727429,91.34199134199135,,
343,0.2262817816472845,90.18759018759019,,
344,0.21853922817098115,92.06349206349206,,
345,0.23662121415482282,91.1976911976912,,
346,0.21307423949499668,92.64069264069263,,
347,0.24352396334404552,91.48629148629149,,
348,0.2505749980092565,92.20779220779221,,
349,0.23571251104834448,91.05339105339105,,
350,0.2409647238772755,89.8989898989899,0.4315613419204563,81.81818181818181
351,0.2512301070586083,91.1976911976912,,
352,0.24492263269286824,91.05339105339105,,
353,0.22918393180677385,91.91919191919192,,
354,0.22516712669987354,91.48629148629149,,
355,0.2553941693269845,91.05339105339105,,
356,0.2203632831186443,90.62049062049061,,
357,0.23369248224285258,89.8989898989899,,
358,0.2294982411558666,91.63059163059162,,
359,0.23773086004356972,90.04329004329004,,
360,0.21733466498177462,92.35209235209236,,
361,0.20657117067047356,92.92929292929293,,
362,0.21173706397005662,92.06349206349206,,
363,0.2166585744416387,90.04329004329004,,
364,0.23024378951321778,90.62049062049061,,
365,0.22155774736301206,90.76479076479076,,
366,0.20415929426448515,93.21789321789322,,
367,0.2151723639961617,91.34199134199135,,
368,0.22546048563452167,91.1976911976912,,
369,0.23797028938585202,91.1976911976912,,
370,0.19876032931163026,91.77489177489177,,
371,0.21668477580058798,91.77489177489177,,
372,0.22189872854887838,91.77489177489177,,
373,0.20035236166497158,91.63059163059162,,
374,0.21452492149748328,92.92929292929293,,
375,0.21301349399216246,91.91919191919192,0.44561745323144,80.51948051948052
376,0.20571372532225274,92.35209235209236,,
377,0.20259142610073777,92.20779220779221,,
378,0.18790817783250438,93.36219336219337,,
379,0.20119703590095817,92.35209235209236,,
380,0.2236544406431234,91.05339105339105,,
381,0.2154744089853884,91.48629148629149,,
382,0.19067945854918436,92.78499278499278,,
383,0.21607431909136615,91.63059163059162,,
384,0.21298228877275366,91.77489177489177,,
385,0.19955982472129372,91.91919191919192,,
386,0.18403306743197284,94.22799422799423,,
387,0.21074722737374932,92.06349206349206,,
388,0.1881794101662106,92.92929292929293,,
389,0.22307964720767298,92.06349206349206,,
390,0.20171534747401357,91.91919191919192,,
391,0.20552480964777617,92.4963924963925,,
392,0.19441916460297667,92.4963924963925,,
393,0.22130449443066447,92.92929292929293,,
394,0.20036898890959065,92.20779220779221,,
395,0.20592341620426674,91.63059163059162,,
396,0.2032305620621465,90.76479076479076,,
397,0.21089157457819577,91.91919191919192,,
398,0.24533228898719275,89.75468975468975,,
399,0.21110902664293285,92.20779220779221,,
400,0.18180779443481268,93.36219336219337,0.39302911580383004,81.81818181818181
401,0.2215423940064071,91.91919191919192,,
402,0.20279924513457656,92.20779220779221,,
403,0.22357434924546774,90.33189033189034,,
404,0.198309325337582,92.20779220779221,,
405,0.21998787726158703,92.35209235209236,,
406,0.17944611625108883,93.79509379509379,,
407,0.1990518688639521,92.64069264069263,,
408,0.19919445229127122,92.20779220779221,,
409,0.20612039282638445,92.78499278499278,,
410,0.20748269239717404,92.06349206349206,,
411,0.21800067674900805,90.9090909090909,,
412,0.18724783199394462,92.35209235209236,,
413,0.20839711808711076,91.63059163059162,,
414,0.19485976599683666,92.4963924963925,,
415,0.19639249638389544,91.77489177489177,,
416,0.19747002038991812,92.4963924963925,,
417,0.22054896420902675,91.05339105339105,,
418,0.1990661726240472,93.21789321789322,,
419,0.2153019052090239,92.78499278499278,,
420,0.20238792784458287,91.63059163059162,,
421,0.1789344884186424,93.79509379509379,,
422,0.17610177191304954,94.22799422799423,,
423,0.19889204009485795,92.64069264069263,,
424,0.2094348780864589,92.06349206349206,,
425,0.16758279456161662,93.65079365079364,0.446298549314598,83.11688311688312
426,0.20967315338433734,92.78499278499278,,
427,0.21542573598728207,91.77489177489177,,
428,0.19252835620533337,92.64069264069263,,
429,0.18119023354457958,92.64069264069263,,
430,0.19370342492197154,91.48629148629149,,
431,0.18551693845964956,93.65079365079364,,
432,0.17728095825272377,93.93939393939394,,
433,0.17442197225783637,93.65079365079364,,
434,0.18765660215163815,91.63059163059162,,
435,0.20811862953297502,93.07359307359307,,
436,0.17147263957652523,93.50649350649351,,
437,0.19649764855659713,93.21789321789322,,
438,0.1800827266591968,93.21789321789322,,
439,0.18923423921993113,91.91919191919192,,
440,0.21047966010212726,92.92929292929293,,
441,0.19050085134965516,93.65079365079364,,
442,0.1798197799086743,94.22799422799423,,
443,0.16919958581785102,94.37229437229438,,
444,0.1885829952694637,92.64069264069263,,
445,0.18786146697113867,93.50649350649351,,
446,0.2194408598916355,91.77489177489177,,
447,0.16886091309708434,94.66089466089466,,
448,0.17467397260029421,93.65079365079364,,
449,0.18472686342755265,92.35209235209236,,
450,0.17657284899836495,92.92929292929293,0.4358564032749696,81.81818181818181
451,0.18245310722319422,93.36219336219337,,
452,0.19104514605383163,93.07359307359307,,
453,0.19916393563774928,92.78499278499278,,
454,0.16647881779061768,94.08369408369408,,
455,0.19786666185308843,91.91919191919192,,
456,0.19512311187485423,93.07359307359307,,
457,0.18402005747111158,93.21789321789322,,
458,0.20126566243550134,91.34199134199135,,
459,0.1929379010097289,92.4963924963925,,
460,0.1532684706506275,93.65079365079364,,
461,0.17814528563665966,93.93939393939394,,
462,0.18036015290890592,93.50649350649351,,
463,0.16672897201251846,94.22799422799423,,
464,0.17400264420679637,93.79509379509379,,
465,0.18564668605520698,92.35209235209236,,
466,0.1649942894991686,94.8051948051948,,
467,0.17919429839947523,94.37229437229438,,
468,0.16168549398839216,93.65079365079364,,
469,0.20370527276229033,92.35209235209236,,
470,0.164986769922755,94.66089466089466,,
471,0.1834656289989642,92.92929292929293,,
472,0.16536812770246256,94.22799422799423,,
473,0.1824338140468749,93.21789321789322,,
474,0.18877300443759384,92.35209235209236,,
475,0.20053548814156355,92.4963924963925,0.4392079985761023,84.41558441558442
476,0.16573977713375038,94.37229437229438,,
477,0.1954501069125331,93.21789321789322,,
478,0.17130895141743308,93.36219336219337,,
479,0.20177682464428967,91.63059163059162,,
480,0.1629332113919664,93.36219336219337,,
481,0.1884323735365276,91.77489177489177,,
482,0.16833626504713323,94.08369408369408,,
483,0.17579890175320714,93.36219336219337,,
484,0.1879835854275058,93.07359307359307,,
485,0.17808622848591935,92.78499278499278,,
486,0.1607086117477472,94.22799422799423,,
487,0.1642391426222665,93.93939393939394,,
488,0.1622838874657949,94.94949494949495,,
489,0.15589315714086116,94.22799422799423,,
490,0.18621186016216165,92.64069264069263,,
491,0.1803319625997268,93.21789321789322,,
492,0.16551784267931274,93.50649350649351,,
493,0.1888693299246643,93.07359307359307,,
494,0.17368524402250976,93.50649350649351,,
495,0.15641842700788297,95.95959595959596,,
496,0.15868641425348806,94.8051948051948,,
497,0.19133669122903033,93.07359307359307,,
498,0.16554143320107872,94.51659451659452,,
499,0.18498747900106863,93.50649350649351,,
500,0.1835043097041214,93.65079365079364,0.4563016016761978,83.11688311688312
501,0.1569179780620001,94.22799422799423,,
502,0.1567906170524388,94.51659451659452,,
503,0.1730232879325941,92.78499278499278,,
504,0.16641541579025992,94.51659451659452,,
505,0.18363860877120564,94.08369408369408,,
506,0.16463476574266112,93.50649350649351,,
507,0.1690228268353626,93.21789321789322,,
508,0.17730067330607432,94.94949494949495,,
509,0.1786386895478632,91.91919191919192,,
510,0.20126250344308425,91.48629148629149,,
511,0.14919892946879068,94.94949494949495,,
512,0.17070403974637668,92.92929292929293,,
513,0.1469781209874635,94.66089466089466,,
514,0.16236945745920894,93.36219336219337,,
515,0.14874298077125053,94.8051948051948,,
516,0.15459973302442703,94.51659451659452,,
517,0.17041579711359817,93.36219336219337,,
518,0.16629279064065622,94.22799422799423,,
519,0.1533787532630249,94.51659451659452,,
520,0.15386251707979268,94.37229437229438,,
521,0.14069669007244393,95.0937950937951,,
522,0.18017527082609752,93.07359307359307,,
523,0.18830908774727523,92.64069264069263,,
524,0.1764977907205557,93.93939393939394,,
525,0.16142867008307452,93.93939393939394,0.45396660171545944,84.41558441558442
526,0.15406298139609645,93.93939393939394,,
527,0.15985360763117692,94.08369408369408,,
528,0.15307107086133476,93.93939393939394,,
529,0.15699390831576798,93.65079365079364,,
530,0.16211341693459824,93.36219336219337,,
531,0.16631146516075726,94.08369408369408,,
532,0.15381431534434808,94.66089466089466,,
533,0.14079518396875043,96.1038961038961,,
534,0.16881836111110354,92.4963924963925,,
535,0.1837941625553303,93.36219336219337,,
536,0.154105460918999,94.51659451659452,,
537,0.16432836329803666,93.07359307359307,,
538,0.16719482853084072,93.50649350649351,,
539,0.16576816023342192,93.93939393939394,,
540,0.1724103232482811,93.50649350649351,,
541,0.15666768414977653,94.8051948051948,,
542,0.16710264023936328,94.22799422799423,,
543,0.16217097497046595,94.51659451659452,,
544,0.16394405458310637,93.36219336219337,,
545,0.18320862470869334,94.08369408369408,,
546,0.1529962911578312,93.50649350649351,,
547,0.17248021657504733,93.36219336219337,,
548,0.18832424463647784,93.36219336219337,,
549,0.15577781879884683,93.07359307359307,,
550,0.1626668187707641,94.08369408369408,0.40477929912604294,84.41558441558442
551,0.15598649365429648,95.0937950937951,,
552,0.1508295659895067,94.94949494949495,,
553,0.12663446587992866,95.81529581529581,,
554,0.15738174225194285,94.8051948051948,,
555,0.16046126872774155,94.8051948051948,,
556,0.13759673514751472,95.52669552669553,,
557,0.1359054505808916,94.22799422799423,,
558,0.1473812380910436,94.66089466089466,,
559,0.15293720409725653,93.93939393939394,,
560,0.17263863148156977,93.93939393939394,,
561,0.15078215082283541,94.94949494949495,,
562,0.12613400339564204,96.24819624819625,,
563,0.1628401160541207,93.50649350649351,,
564,0.13690206512787298,94.8051948051948,,
565,0.15523415984529437,94.8051948051948,,
566,0.16923107565911474,94.37229437229438,,
567,0.1476624369793296,93.50649350649351,,
568,0.15367023466211377,94.22799422799423,,
569,0.16261483012855826,94.51659451659452,,
570,0.1651165932416916,93.65079365079364,,
571,0.16407631290337396,93.36219336219337,,
572,0.15599314993164068,94.22799422799423,,
573,0.15075988987995603,94.8051948051948,,
574,0.15832876502220422,93.36219336219337,,
575,0.1397277947090577,95.67099567099567,0.4375769418555421,84.41558441558442
576,0.16482468134848585,93.50649350649351,,
577,0.15076136743867552,94.8051948051948,,
578,0.17005517562746486,94.8051948051948,,
579,0.16509010987342865,94.94949494949495,,
580,0.12332138806194454,95.52669552669553,,
581,0.13746347102574455,95.52669552669553,,
582,0.1700545141653495,93.21789321789322,,
583,0.149059431329047,93.65079365079364,,
584,0.1367073181000623,94.94949494949495,,
585,0.12670378363321697,95.38239538239539,,
586,0.13692659895442438,95.38239538239539,,
587,0.1463193829355474,93.50649350649351,,
588,0.16408982832108396,93.21789321789322,,
589,0.15637514461772611,94.94949494949495,,
590,0.13569535173120953,95.81529581529581,,
591,0.13593056476520426,95.52669552669553,,
592,0.13839723151392191,95.0937950937951,,
593,0.1425108839509119,95.38239538239539,,
594,0.18333807884356676,93.65079365079364,,
595,0.1647801755955725,94.66089466089466,,
596,0.15211979630920622,94.8051948051948,,
597,0.15329515646933478,95.0937950937951,,
598,0.15042640179567696,94.37229437229438,,
599,0.12965958107472497,95.52669552669553,,
600,0.15356151058646336,95.38239538239539,0.4757988607728636,85.71428571428571
601,0.1261429429513874,96.1038961038961,,
602,0.13046336595726993,95.38239538239539,,
603,0.13318636274828025,96.1038961038961,,
604,0.12025717090046595,95.67099567099567,,
605,0.14643661228974833,93.93939393939394,,
606,0.13753245762330285,95.52669552669553,,
607,0.16004250144846682,94.8051948051948,,
608,0.14071808551125023,94.22799422799423,,
609,0.152146433855032,93.79509379509379,,
610,0.17356243026731763,93.93939393939394,,
611,0.14056158302859825,94.66089466089466,,
612,0.157460748310729,93.50649350649351,,
613,0.15389578867418768,94.66089466089466,,
614,0.1360822944844096,94.94949494949495,,
615,0.13291042814942408,94.66089466089466,,
616,0.14436419177020954,94.94949494949495,,
617,0.1301203453604234,94.37229437229438,,
618,0.1522966128562995,94.51659451659452,,
619,0.12280629739745871,95.38239538239539,,
620,0.16600807615344831,94.08369408369408,,
621,0.1325370179110275,95.67099567099567,,
622,0.13684659406091226,94.08369408369408,,
623,0.13020241163767776,94.94949494949495,,
624,0.15486724797265355,94.37229437229438,,
625,0.129145148082557,95.67099567099567,0.44829778315184954,84.41558441558442
626,0.16527298439030697,93.50649350649351,,
627,0.13555450438593028,94.37229437229438,,
628,0.14862009861424544,94.8051948051948,,
629,0.14903123506907948,94.22799422799423,,
630,0.13702596403647638,94.66089466089466,,
631,0.13500032297632567,95.23809523809524,,
632,0.14632784905285717,96.1038961038961,,
633,0.14142553170425293,95.38239538239539,,
634,0.13635566807519994,95.23809523809524,,
635,0.12621416172085256,96.53679653679653,,
636,0.14979433046833948,94.66089466089466,,
637,0.1345447197040438,94.66089466089466,,
638,0.10092104974096644,96.96969696969697,,
639,0.12932521657424229,96.1038961038961,,
640,0.12894040097792944,94.8051948051948,,
641,0.12259378521683024,95.81529581529581,,
642,0.1373877471573597,94.66089466089466,,
643,0.13840703680186733,95.67099567099567,,
644,0.12801484692664372,95.23809523809524,,
645,0.1320833298895094,94.8051948051948,,
646,0.11384646930230559,96.68109668109668,,
647,0.09929993304640355,96.96969696969697,,
648,0.13397791808065226,94.51659451659452,,
649,0.12345910262622875,95.0937950937951,,
650,0.14759708293760665,93.50649350649351,0.5272266175839808,85.71428571428571
651,0.1328756179106872,95.0937950937951,,
652,0.1233116617966524,95.81529581529581,,
653,0.11856378008534899,95.38239538239539,,
654,0.11296738337988806,95.52669552669553,,
655,0.14780534307161966,94.8051948051948,,
656,0.10943219431206949,95.81529581529581,,
657,0.13266332858224625,94.66089466089466,,
658,0.11945188314012893,95.23809523809524,,
659,0.13610035552499442,94.51659451659452,,
660,0.12938421952281506,95.67099567099567,,
661,0.12079727186984013,94.94949494949495,,
662,0.1282321030830408,95.67099567099567,,
663,0.12584493172719194,95.52669552669553,,
664,0.14679854379329846,94.8051948051948,,
665,0.1309260055100247,95.38239538239539,,
666,0.12245912909572258,95.95959595959596,,
667,0.13206385486741776,96.1038961038961,,
668,0.15492874593574762,93.93939393939394,,
669,0.13235133200410812,96.3924963924964,,
670,0.1409772185804954,93.79509379509379,,
671,0.13704734807363664,95.52669552669553,,
672,0.11697141845504959,95.52669552669553,,
673,0.12685805903196679,96.24819624819625,,
674,0.1270146652045532,94.8051948051948,,
675,0.1180765408415127,96.1038961038961,0.49836762346230545,84.41558441558442
676,0.13929433435266153,94.51659451659452,,
677,0.10489054361807147,96.96969696969697,,
678,0.12350809905264112,96.1038961038961,,
679,0.1215202117830644,94.22799422799423,,
680,0.12926532934496412,95.52669552669553,,
681,0.10311602940312539,96.82539682539682,,
682,0.12629839537119625,95.23809523809524,,
683,0.13867295510841138,95.0937950937951,,
684,0.11114495002475136,95.52669552669553,,
685,0.09627055064177015,97.11399711399712,,
686,0.14220766707835517,94.08369408369408,,
687,0.1455956424813594,94.8051948051948,,
688,0.1229405533018405,94.66089466089466,,
689,0.11971660837810622,96.3924963924964,,
690,0.12241002092404026,95.81529581529581,,
691,0.1389346753944566,94.94949494949495,,
692,0.12408134821012165,96.53679653679653,,
693,0.10917214913801714,95.52669552669553,,
694,0.12362077409162321,96.1038961038961,,
695,0.13773951857938052,95.0937950937951,,
696,0.1156476324082797,95.38239538239539,,
697,0.11735385821387709,95.67099567099567,,
698,0.09215303784583039,97.11399711399712,,
699,0.13937999469377263,94.37229437229438,,
700,0.13442679727920379,95.0937950937951,0.5420427717171706,85.71428571428571
701,0.1144179870383908,95.95959595959596,,
702,0.12445408504719686,94.51659451659452,,
703,0.10001270946257709,96.1038961038961,,
704,0.11373421179687047,95.95959595959596,,
705,0.12384195258628583,95.52669552669553,,
706,0.12600303371403296,94.66089466089466,,
707,0.10889999396980755,95.67099567099567,,
708,0.12212661086631371,95.23809523809524,,
709,0.12887534185233399,96.1038961038961,,
710,0.10780663883466741,96.24819624819625,,
711,0.11791430736258948,95.81529581529581,,
712,0.1271577576151142,95.38239538239539,,
713,0.11518879900693163,96.24819624819625,,
714,0.11474530030079562,95.95959595959596,,
715,0.11148908265031778,95.38239538239539,,
716,0.12577195810678202,94.8051948051948,,
717,0.14284353254532273,95.0937950937951,,
718,0.12138044721249377,95.23809523809524,,
719,0.13555986245537732,95.23809523809524,,
720,0.14412132070049063,94.22799422799423,,
721,0.12881048212921808,95.23809523809524,,
722,0.11380831456459618,95.95959595959596,,
723,0.11780906622371977,95.67099567099567,,
724,0.12832630035423098,94.94949494949495,,
725,0.1172092617482678,95.52669552669553,0.4886040323740476,85.71428571428571
726,0.1330018343368994,95.67099567099567,,
727,0.12316703828640314,94.66089466089466,,
728,0.11930858418022916,96.24819624819625,,
729,0.11974202047006736,96.1038961038961,,
730,0.1107124507341206,95.95959595959596,,
731,0.12323750858699088,95.52669552669553,,
732,0.13007241393967625,95.95959595959596,,
733,0.13269268009612742,95.0937950937951,,
734,0.11906462014904098,95.67099567099567,,
735,0.11360966383034704,95.67099567099567,,
736,0.13436815492045484,94.8051948051948,,
737,0.13819818079342575,94.94949494949495,,
738,0.13022607815429074,96.24819624819625,,
739,0.11495269500632994,96.3924963924964,,
740,0.09180988044804567,96.82539682539682,,
741,0.11990040728572385,95.23809523809524,,
742,0.10771177325284842,96.1038961038961,,
743,0.12863783450450475,95.0937950937951,,
744,0.10775460223270873,96.53679653679653,,
745,0.12389319416936515,96.53679653679653,,
746,0.11216023027853876,96.24819624819625,,
747,0.11593318801819417,95.95959595959596,,
748,0.10535434159365567,96.1038961038961,,
749,0.12555979456736413,95.95959595959596,,
750,0.12699042493410267,96.53679653679653,0.5453590324946812,85.71428571428571
751,0.10774594371194963,96.24819624819625,,
752,0.09922909425117322,95.81529581529581,,
753,0.11894749163033126,95.23809523809524,,
754,0.09933013262826557,95.81529581529581,,
755,0.1160440794145218,96.1038961038961,,
756,0.11697600401325144,96.24819624819625,,
757,0.13058568431873513,95.67099567099567,,
758,0.10301528345325808,96.3924963924964,,
759,0.09981218526545713,97.40259740259741,,
760,0.13909786739648677,94.51659451659452,,
761,0.10130559567571719,95.52669552669553,,
762,0.10700683432804557,96.53679653679653,,
763,0.13368605515646814,95.95959595959596,,
764,0.10748971260084218,95.95959595959596,,
765,0.11908558824920723,95.38239538239539,,
766,0.10807428499858444,95.67099567099567,,
767,0.10047114785682695,97.11399711399712,,
768,0.11421355575022071,94.94949494949495,,
769,0.11315543117730047,95.81529581529581,,
770,0.12533500687384502,95.38239538239539,,
771,0.10295873921240907,96.53679653679653,,
772,0.10435718804608606,96.68109668109668,,
773,0.1034939672144783,95.95959595959596,,
774,0.10594172733009377,96.53679653679653,,
775,0.15104450100782887,94.94949494949495,0.5091117759803673,87.01298701298701
776,0.1132047502982496,95.95959595959596,,
777,0.12461702847076529,95.0937950937951,,
778,0.09688176311455764,97.25829725829726,,
779,0.11029526688061751,96.1038961038961,,
780,0.13048005301886995,95.67099567099567,,
781,0.1020079767237408,96.68109668109668,,
782,0.11149379706969767,96.24819624819625,,
783,0.1142414722855043,95.38239538239539,,
784,0.13467125960156687,95.0937950937951,,
785,0.10804598066756908,95.81529581529581,,
786,0.12181042272377152,95.38239538239539,,
787,0.1127440125868262,95.52669552669553,,
788,0.10077961801966548,96.53679653679653,,
789,0.11198756001986467,96.53679653679653,,
790,0.1084726843767911,95.52669552669553,,
791,0.10631581693672687,96.3924963924964,,
792,0.10870875940694437,95.67099567099567,,
793,0.1069487619064587,96.53679653679653,,
794,0.1346536289556503,95.38239538239539,,
795,0.1289127989743351,95.67099567099567,,
796,0.10872067287859935,96.3924963924964,,
797,0.14590183002565157,95.0937950937951,,
798,0.11342041549228486,96.53679653679653,,
799,0.10797749193113776,96.96969696969697,,
800,0.1056664813616317,96.82539682539682,0.478814464884919,84.41558441558442
801,0.08814055090944832,97.25829725829726,,
802,0.1246060249200803,95.95959595959596,,
803,0.0986369080656083,95.95959595959596,,
804,0.14010594727156997,94.08369408369408,,
805,0.1311511095790636,95.52669552669553,,
806,0.0998402756744993,96.96969696969697,,
807,0.1056042930902846,95.95959595959596,,
808,0.11248677573334775,95.0937950937951,,
809,0.1072945882274647,96.3924963924964,,
810,0.11354133179263463,96.3924963924964,,
811,0.12107166369455029,95.67099567099567,,
812,0.09925317033200726,97.40259740259741,,
813,0.14077369527136008,95.95959595959596,,
814,0.11648453733363709,96.24819624819625,,
815,0.11590287480691466,95.52669552669553,,
816,0.12688983074815413,95.67099567099567,,
817,0.0863623803355133,97.40259740259741,,
818,0.11731900528481856,95.67099567099567,,
819,0.11705169872438581,95.95959595959596,,
820,0.13275796582473476,94.94949494949495,,
821,0.11160036674223593,96.1038961038961,,
822,0.09282510470690321,96.3924963924964,,
823,0.10641148557394614,95.52669552669553,,
824,0.08867541939278185,97.25829725829726,,
825,0.09383875451992772,96.68109668109668,0.547825284592517,84.41558441558442
826,0.11072318244612578,96.24819624819625,,
827,0.12273639088501942,95.52669552669553,,
828,0.09879794393358335,96.82539682539682,,
829,0.1064120912749702,95.67099567099567,,
830,0.1157171046751058,96.24819624819625,,
831,0.11330479492055734,95.95959595959596,,
832,0.08578946465870949,96.82539682539682,,
833,0.09612021183737515,96.3924963924964,,
834,0.0747001182723355,97.40259740259741,,
835,0.0830521523511685,97.97979797979798,,
836,0.129620735392426,95.38239538239539,,
837,0.0916441125314129,96.53679653679653,,
838,0.11268666646514534,96.3924963924964,,
839,0.1135935296800423,96.3924963924964,,
840,0.1365900859720521,95.0937950937951,,
841,0.11463341486746442,96.3924963924964,,
842,0.1061104718638748,96.68109668109668,,
843,0.10181351541440724,96.3924963924964,,
844,0.1001422798306739,96.68109668109668,,
845,0.09681440111448582,96.53679653679653,,
846,0.0922804433761049,96.82539682539682,,
847,0.08629429419921418,96.96969696969697,,
848,0.09617118970699297,96.53679653679653,,
849,0.10558261309480255,95.95959595959596,,
850,0.11031043981060837,94.8051948051948,0.5183811613491603,84.41558441558442
851,0.08459970787232056,97.54689754689754,,
852,0.09560738137854642,96.24819624819625,,
853,0.09613773361127959,96.53679653679653,,
854,0.11975831115916694,95.52669552669553,,
855,0.08934253077916425,97.25829725829726,,
856,0.08354098275424791,97.69119769119769,,
857,0.09152315092282463,96.1038961038961,,
858,0.08640578547210405,96.96969696969697,,
859,0.11331633973764564,95.23809523809524,,
860,0.10393508118382436,95.95959595959596,,
861,0.09774916527677235,96.1038961038961,,
862,0.11118978765103724,96.53679653679653,,
863,0.10355593294206292,95.81529581529581,,
864,0.11124542348011575,96.82539682539682,,
865,0.09548934634565275,96.24819624819625,,
866,0.08637605518274664,96.82539682539682,,
867,0.10388418047287075,95.67099567099567,,
868,0.0920133680551384,96.96969696969697,,
869,0.09808592031818034,96.53679653679653,,
870,0.094042371867109,96.3924963924964,,
871,0.12370477928571715,96.3924963924964,,
872,0.08804886808557084,96.82539682539682,,
873,0.09771121634119345,95.23809523809524,,
874,0.1009281690831835,95.81529581529581,,
875,0.09675949455264413,96.1038961038961,0.5544873762440372,84.41558441558442
876,0.09056536784136203,96.96969696969697,,
877,0.10871696549576598,96.24819624819625,,
878,0.08767413837139053,96.96969696969697,,
879,0.10427660811396819,96.1038961038961,,
880,0.09127457209286235,96.53679653679653,,
881,0.08747950935461471,96.3924963924964,,
882,0.09832850788836871,96.96969696969697,,
883,0.08185474989562151,97.54689754689754,,
884,0.10364453363384175,96.3924963924964,,
885,0.10261214343618608,95.67099567099567,,
886,0.10528270661572874,96.1038961038961,,
887,0.08072149900055636,97.54689754689754,,
888,0.0863030372889011,96.82539682539682,,
889,0.10910304008968293,95.95959595959596,,
890,0.0991103763102109,95.95959595959596,,
891,0.0999480720561046,96.53679653679653,,
892,0.09616572669039321,97.11399711399712,,
893,0.07928917693541336,96.82539682539682,,
894,0.08150673287814486,97.40259740259741,,
895,0.09710802170105311,96.68109668109668,,
896,0.10820146509772771,96.3924963924964,,
897,0.0745402661408869,97.40259740259741,,
898,0.11283139050178885,95.95959595959596,,
899,0.08158802645332025,96.96969696969697,,
900,0.10376693156761524,95.95959595959596,0.6086962106940034,84.41558441558442
901,0.09926917509298132,96.1038961038961,,
902,0.08754286662410692,97.40259740259741,,
903,0.10104002410070205,96.1038961038961,,
904,0.08319353713273658,96.96969696969697,,
905,0.07927394112031826,97.54689754689754,,
906,0.1254809062073241,95.67099567099567,,
907,0.10448221035548963,96.1038961038961,,
908,0.10138820542874619,95.81529581529581,,
909,0.09588758293593042,96.24819624819625,,
910,0.09368524457291737,96.68109668109668,,
911,0.09774732227137509,96.3924963924964,,
912,0.08341763953679654,97.11399711399712,,
913,0.08316521776213834,96.24819624819625,,
914,0.0837115758833775,96.82539682539682,,
915,0.10389948824439386,96.82539682539682,,
916,0.1064323659497078,96.24819624819625,,
917,0.08040547295417072,97.40259740259741,,
918,0.11010990563839201,95.67099567099567,,
919,0.07966908384625186,97.54689754689754,,
920,0.07842386165609608,96.82539682539682,,
921,0.129767388540816,96.68109668109668,,
922,0.10024809626349036,96.1038961038961,,
923,0.09351901988220679,96.96969696969697,,
924,0.09537993951513826,96.96969696969697,,
925,0.09672688543366491,96.82539682539682,0.5726828497725648,84.41558441558442
926,0.07792476883956365,97.40259740259741,,
927,0.08520424368147554,96.24819624819625,,
928,0.11434060635252132,95.52669552669553,,
929,0.07460546054881373,97.25829725829726,,
930,0.08336267007775551,96.96969696969697,,
931,0.09827783836581318,96.3924963924964,,
932,0.09859012037214607,96.3924963924964,,
933,0.09785673424365028,97.11399711399712,,
934,0.08535732167623776,97.40259740259741,,
935,0.07993125252715953,97.11399711399712,,
936,0.09196429410452106,95.95959595959596,,
937,0.09106367675945012,96.96969696969697,,
938,0.0916356768883754,96.82539682539682,,
939,0.08636893778179287,96.24819624819625,,
940,0.09087936760801257,96.24819624819625,,
941,0.11756056478357246,95.67099567099567,,
942,0.08738437674477331,96.1038961038961,,
943,0.08080619765502034,97.54689754689754,,
944,0.08101041581680592,96.96969696969697,,
945,0.10136815991580572,95.52669552669553,,
946,0.09062465297160362,97.11399711399712,,
947,0.08105532226420153,96.68109668109668,,
948,0.06922720131850002,98.12409812409813,,
949,0.06899796618205128,97.83549783549783,,
950,0.08603429443822451,96.3924963924964,0.6391715910527613,84.41558441558442
951,0.09542587046843415,95.67099567099567,,
952,0.1019749136004613,96.96969696969697,,
953,0.08732128843482352,96.96969696969697,,
954,0.09512088972736489,96.53679653679653,,
955,0.09923543900380404,96.96969696969697,,
956,0.0895325903731034,96.53679653679653,,
957,0.10079170769943303,96.53679653679653,,
958,0.10978845477206324,95.95959595959596,,
959,0.09000642311693442,97.11399711399712,,
960,0.09113703895505372,96.82539682539682,,
961,0.11781298726915367,96.24819624819625,,
962,0.09987812192538084,96.24819624819625,,
963,0.08291175212001517,96.96969696969697,,
964,0.08761364743006006,97.11399711399712,,
965,0.08156874234026129,97.40259740259741,,
966,0.09541574290390482,96.68109668109668,,
967,0.08920415851635614,96.82539682539682,,
968,0.09527991397217625,96.24819624819625,,
969,0.08322742874875214,97.54689754689754,,
970,0.06883486449008897,97.40259740259741,,
971,0.08347706668734722,96.82539682539682,,
972,0.10314051290869197,95.95959595959596,,
973,0.09550712782819722,97.25829725829726,,
974,0.10944824467962783,95.95959595959596,,
975,0.097656463911222,96.53679653679653,0.5732944081356,84.41558441558442
976,0.13437009637188946,95.23809523809524,,
977,0.09479225109214391,97.25829725829726,,
978,0.0794032354117472,97.11399711399712,,
979,0.09193136766660437,96.3924963924964,,
980,0.08193742278506401,97.11399711399712,,
981,0.08712152960141759,96.53679653679653,,
982,0.10281769804049062,96.3924963924964,,
983,0.07289902137492986,97.97979797979798,,
984,0.0852185445817518,97.25829725829726,,
985,0.08144998340766667,97.69119769119769,,
986,0.09306642628297704,96.24819624819625,,
987,0.08980784761419716,97.11399711399712,,
988,0.09835224942684517,96.24819624819625,,
989,0.1040035355916787,96.24819624819625,,
990,0.10085236272219607,95.81529581529581,,
991,0.07500306177147884,97.25829725829726,,
992,0.09724246833908867,96.24819624819625,,
993,0.10750886595244875,96.3924963924964,,
994,0.08174702145319168,96.53679653679653,,
995,0.09427173929705593,96.82539682539682,,
996,0.10319494988640278,96.68109668109668,,
997,0.0905991324732916,96.68109668109668,,
998,0.0927461984998736,96.68109668109668,,
999,0.08714431381285792,96.82539682539682,,
1000,0.07277806011306776,97.54689754689754,0.6455600780326051,85.71428571428571
