epoch,train_loss,train_acc,test_loss,test_acc
1,0.6902449659110835,55.84415584415584,0.685589491546928,55.84415584415584
2,0.6857211152024427,55.98845598845599,,
3,0.6856036961164653,55.98845598845599,,
4,0.6842897476743998,55.98845598845599,,
5,0.6818622158891366,55.98845598845599,,
6,0.6787771415744853,55.98845598845599,,
7,0.6794024938972826,55.98845598845599,,
8,0.6721736803371325,56.132756132756136,,
9,0.6695022878020701,56.132756132756136,,
10,0.6634721387000311,55.84415584415584,,
11,0.658110329083034,57.287157287157285,,
12,0.6521225930292369,59.74025974025974,,
13,0.6499195023188515,59.01875901875902,,
14,0.6394294310269761,62.04906204906205,,
15,0.6330234091863316,61.32756132756133,,
16,0.6247187356584172,67.38816738816739,,
17,0.6200242668691308,64.93506493506493,,
18,0.6197336990423877,65.51226551226551,,
19,0.6063182570287503,67.53246753246754,,
20,0.594984145821603,68.1096681096681,,
21,0.5951593280440629,66.66666666666667,,
22,0.5883489327685314,68.1096681096681,,
23,0.5870558910211615,68.25396825396825,,
24,0.5731266101373395,70.12987012987013,,
25,0.5745413723962132,69.84126984126983,0.572563253052823,68.83116883116882
26,0.5647295943070284,70.99567099567099,,
27,0.5521758165194358,71.71717171717172,,
28,0.5582706708928723,71.42857142857143,,
29,0.5508170758748984,72.72727272727273,,
30,0.551493232728427,71.28427128427128,,
31,0.5361532159525939,73.3044733044733,,
32,0.531223398825479,74.31457431457432,,
33,0.5424261981618697,70.85137085137085,,
34,0.5219537692324596,75.61327561327562,,
35,0.512998237840369,75.75757575757575,,
36,0.5200674331721461,74.45887445887446,,
37,0.5076622956070893,75.9018759018759,,
38,0.5002043511272337,75.46897546897547,,
39,0.5071476491068693,74.74747474747475,,
40,0.4973750774134461,75.61327561327562,,
41,0.5163768965100485,75.03607503607503,,
42,0.5084362267845809,75.03607503607503,,
43,0.5111270494447298,74.60317460317461,,
44,0.5037860353443702,75.03607503607503,,
45,0.5040740053375046,75.32467532467533,,
46,0.4965783774766743,76.62337662337663,,
47,0.5016440460176179,76.47907647907648,,
48,0.48122535097650637,76.91197691197691,,
49,0.4828031819534164,78.06637806637806,,
50,0.4921531609298519,76.04617604617604,0.5060972911970956,71.42857142857143
51,0.5011321744017443,75.32467532467533,,
52,0.49267986012571646,76.62337662337663,,
53,0.4946051018062608,76.47907647907648,,
54,0.4689281680023171,77.77777777777777,,
55,0.490116183676933,76.62337662337663,,
56,0.46643001460409783,78.35497835497836,,
57,0.4688570690361452,77.63347763347764,,
58,0.4655605779065714,78.35497835497836,,
59,0.49335667882302797,75.9018759018759,,
60,0.4764171963474279,77.92207792207792,,
61,0.4704665890847794,79.94227994227994,,
62,0.46804469927048786,78.4992784992785,,
63,0.4660649484972245,76.76767676767676,,
64,0.45614946783019006,77.77777777777777,,
65,0.46540201501584844,77.05627705627705,,
66,0.4545560608608554,78.4992784992785,,
67,0.455770954167172,79.50937950937951,,
68,0.4852257198929615,76.33477633477634,,
69,0.44661042993030853,78.93217893217893,,
70,0.4593581014553362,79.65367965367966,,
71,0.4513639525589661,79.79797979797979,,
72,0.4505865644410919,78.21067821067821,,
73,0.4585442463900964,78.78787878787878,,
74,0.4542959364289673,79.50937950937951,,
75,0.4366719705545885,78.78787878787878,0.46846310697592697,83.11688311688312
76,0.43255070905492765,79.65367965367966,,
77,0.43883516993185484,80.08658008658008,,
78,0.4396222040250704,77.77777777777777,,
79,0.4538608875453558,76.47907647907648,,
80,0.451717825248988,79.07647907647907,,
81,0.4422391379120374,77.92207792207792,,
82,0.439702467828946,79.79797979797979,,
83,0.44415613109028185,77.92207792207792,,
84,0.43068995233222,79.94227994227994,,
85,0.42968583648855035,79.36507936507937,,
86,0.4203891630726631,80.37518037518038,,
87,0.41979009121613414,81.67388167388168,,
88,0.4288482709880515,79.94227994227994,,
89,0.4295531471527328,79.94227994227994,,
90,0.41246157110511483,81.0966810966811,,
91,0.4187344548764167,80.95238095238095,,
92,0.43536651882774385,81.24098124098124,,
93,0.4127583605429483,81.52958152958153,,
94,0.4384103162808164,80.8080808080808,,
95,0.4419980172987108,78.93217893217893,,
96,0.4095281261472303,81.67388167388168,,
97,0.42716301711004706,80.51948051948052,,
98,0.4203501184824397,80.37518037518038,,
99,0.42263817537742604,79.22077922077922,,
100,0.4162951963288443,80.8080808080808,0.4518127747170337,83.11688311688312
101,0.4090862691316426,80.95238095238095,,
102,0.42914338244332206,79.50937950937951,,
103,0.42575181803490003,77.77777777777777,,
104,0.4465605460892164,79.50937950937951,,
105,0.415063692635788,82.3953823953824,,
106,0.41416636930743683,80.66378066378067,,
107,0.41359881314880403,82.53968253968254,,
108,0.39896753352957887,82.1067821067821,,
109,0.40039218805225035,81.0966810966811,,
110,0.4197710413609404,80.23088023088023,,
111,0.4108286749834966,80.8080808080808,,
112,0.3955914451489373,82.3953823953824,,
113,0.4076820964163,80.37518037518038,,
114,0.4243181904974094,80.08658008658008,,
115,0.40855631640807205,81.81818181818181,,
116,0.4025726930317597,83.40548340548341,,
117,0.4020368028082717,83.54978354978356,,
118,0.4152848492625128,79.79797979797979,,
119,0.41311106642689366,79.07647907647907,,
120,0.39008343469184886,82.82828282828282,,
121,0.4084583960398279,80.8080808080808,,
122,0.4102301004129055,82.82828282828282,,
123,0.4098713667189748,82.53968253968254,,
124,0.3890518680279389,81.81818181818181,,
125,0.38578291931881703,82.68398268398268,0.4554391031141405,83.11688311688312
126,0.3919283547270694,83.54978354978356,,
127,0.37915114415500417,83.54978354978356,,
128,0.3666539817489415,84.55988455988457,,
129,0.39954954755598676,82.53968253968254,,
130,0.40361694583043045,81.52958152958153,,
131,0.38649772612907496,83.54978354978356,,
132,0.39281910399853925,81.96248196248196,,
133,0.3951581141133329,81.96248196248196,,
134,0.3909626840835526,82.97258297258297,,
135,0.3720596402582496,83.40548340548341,,
136,0.4018316251718981,80.95238095238095,,
137,0.3799141746922833,82.3953823953824,,
138,0.39075824001220744,81.38528138528139,,
139,0.3883700604304607,83.26118326118326,,
140,0.4039124711853429,81.52958152958153,,
141,0.3936901443448418,83.40548340548341,,
142,0.38050053499821807,82.3953823953824,,
143,0.3669487951379834,83.98268398268398,,
144,0.3906832326628257,83.40548340548341,,
145,0.40665676994155153,82.1067821067821,,
146,0.3777645504233813,84.99278499278499,,
147,0.3865323667058353,82.3953823953824,,
148,0.3903306598787184,84.41558441558442,,
149,0.38643115397655603,83.11688311688312,,
150,0.38143247460562085,84.41558441558442,0.4857868827008582,80.51948051948052
151,0.3820596500736638,82.53968253968254,,
152,0.38696009767864004,83.26118326118326,,
153,0.3852502080097171,83.40548340548341,,
154,0.37301328412726154,83.11688311688312,,
155,0.37860495393926447,83.26118326118326,,
156,0.37082712079195407,83.26118326118326,,
157,0.3618812643604361,82.82828282828282,,
158,0.37994596521231694,81.96248196248196,,
159,0.3773695965005894,83.69408369408369,,
160,0.36862809472269825,83.11688311688312,,
161,0.38106372582620013,82.97258297258297,,
162,0.34961545854419857,85.13708513708514,,
163,0.3583857141875946,84.12698412698413,,
164,0.3689679776091252,84.41558441558442,,
165,0.3639930198116908,83.69408369408369,,
166,0.3482182404781661,84.84848484848484,,
167,0.36065524928325526,85.13708513708514,,
168,0.357421935808779,85.13708513708514,,
169,0.3669030303820903,83.54978354978356,,
170,0.3668172150033205,82.68398268398268,,
171,0.3367014370783411,85.56998556998558,,
172,0.36478322507843136,83.98268398268398,,
173,0.34736016323900154,87.15728715728716,,
174,0.36017022351767936,85.28138528138528,,
175,0.3529171075827804,85.85858585858585,0.4635378397130347,81.81818181818181
176,0.3649996765506216,83.83838383838383,,
177,0.35342940799945705,83.83838383838383,,
178,0.3591663230205167,83.98268398268398,,
179,0.3656317162049281,84.41558441558442,,
180,0.3526887474810062,85.71428571428571,,
181,0.34968815986900276,85.13708513708514,,
182,0.34670221991568245,85.42568542568543,,
183,0.3694777636644988,81.96248196248196,,
184,0.3735124309255619,83.69408369408369,,
185,0.3752300270536073,83.69408369408369,,
186,0.3568919725060291,84.84848484848484,,
187,0.353857161076726,83.83838383838383,,
188,0.3494256223951067,84.99278499278499,,
189,0.3542292242786413,85.13708513708514,,
190,0.34464709875731586,83.69408369408369,,
191,0.35878518215161553,84.12698412698413,,
192,0.35316429144204264,85.13708513708514,,
193,0.3429616174699596,83.54978354978356,,
194,0.33846681172627563,84.7041847041847,,
195,0.3440755879208123,85.28138528138528,,
196,0.33950382402276924,85.13708513708514,,
197,0.34176541157443113,84.27128427128427,,
198,0.34749764681378487,84.84848484848484,,
199,0.3524456335094584,83.83838383838383,,
200,0.3519712975530913,85.56998556998558,0.48755270900664394,77.92207792207792
201,0.36174243593972827,83.26118326118326,,
202,0.3308277038526741,85.28138528138528,,
203,0.3598281673194698,84.84848484848484,,
204,0.3532987003030543,84.12698412698413,,
205,0.35757977378918837,85.28138528138528,,
206,0.36670643568555,84.41558441558442,,
207,0.36361874035770586,83.40548340548341,,
208,0.3491618755618903,85.28138528138528,,
209,0.3507593920908621,85.13708513708514,,
210,0.3565520073944356,83.11688311688312,,
211,0.3475768607416194,85.28138528138528,,
212,0.3589878775297649,83.69408369408369,,
213,0.3520043161610332,84.7041847041847,,
214,0.35722985644361155,84.41558441558442,,
215,0.35682798292041684,82.68398268398268,,
216,0.3621986379785111,85.42568542568543,,
217,0.3353156434509145,85.42568542568543,,
218,0.32920407216786307,85.28138528138528,,
219,0.36189289001847413,85.28138528138528,,
220,0.3417274250096573,85.56998556998558,,
221,0.3373118257109737,85.56998556998558,,
222,0.32944697623301034,85.85858585858585,,
223,0.33295212369976623,84.99278499278499,,
224,0.323512227160246,85.13708513708514,,
225,0.34644322826232743,86.72438672438672,0.4904627323924721,79.22077922077922
226,0.3266956295285906,86.2914862914863,,
227,0.34529648405132873,84.99278499278499,,
228,0.3361474208071462,85.28138528138528,,
229,0.33719814769805423,84.7041847041847,,
230,0.35008584128485787,83.83838383838383,,
231,0.3373897723305277,84.7041847041847,,
232,0.3469592235219083,85.42568542568543,,
233,0.3486443503422483,84.41558441558442,,
234,0.3634037349647258,83.83838383838383,,
235,0.35275741893405693,85.28138528138528,,
236,0.33711301119296583,85.71428571428571,,
237,0.3475409864863276,84.55988455988457,,
238,0.34512646382333223,84.55988455988457,,
239,0.3378556544044489,84.55988455988457,,
240,0.32796894794418696,86.14718614718615,,
241,0.33730005003071106,84.55988455988457,,
242,0.3160619098816771,85.85858585858585,,
243,0.32096513619842637,86.2914862914863,,
244,0.32519293549600964,87.15728715728716,,
245,0.34585768693969365,86.72438672438672,,
246,0.3243328177223646,87.15728715728716,,
247,0.3159996512551586,86.2914862914863,,
248,0.30782953861557905,87.15728715728716,,
249,0.3324675913496967,84.7041847041847,,
250,0.33461159007545843,84.99278499278499,0.5496990998069962,76.62337662337663
251,0.3312318916358645,86.14718614718615,,
252,0.3225169834206459,84.7041847041847,,
253,0.3446742771099312,83.98268398268398,,
254,0.3284671698813831,86.72438672438672,,
255,0.3102241542141933,86.58008658008659,,
256,0.3204618634449111,84.84848484848484,,
257,0.32829045157067877,85.85858585858585,,
258,0.3172184400486224,86.86868686868686,,
259,0.334531807710254,84.55988455988457,,
260,0.31892430120044285,86.43578643578644,,
261,0.32592931299498584,86.72438672438672,,
262,0.3203291819144637,86.43578643578644,,
263,0.300933009317255,86.43578643578644,,
264,0.3213003824799608,85.56998556998558,,
265,0.3273353642134955,86.58008658008659,,
266,0.33078580152936826,84.55988455988457,,
267,0.3214649645367054,85.42568542568543,,
268,0.3321468453386645,85.85858585858585,,
269,0.33230929840006695,85.71428571428571,,
270,0.30239718550383443,87.5901875901876,,
271,0.31595330875673333,87.44588744588745,,
272,0.31364622275636656,86.86868686868686,,
273,0.32950504294033517,85.28138528138528,,
274,0.3394734345465189,85.13708513708514,,
275,0.313288147831376,86.2914862914863,0.5356671326346212,77.92207792207792
276,0.33113152128449425,86.002886002886,,
277,0.3264215642755682,84.99278499278499,,
278,0.3127888932630613,86.86868686868686,,
279,0.3332338437631533,85.85858585858585,,
280,0.3216562088777837,85.28138528138528,,
281,0.3213204302829065,85.28138528138528,,
282,0.3012840079108702,87.44588744588745,,
283,0.30412523450617496,86.43578643578644,,
284,0.30194457792401486,87.44588744588745,,
285,0.323882406107103,86.14718614718615,,
286,0.31359485544339577,86.002886002886,,
287,0.3068240401247707,86.14718614718615,,
288,0.319318605363799,86.2914862914863,,
289,0.35813013192207094,84.84848484848484,,
290,0.3061714469096361,87.73448773448773,,
291,0.3165554947086743,86.2914862914863,,
292,0.316157578174858,86.14718614718615,,
293,0.312981697302016,86.2914862914863,,
294,0.32887241055095007,85.71428571428571,,
295,0.32936656350353233,86.72438672438672,,
296,0.3236773863843337,85.85858585858585,,
297,0.3151664530474042,87.5901875901876,,
298,0.33445264874254643,86.002886002886,,
299,0.3042705918287302,87.44588744588745,,
300,0.30760620596776966,87.5901875901876,0.5595133664546075,77.92207792207792
301,0.3157550742013802,84.84848484848484,,
302,0.2956253452304466,87.44588744588745,,
303,0.302194402782948,88.16738816738817,,
304,0.3119380759427386,85.56998556998558,,
305,0.30702005726692483,87.73448773448773,,
306,0.30788080325460365,87.15728715728716,,
307,0.3287812180677362,86.002886002886,,
308,0.3450838787559135,85.42568542568543,,
309,0.29641265326420124,87.87878787878788,,
310,0.30661003878622345,88.02308802308802,,
311,0.3031016168484268,87.87878787878788,,
312,0.3144692698060864,86.86868686868686,,
313,0.2977631380203654,87.01298701298701,,
314,0.32220389772459196,85.28138528138528,,
315,0.30792742804187373,86.86868686868686,,
316,0.2965575102259758,87.73448773448773,,
317,0.31284898807648115,86.14718614718615,,
318,0.3314272654262972,87.5901875901876,,
319,0.2978980123760208,87.3015873015873,,
320,0.2958028522920815,85.42568542568543,,
321,0.29851888885659744,86.86868686868686,,
322,0.31813854727394136,87.01298701298701,,
323,0.2998369237217208,87.73448773448773,,
324,0.29192605219018064,87.01298701298701,,
325,0.27821044927035576,88.45598845598846,0.5645362487087002,80.51948051948052
326,0.3192587638486171,85.71428571428571,,
327,0.3051308226834816,87.73448773448773,,
328,0.2999620158951004,87.15728715728716,,
329,0.3186585730933524,87.01298701298701,,
330,0.3170931557835783,85.85858585858585,,
331,0.3039301290656581,87.15728715728716,,
332,0.29836926380277196,88.16738816738817,,
333,0.29707314099842336,87.73448773448773,,
334,0.2984442998578538,87.01298701298701,,
335,0.28404878000332334,88.16738816738817,,
336,0.29422805994792073,87.3015873015873,,
337,0.2861931068449137,87.5901875901876,,
338,0.29040457478161325,87.15728715728716,,
339,0.2895714880584122,88.16738816738817,,
340,0.31390065604130085,86.14718614718615,,
341,0.3014545120610647,88.02308802308802,,
342,0.2964465877022406,87.87878787878788,,
343,0.28563477006481497,88.16738816738817,,
344,0.2982181529118041,86.86868686868686,,
345,0.2826524316339954,88.60028860028861,,
346,0.30369500267557253,87.01298701298701,,
347,0.29822967882022194,87.3015873015873,,
348,0.3053017236496635,86.58008658008659,,
349,0.3159523113250388,87.01298701298701,,
350,0.2997689645355742,86.14718614718615,0.606475822337262,81.81818181818181
351,0.29051247854081413,87.73448773448773,,
352,0.2983389494868068,87.87878787878788,,
353,0.32637383906012146,85.85858585858585,,
354,0.29020063383410677,87.5901875901876,,
355,0.30724127045570515,88.16738816738817,,
356,0.2805584454142944,88.45598845598846,,
357,0.2967630220311029,87.87878787878788,,
358,0.2965341049742389,88.16738816738817,,
359,0.289600035672924,88.74458874458874,,
360,0.2779523301520217,89.32178932178932,,
361,0.2919492171741323,86.58008658008659,,
362,0.2973335741832315,86.86868686868686,,
363,0.2980930938951209,88.88888888888889,,
364,0.27907946476817647,87.87878787878788,,
365,0.2936386423236536,87.15728715728716,,
366,0.30662101141646136,87.01298701298701,,
367,0.28906794576159806,86.72438672438672,,
368,0.30516216369590377,86.86868686868686,,
369,0.2955044283495321,89.32178932178932,,
370,0.292071129358004,88.45598845598846,,
371,0.29366800971705503,87.5901875901876,,
372,0.3012727081001579,87.15728715728716,,
373,0.29461917388662806,87.44588744588745,,
374,0.3035901893268932,87.01298701298701,,
375,0.27785888208885384,88.60028860028861,0.5990949133773903,79.22077922077922
376,0.3021114360955026,86.43578643578644,,
377,0.2927135575326189,88.74458874458874,,
378,0.28376055064827505,87.87878787878788,,
379,0.28212601591498304,88.60028860028861,,
380,0.29965413519830414,88.02308802308802,,
381,0.30193768935157106,87.5901875901876,,
382,0.28717764287455944,88.74458874458874,,
383,0.2746199712178752,89.32178932178932,,
384,0.29371585022835506,87.5901875901876,,
385,0.2906948568845036,87.3015873015873,,
386,0.28381554870550424,87.73448773448773,,
387,0.30576776228253805,88.16738816738817,,
388,0.2703265528991539,89.46608946608947,,
389,0.28046001584240887,88.60028860028861,,
390,0.28271241021351984,86.2914862914863,,
391,0.27588608189019637,86.86868686868686,,
392,0.2837211885321536,89.03318903318903,,
393,0.29672511685290204,86.86868686868686,,
394,0.2581018380616478,90.18759018759019,,
395,0.2816056084495258,89.03318903318903,,
396,0.3119709577309277,87.3015873015873,,
397,0.2796027865932789,87.73448773448773,,
398,0.27679834667523356,88.74458874458874,,
399,0.27860546543183606,88.45598845598846,,
400,0.27473319454110545,89.46608946608947,0.6256437440971275,77.92207792207792
401,0.28654867238640613,87.5901875901876,,
402,0.2864442544668096,87.15728715728716,,
403,0.2686028569119661,89.8989898989899,,
404,0.2907584373870109,88.02308802308802,,
405,0.26963044408423903,88.02308802308802,,
406,0.2673382018551682,87.87878787878788,,
407,0.2902437814042338,87.3015873015873,,
408,0.26994536946088205,88.16738816738817,,
409,0.2590619578183471,90.04329004329004,,
410,0.26021091471201757,90.47619047619048,,
411,0.26845280933603755,87.73448773448773,,
412,0.28470076016361406,87.73448773448773,,
413,0.27508598892891734,87.73448773448773,,
414,0.26693897648119136,88.60028860028861,,
415,0.27440895273485916,88.60028860028861,,
416,0.27885984256863594,88.31168831168831,,
417,0.27965500697085005,87.5901875901876,,
418,0.2869110984934701,88.45598845598846,,
419,0.30278537116009435,86.14718614718615,,
420,0.2730004427494941,89.75468975468975,,
421,0.2794417402186951,88.16738816738817,,
422,0.28824962114358876,88.88888888888889,,
423,0.2753335657444867,88.60028860028861,,
424,0.2557636574018225,89.6103896103896,,
425,0.2597435192886369,89.17748917748918,0.6729678008463476,79.22077922077922
426,0.280325231184003,87.73448773448773,,
427,0.25962632206439284,89.6103896103896,,
428,0.26909165798241613,88.60028860028861,,
429,0.257761003371613,89.8989898989899,,
430,0.275116369493768,88.02308802308802,,
431,0.26370335764064845,88.74458874458874,,
432,0.26451884085395805,89.03318903318903,,
433,0.28466071134693866,87.73448773448773,,
434,0.25631971797041736,88.88888888888889,,
435,0.2633532392557221,90.04329004329004,,
436,0.2674313752682178,88.74458874458874,,
437,0.28045097198794244,88.74458874458874,,
438,0.26957513556464924,88.74458874458874,,
439,0.2800163429278832,89.32178932178932,,
440,0.26852429975334874,88.45598845598846,,
441,0.2570799805041171,89.6103896103896,,
442,0.2692301467727617,88.02308802308802,,
443,0.2833168098936865,89.17748917748918,,
444,0.2499469324709877,89.75468975468975,,
445,0.2749860672573163,87.73448773448773,,
446,0.2716085212237993,87.5901875901876,,
447,0.27196529789318424,87.5901875901876,,
448,0.26481973896983035,89.8989898989899,,
449,0.2620786101615102,89.6103896103896,,
450,0.2709105642025949,88.31168831168831,0.6255251509802682,79.22077922077922
451,0.2652908391285618,89.6103896103896,,
452,0.2944013699136599,86.2914862914863,,
453,0.2649204385229003,89.46608946608947,,
454,0.26962810337629495,87.5901875901876,,
455,0.2684817834075911,88.31168831168831,,
456,0.2803297345170383,87.87878787878788,,
457,0.2608154516715508,88.31168831168831,,
458,0.2663122412962315,89.46608946608947,,
459,0.24870013747724448,88.31168831168831,,
460,0.2275083436594381,91.63059163059162,,
461,0.26200633944371043,89.8989898989899,,
462,0.2444576755338073,90.18759018759019,,
463,0.2898101050616343,87.44588744588745,,
464,0.26912148907501116,89.03318903318903,,
465,0.27966887470533663,89.6103896103896,,
466,0.26402777353836515,88.02308802308802,,
467,0.24921968979236883,89.46608946608947,,
468,0.26082419600837675,89.03318903318903,,
469,0.25357381917783534,88.31168831168831,,
470,0.26453287736075953,89.32178932178932,,
471,0.26523074916258865,88.45598845598846,,
472,0.24302586710986293,90.62049062049061,,
473,0.24581697329470262,88.60028860028861,,
474,0.2468587053458584,90.33189033189034,,
475,0.2857488336157145,89.03318903318903,0.6984783821291738,77.92207792207792
476,0.2658559065446537,89.32178932178932,,
477,0.2695598254386137,88.74458874458874,,
478,0.27263180242816437,88.45598845598846,,
479,0.27256979566459877,88.02308802308802,,
480,0.2470293106540801,90.33189033189034,,
481,0.25386806901055153,89.17748917748918,,
482,0.27604804290149465,88.88888888888889,,
483,0.2635568931569785,89.03318903318903,,
484,0.26284460510526386,88.31168831168831,,
485,0.25893705182347293,89.6103896103896,,
486,0.27112085607660796,89.03318903318903,,
487,0.2672831255507159,88.74458874458874,,
488,0.23771817033941095,90.62049062049061,,
489,0.2584493079613814,89.03318903318903,,
490,0.2727130113699047,88.60028860028861,,
491,0.2503692057053592,90.04329004329004,,
492,0.24964188041453067,89.17748917748918,,
493,0.25662534837684936,89.32178932178932,,
494,0.27376600300078785,88.60028860028861,,
495,0.26256595721836556,88.45598845598846,,
496,0.25104411494680295,89.32178932178932,,
497,0.2549998340496597,89.17748917748918,,
498,0.2361993215128801,89.75468975468975,,
499,0.25710314542356166,89.03318903318903,,
500,0.2598689573495763,89.75468975468975,0.6168791206626149,80.51948051948052
501,0.2571285754162684,90.04329004329004,,
502,0.2358615297775764,91.48629148629149,,
503,0.26183007375846523,87.73448773448773,,
504,0.2724901700518692,87.5901875901876,,
505,0.25463857924267325,89.75468975468975,,
506,0.2473962167855809,89.32178932178932,,
507,0.2713644089550855,88.60028860028861,,
508,0.25875512275086854,90.04329004329004,,
509,0.28043999721821594,88.60028860028861,,
510,0.258759513572611,89.03318903318903,,
511,0.25352151380128846,88.31168831168831,,
512,0.25920366084076796,90.76479076479076,,
513,0.26958050270273226,90.18759018759019,,
514,0.2616517027735194,89.03318903318903,,
515,0.27923983194654295,89.03318903318903,,
516,0.2609269876156706,88.16738816738817,,
517,0.2747917440632549,88.60028860028861,,
518,0.2625273922821144,89.03318903318903,,
519,0.23608173881516312,90.18759018759019,,
520,0.2598001380675455,89.17748917748918,,
521,0.25330196202747407,89.03318903318903,,
522,0.24551021587237995,89.6103896103896,,
523,0.28300301983285947,88.02308802308802,,
524,0.24886067241731316,89.03318903318903,,
525,0.2579989374802054,89.17748917748918,0.6831236357812758,80.51948051948052
526,0.26171508022889084,89.8989898989899,,
527,0.2609298684208252,88.74458874458874,,
528,0.23793065109294215,89.8989898989899,,
529,0.2657956514523659,88.88888888888889,,
530,0.22754417744721858,90.47619047619048,,
531,0.23848400227080435,90.9090909090909,,
532,0.22505193903590692,90.62049062049061,,
533,0.2501816551750701,89.17748917748918,,
534,0.2601808329767307,88.88888888888889,,
535,0.25894701796950714,89.8989898989899,,
536,0.2256305736595762,91.48629148629149,,
537,0.25300338462231653,89.17748917748918,,
538,0.23973206825242585,89.17748917748918,,
539,0.24680193566312694,89.32178932178932,,
540,0.24715518955716495,90.47619047619048,,
541,0.27728882539495936,89.17748917748918,,
542,0.23700847570256237,89.8989898989899,,
543,0.2474714248383372,89.6103896103896,,
544,0.24584388087569464,89.75468975468975,,
545,0.27229949636290773,88.74458874458874,,
546,0.24408945131611515,89.17748917748918,,
547,0.2279859045023182,90.76479076479076,,
548,0.2441450587190247,89.6103896103896,,
549,0.23419817933788548,90.47619047619048,,
550,0.23745192835728327,90.18759018759019,0.6685449326193178,80.51948051948052
551,0.23216219203382688,90.04329004329004,,
552,0.2459206785979811,89.6103896103896,,
553,0.2523898963976388,89.32178932178932,,
554,0.24394955649477407,89.17748917748918,,
555,0.2449997884650079,90.76479076479076,,
556,0.2464022949058428,89.32178932178932,,
557,0.23749491660539895,90.76479076479076,,
558,0.23957963341586347,90.18759018759019,,
559,0.2627831986456206,89.17748917748918,,
560,0.24234897766966496,90.62049062049061,,
561,0.25234976266799725,89.03318903318903,,
562,0.2309642509593592,90.76479076479076,,
563,0.24245223150323825,90.62049062049061,,
564,0.24362927933275957,89.6103896103896,,
565,0.2216179488283215,89.8989898989899,,
566,0.2483989456440033,89.46608946608947,,
567,0.23342001225267137,91.34199134199135,,
568,0.22506355445880394,91.05339105339105,,
569,0.24922779930317385,90.04329004329004,,
570,0.2454406073126098,89.6103896103896,,
571,0.24031165787280895,90.33189033189034,,
572,0.2085625103971831,90.9090909090909,,
573,0.25225522593846395,89.8989898989899,,
574,0.24589421381854049,89.6103896103896,,
575,0.22651045937171746,91.77489177489177,0.6748302555703497,83.11688311688312
576,0.252164243275641,88.74458874458874,,
577,0.24712259513776197,89.8989898989899,,
578,0.2382203813583132,91.1976911976912,,
579,0.2378180552526642,90.62049062049061,,
580,0.23586856646928264,91.05339105339105,,
581,0.2217644238024735,91.34199134199135,,
582,0.23774924646380316,90.33189033189034,,
583,0.23924007108986034,89.46608946608947,,
584,0.23656779725486238,89.8989898989899,,
585,0.23503681922715808,90.18759018759019,,
586,0.24334280784167941,88.88888888888889,,
587,0.22815847052812233,91.48629148629149,,
588,0.22917999512103385,90.47619047619048,,
589,0.22748440584708085,90.76479076479076,,
590,0.2396969287340431,90.04329004329004,,
591,0.23902093878212086,89.8989898989899,,
592,0.224452183322516,90.9090909090909,,
593,0.24809425781127523,90.18759018759019,,
594,0.23610016614370705,89.17748917748918,,
595,0.23430648961065478,90.47619047619048,,
596,0.2204120062388383,90.47619047619048,,
597,0.24582830344529724,90.47619047619048,,
598,0.22763045090768072,90.33189033189034,,
599,0.24583476186228692,89.6103896103896,,
600,0.23388399104191282,90.18759018759019,0.6603064898933683,77.92207792207792
601,0.25244691285800624,91.05339105339105,,
602,0.25187019472686417,89.32178932178932,,
603,0.2282749933484958,90.04329004329004,,
604,0.2252952020351935,89.8989898989899,,
605,0.25701863868067965,88.60028860028861,,
606,0.24431376496241206,90.76479076479076,,
607,0.2145534571029063,91.05339105339105,,
608,0.23982587083636597,89.8989898989899,,
609,0.23309587614145802,90.33189033189034,,
610,0.2545834580197135,90.18759018759019,,
611,0.2197895466335236,91.05339105339105,,
612,0.2368523875872294,89.46608946608947,,
613,0.2476169342258448,89.46608946608947,,
614,0.22335299599007266,91.1976911976912,,
615,0.23896488340902122,89.17748917748918,,
616,0.24435943674731564,89.8989898989899,,
617,0.22966014426120948,90.76479076479076,,
618,0.22084862339978267,90.62049062049061,,
619,0.22923480589238424,90.76479076479076,,
620,0.2326345353630542,89.75468975468975,,
621,0.2229311258880177,90.62049062049061,,
622,0.20579485552221494,91.48629148629149,,
623,0.22539754822570696,91.34199134199135,,
624,0.25954136101886477,87.87878787878788,,
625,0.23668731798513284,90.62049062049061,0.7582376274195585,83.11688311688312
626,0.2127198541233206,91.91919191919192,,
627,0.21511688705904658,91.34199134199135,,
628,0.23904762465458412,88.74458874458874,,
629,0.22714861861428765,89.46608946608947,,
630,0.2254266030602641,90.18759018759019,,
631,0.23801043751134845,89.75468975468975,,
632,0.23057287587403907,90.04329004329004,,
633,0.22609394742646302,91.63059163059162,,
634,0.22929324203239373,90.76479076479076,,
635,0.2163328214791774,91.1976911976912,,
636,0.241330981316733,90.76479076479076,,
637,0.2381946410994552,90.18759018759019,,
638,0.2355690657888226,90.9090909090909,,
639,0.2175512754211866,90.76479076479076,,
640,0.20335009173741417,92.06349206349206,,
641,0.2135016554093034,90.76479076479076,,
642,0.20260051563704684,92.20779220779221,,
643,0.23042994131257524,89.46608946608947,,
644,0.2154375059049023,90.76479076479076,,
645,0.23362221028037575,89.75468975468975,,
646,0.23151288397642442,88.60028860028861,,
647,0.21909912150960636,90.18759018759019,,
648,0.20844579600657823,91.77489177489177,,
649,0.23013079510450707,91.1976911976912,,
650,0.21708904896979725,91.63059163059162,0.6784528261655337,81.81818181818181
651,0.2268162618295799,90.76479076479076,,
652,0.21776482327417893,91.63059163059162,,
653,0.23050772941645778,90.18759018759019,,
654,0.2006857694270463,92.78499278499278,,
655,0.22397894355297776,91.1976911976912,,
656,0.22932614439300128,91.05339105339105,,
657,0.2288091801547729,89.8989898989899,,
658,0.26874649286012114,90.18759018759019,,
659,0.22999493986325176,90.76479076479076,,
660,0.22571931557909922,90.9090909090909,,
661,0.22509045840857864,92.20779220779221,,
662,0.23237289494766303,89.46608946608947,,
663,0.21501339729042107,91.63059163059162,,
664,0.2266576602237909,90.62049062049061,,
665,0.21604618649462085,91.63059163059162,,
666,0.23211975006486085,90.47619047619048,,
667,0.2247647735925894,90.9090909090909,,
668,0.21364741979911386,91.48629148629149,,
669,0.2537253445705122,89.46608946608947,,
670,0.22908468219796987,91.05339105339105,,
671,0.22772677361019075,90.62049062049061,,
672,0.22580473219591474,90.76479076479076,,
673,0.23161413570030084,90.62049062049061,,
674,0.24385330790565127,90.18759018759019,,
675,0.22382725378522625,91.34199134199135,0.6652593101773944,76.62337662337663
676,0.2329570340774792,90.18759018759019,,
677,0.22760463616720697,90.04329004329004,,
678,0.2300038452315296,91.1976911976912,,
679,0.22655392140365094,90.33189033189034,,
680,0.2236261638513031,91.63059163059162,,
681,0.1986472490761015,91.91919191919192,,
682,0.2268960683204739,90.9090909090909,,
683,0.2230920825169716,91.48629148629149,,
684,0.23474625922728753,90.9090909090909,,
685,0.22410631181959811,91.1976911976912,,
686,0.21439270823548884,91.1976911976912,,
687,0.21421460809473697,91.48629148629149,,
688,0.19951302802235876,90.9090909090909,,
689,0.23044533754496002,89.6103896103896,,
690,0.23341986832637635,90.04329004329004,,
691,0.23110199103623758,90.47619047619048,,
692,0.20785429071726394,91.48629148629149,,
693,0.19949372508395113,93.21789321789322,,
694,0.2158941656652123,90.18759018759019,,
695,0.2189996743098998,90.76479076479076,,
696,0.2345662299989794,90.62049062049061,,
697,0.24720283035420065,88.74458874458874,,
698,0.21865268178488442,90.18759018759019,,
699,0.20981837093056022,90.76479076479076,,
700,0.20782432246289362,91.63059163059162,0.6382976890384376,79.22077922077922
701,0.23310662386737344,89.75468975468975,,
702,0.19538470178111464,91.1976911976912,,
703,0.2264487257423511,91.48629148629149,,
704,0.21130005400332194,91.1976911976912,,
705,0.23326546317141122,90.9090909090909,,
706,0.21777713027867404,90.9090909090909,,
707,0.22958744993543556,91.05339105339105,,
708,0.24463169575597646,89.03318903318903,,
709,0.21726358947471794,91.05339105339105,,
710,0.23217306031293167,90.76479076479076,,
711,0.2040529844672305,91.34199134199135,,
712,0.23051100436055127,92.20779220779221,,
713,0.19175692094008817,92.35209235209236,,
714,0.21665221796751366,91.77489177489177,,
715,0.21530197008175594,90.62049062049061,,
716,0.22309112609034837,90.76479076479076,,
717,0.23236389137793756,91.1976911976912,,
718,0.22659422498072726,90.9090909090909,,
719,0.23075001493827432,90.62049062049061,,
720,0.2007830911900574,92.35209235209236,,
721,0.2161104922729825,91.34199134199135,,
722,0.22266413621916228,88.60028860028861,,
723,0.22652140180183866,91.05339105339105,,
724,0.23658926441760203,90.33189033189034,,
725,0.22135482336062545,91.1976911976912,0.6411510013140641,77.92207792207792
726,0.1938772253573887,92.92929292929293,,
727,0.22588831852868865,91.48629148629149,,
728,0.21555763857189195,91.91919191919192,,
729,0.21997872247625394,90.47619047619048,,
730,0.22355931092048276,91.34199134199135,,
731,0.22642300552103942,91.05339105339105,,
732,0.21987479596168963,92.20779220779221,,
733,0.21977293527917602,90.76479076479076,,
734,0.2143263187780869,89.75468975468975,,
735,0.23444247784423622,90.18759018759019,,
736,0.2252782675912026,90.9090909090909,,
737,0.20778543088171217,91.77489177489177,,
738,0.20547947496132762,90.62049062049061,,
739,0.21573247230500198,91.1976911976912,,
740,0.19044423817749664,92.78499278499278,,
741,0.1984269989689363,91.63059163059162,,
742,0.1824606368896077,92.64069264069263,,
743,0.22083268584455074,90.9090909090909,,
744,0.23712580286579216,90.47619047619048,,
745,0.1889616602771038,91.48629148629149,,
746,0.2079935965126899,90.76479076479076,,
747,0.2393524663907195,90.04329004329004,,
748,0.2008263568083445,92.06349206349206,,
749,0.2490272069992269,89.75468975468975,,
750,0.22180303587197914,90.9090909090909,0.6455593054944818,77.92207792207792
751,0.23859418827561932,89.32178932178932,,
752,0.21509578652024097,91.05339105339105,,
753,0.23065212928027473,89.8989898989899,,
754,0.21654801541592653,92.06349206349206,,
755,0.2139089336406445,91.05339105339105,,
756,0.19601963772230163,91.63059163059162,,
757,0.21228978136745194,91.1976911976912,,
758,0.1936404106797164,91.1976911976912,,
759,0.1960108930602519,91.91919191919192,,
760,0.18843632296781349,91.34199134199135,,
761,0.21683796780105966,91.05339105339105,,
762,0.2260273355469215,91.05339105339105,,
763,0.21118935323380805,90.9090909090909,,
764,0.20022974811641508,92.4963924963925,,
765,0.20098742693232596,92.92929292929293,,
766,0.22650490428118134,91.34199134199135,,
767,0.20475615126794422,91.77489177489177,,
768,0.2092438003889582,91.63059163059162,,
769,0.2131965791680252,91.1976911976912,,
770,0.2237576905095044,91.1976911976912,,
771,0.22248930118515722,90.76479076479076,,
772,0.2000856434370016,91.63059163059162,,
773,0.2268202869062988,91.1976911976912,,
774,0.19173157817185527,91.48629148629149,,
775,0.21457459237883444,90.33189033189034,0.7092350988419025,81.81818181818181
776,0.2038108604821722,91.05339105339105,,
777,0.18762982574618767,92.4963924963925,,
778,0.19351106584606312,92.35209235209236,,
779,0.20542322427657947,91.05339105339105,,
780,0.20654547212357816,90.62049062049061,,
781,0.20081807002102658,91.05339105339105,,
782,0.20334317759862022,91.48629148629149,,
783,0.21885571619132896,89.75468975468975,,
784,0.20281773018630553,91.34199134199135,,
785,0.2008295695460032,91.05339105339105,,
786,0.20103185573353569,91.34199134199135,,
787,0.20051368299070718,91.91919191919192,,
788,0.20122083810844807,91.91919191919192,,
789,0.20488311129408482,91.34199134199135,,
790,0.19546578561115746,91.48629148629149,,
791,0.20331147213938175,91.91919191919192,,
792,0.2165527114749471,91.05339105339105,,
793,0.2196144156297736,90.62049062049061,,
794,0.20809882720139464,90.47619047619048,,
795,0.21550081806824492,91.91919191919192,,
796,0.18978188222362882,93.65079365079364,,
797,0.25844679890041916,89.03318903318903,,
798,0.18964298807009303,92.64069264069263,,
799,0.20618981522915167,91.63059163059162,,
800,0.2179318570127391,91.77489177489177,0.8029258080891201,80.51948051948052
801,0.19395849525842487,92.92929292929293,,
802,0.21128354112995307,90.9090909090909,,
803,0.18086607046801634,93.36219336219337,,
804,0.21861657144402358,90.04329004329004,,
805,0.19586548312401875,92.64069264069263,,
806,0.2095148495437435,90.76479076479076,,
807,0.2154242042425219,91.05339105339105,,
808,0.21382858575164498,90.18759018759019,,
809,0.20296266745818942,91.34199134199135,,
810,0.2344719527173696,90.04329004329004,,
811,0.2245883432473627,89.6103896103896,,
812,0.1906455870916661,92.4963924963925,,
813,0.2193456342898062,90.9090909090909,,
814,0.2046994697248824,92.20779220779221,,
815,0.19440858119837995,91.48629148629149,,
816,0.2120263943876023,90.62049062049061,,
817,0.17928939557823784,92.64069264069263,,
818,0.2138347312872544,92.20779220779221,,
819,0.19864862942248368,92.35209235209236,,
820,0.2030066591062587,92.20779220779221,,
821,0.20554833722665025,90.33189033189034,,
822,0.2036801478187157,92.06349206349206,,
823,0.2031157858734265,92.35209235209236,,
824,0.2035927969698954,90.9090909090909,,
825,0.18361429545442434,92.78499278499278,0.7317339174159161,79.22077922077922
826,0.1880982947383952,93.21789321789322,,
827,0.19238274953023007,91.63059163059162,,
828,0.19105751324353623,92.64069264069263,,
829,0.2007352082867815,92.06349206349206,,
830,0.18487703637051978,92.35209235209236,,
831,0.18727447739755265,92.64069264069263,,
832,0.20882415986508346,92.06349206349206,,
833,0.2059635722964013,90.62049062049061,,
834,0.20096810899599635,91.91919191919192,,
835,0.1813058133625451,92.35209235209236,,
836,0.1926482238982835,91.05339105339105,,
837,0.19707158990580625,92.4963924963925,,
838,0.22269806113163973,91.1976911976912,,
839,0.19929319567451573,92.20779220779221,,
840,0.18461845991501388,91.91919191919192,,
841,0.1857914233319515,91.34199134199135,,
842,0.20919135144090584,91.77489177489177,,
843,0.19441434192709076,91.91919191919192,,
844,0.1876031794245281,92.92929292929293,,
845,0.1971654019185475,91.34199134199135,,
846,0.21517227882516676,91.05339105339105,,
847,0.20533574801502805,91.63059163059162,,
848,0.20075562454405285,91.34199134199135,,
849,0.1942632169869942,92.20779220779221,,
850,0.18615989810632594,92.64069264069263,0.7313927241734096,84.41558441558442
851,0.19636135489221604,92.4963924963925,,
852,0.23512687496464663,90.47619047619048,,
853,0.19960591936158756,92.4963924963925,,
854,0.21061607350798225,89.8989898989899,,
855,0.20502579300214158,90.76479076479076,,
856,0.20077166559032203,91.63059163059162,,
857,0.18020750717683273,93.79509379509379,,
858,0.19268340956081043,92.06349206349206,,
859,0.19243012222462746,92.20779220779221,,
860,0.21288517564750165,91.63059163059162,,
861,0.2057622777779209,91.34199134199135,,
862,0.20575568526660726,91.1976911976912,,
863,0.19003908127589314,91.77489177489177,,
864,0.20684599369484796,91.1976911976912,,
865,0.2059212779442472,91.05339105339105,,
866,0.19804733852932463,91.63059163059162,,
867,0.19339145711404077,91.48629148629149,,
868,0.18699550695319542,92.35209235209236,,
869,0.18773245562572155,92.78499278499278,,
870,0.18147385176298078,92.20779220779221,,
871,0.2001222252206068,91.48629148629149,,
872,0.2052218597731721,91.48629148629149,,
873,0.21007620125019877,91.34199134199135,,
874,0.2105601006127023,91.05339105339105,,
875,0.19542376036939854,92.92929292929293,0.7736836509271101,80.51948051948052
876,0.18106601768929892,93.65079365079364,,
877,0.1879081129597723,92.20779220779221,,
878,0.19401263934795301,92.06349206349206,,
879,0.19346255976652987,91.48629148629149,,
880,0.24408687850592112,89.75468975468975,,
881,0.19777568202858192,92.78499278499278,,
882,0.19279662862656607,92.06349206349206,,
883,0.18683951058859088,92.06349206349206,,
884,0.16099238219371262,93.50649350649351,,
885,0.20154307776199273,90.9090909090909,,
886,0.2039517748020428,91.34199134199135,,
887,0.1814764839789224,91.63059163059162,,
888,0.20265398463193987,92.35209235209236,,
889,0.1859634102982016,93.50649350649351,,
890,0.16681808555797065,93.36219336219337,,
891,0.18193909910764186,91.77489177489177,,
892,0.21318495024162282,91.05339105339105,,
893,0.1830151981175548,93.36219336219337,,
894,0.1731105331670154,93.79509379509379,,
895,0.19646783426812545,91.63059163059162,,
896,0.1907598636130578,91.77489177489177,,
897,0.22448393870225716,89.8989898989899,,
898,0.18205823533204726,92.78499278499278,,
899,0.16037658933136198,92.78499278499278,,
900,0.20489596986194367,91.91919191919192,0.8224700611907166,77.92207792207792
901,0.17930647274976513,92.06349206349206,,
902,0.20176128159353743,91.48629148629149,,
903,0.20144245781079687,91.1976911976912,,
904,0.18606746779999347,92.78499278499278,,
905,0.18004083162520354,92.78499278499278,,
906,0.19770520755652912,91.91919191919192,,
907,0.20529593559570644,90.47619047619048,,
908,0.19169401331209346,92.20779220779221,,
909,0.21530092263548578,91.63059163059162,,
910,0.19606770572896298,92.92929292929293,,
911,0.19941953878210048,92.92929292929293,,
912,0.19929871926404008,91.05339105339105,,
913,0.22028137294072953,90.47619047619048,,
914,0.21366303801955858,91.34199134199135,,
915,0.20567856081808455,92.06349206349206,,
916,0.2065964021853038,90.47619047619048,,
917,0.21161347014821452,92.35209235209236,,
918,0.187244750532452,92.64069264069263,,
919,0.19494212753022516,92.06349206349206,,
920,0.18910358450543485,92.78499278499278,,
921,0.17337635421821737,92.92929292929293,,
922,0.17371164796629338,94.08369408369408,,
923,0.21120098671871862,91.48629148629149,,
924,0.2028386089923922,91.05339105339105,,
925,0.17011403448309906,92.06349206349206,0.716329532784301,79.22077922077922
926,0.2050821746754612,90.33189033189034,,
927,0.1819072886871397,92.20779220779221,,
928,0.19422964126000672,92.92929292929293,,
929,0.1819603220595942,92.92929292929293,,
930,0.18863572453351593,92.06349206349206,,
931,0.17978416961680932,93.21789321789322,,
932,0.17457841774300922,93.50649350649351,,
933,0.1938295928172735,92.35209235209236,,
934,0.21680808953220537,91.34199134199135,,
935,0.18912315334248508,91.77489177489177,,
936,0.17961266462679032,93.50649350649351,,
937,0.19013149189678105,91.91919191919192,,
938,0.18129952532517446,92.4963924963925,,
939,0.18752134674125248,91.05339105339105,,
940,0.17195105956918405,92.4963924963925,,
941,0.19322827892730074,92.92929292929293,,
942,0.19519233498735755,92.35209235209236,,
943,0.20993493404911365,91.48629148629149,,
944,0.19205324078707123,92.4963924963925,,
945,0.184252995519239,92.92929292929293,,
946,0.1741492489371637,92.06349206349206,,
947,0.19622966307410258,92.35209235209236,,
948,0.1901886145789902,92.20779220779221,,
949,0.19207048029094548,91.77489177489177,,
950,0.16746345562336248,93.65079365079364,0.7418951841143818,81.81818181818181
951,0.1787748167353103,92.92929292929293,,
952,0.16227859832765737,93.36219336219337,,
953,0.18568931112514775,93.36219336219337,,
954,0.1605668559046879,93.79509379509379,,
955,0.2014998413439609,91.48629148629149,,
956,0.1916607166566546,91.63059163059162,,
957,0.17931032181861253,93.21789321789322,,
958,0.19974156179899433,92.64069264069263,,
959,0.1931608481840654,91.91919191919192,,
960,0.18569836184963004,91.63059163059162,,
961,0.19045247092391504,93.50649350649351,,
962,0.19379677375157675,90.76479076479076,,
963,0.19261873920930583,93.50649350649351,,
964,0.17857718224735314,93.50649350649351,,
965,0.1943739927971862,91.34199134199135,,
966,0.16456013229846267,93.21789321789322,,
967,0.1789799929337111,92.92929292929293,,
968,0.19444107734107696,92.20779220779221,,
969,0.1898298394499403,93.36219336219337,,
970,0.20232999546273275,92.06349206349206,,
971,0.1908258240008767,91.1976911976912,,
972,0.17648174326657218,93.07359307359307,,
973,0.18681381842790745,92.92929292929293,,
974,0.20014257535263144,92.35209235209236,,
975,0.16034392612579065,93.79509379509379,0.6706307658127376,77.92207792207792
976,0.17941003609959352,91.63059163059162,,
977,0.20886218382252586,91.63059163059162,,
978,0.19024788818898655,91.91919191919192,,
979,0.19849126479315637,92.4963924963925,,
980,0.19874793002959798,90.9090909090909,,
981,0.17733857263024752,93.07359307359307,,
982,0.1882031567469992,91.91919191919192,,
983,0.1873048675470968,92.78499278499278,,
984,0.19764505567574742,91.48629148629149,,
985,0.19137275582354135,92.06349206349206,,
986,0.1870973359196733,92.35209235209236,,
987,0.16260677599717702,94.51659451659452,,
988,0.1890366900212321,91.91919191919192,,
989,0.19350161715202346,93.21789321789322,,
990,0.2047794158496554,92.20779220779221,,
991,0.18373542018826045,92.35209235209236,,
992,0.18090113820064635,92.4963924963925,,
993,0.17561822299661403,93.50649350649351,,
994,0.1974881242148976,90.33189033189034,,
995,0.164156249892316,92.64069264069263,,
996,0.1963575122095806,91.48629148629149,,
997,0.19057494754571075,92.64069264069263,,
998,0.20879183465569223,92.78499278499278,,
999,0.18664921848116844,92.35209235209236,,
1000,0.18174262162066812,92.4963924963925,0.6934969711613346,81.81818181818181
