epoch,train_loss,train_acc,test_loss,test_acc
1,2.2954648086089895,13.282247765006385,2.272086021554379,12.213740458015268
2,2.096776612112501,28.097062579821202,,
3,1.879269232999624,42.1455938697318,,
4,1.7233237634064442,45.97701149425287,,
5,1.5617250855702856,53.25670498084291,,
6,1.4358835002623909,57.59897828863346,,
7,1.316230503687609,63.60153256704981,,
8,1.1987331338312435,65.90038314176245,,
9,1.1531570682428196,67.94380587484035,,
10,1.0593451380272936,72.41379310344827,,
11,1.0082203606536104,72.2860791826309,,
12,0.9697446750041625,73.43550446998722,,
13,0.8931191973911543,74.20178799489145,,
14,0.8674763780976925,75.6066411238825,,
15,0.8455456511270955,75.35121328224777,,
16,0.78696551420375,78.9272030651341,,
17,0.7478992495957005,80.33205619412516,,
18,0.7125132661669648,78.67177522349937,,
19,0.7184015622845402,79.69348659003832,,
20,0.6674391438525603,81.09833971902937,,
21,0.656225317282695,81.35376756066411,,
22,0.6322716833835665,81.99233716475096,,
23,0.5751165148551132,84.80204342273308,,
24,0.5929652490530587,83.65261813537676,,
25,0.6070240001416602,82.24776500638569,0.5732851214991271,85.49618320610686
26,0.5575306079092306,84.67432950191571,,
27,0.5259098387769355,84.67432950191571,,
28,0.532139781334391,85.44061302681992,,
29,0.542822411842882,85.44061302681992,,
30,0.534443103262291,84.54661558109834,,
31,0.5037133119724415,87.73946360153256,,
32,0.49166826593617063,85.31289910600256,,
33,0.49206580193106697,86.59003831417624,,
34,0.462904443533789,87.2286079182631,,
35,0.44957012467152924,86.20689655172414,,
36,0.41518980746144385,88.88888888888889,,
37,0.4221311886800812,88.50574712643679,,
38,0.4230299636360025,88.50574712643679,,
39,0.392879295813474,90.29374201787995,,
40,0.3997881513750264,89.39974457215837,,
41,0.4063961955779357,87.9948914431673,,
42,0.36828691707412553,90.03831417624521,,
43,0.35088197447331015,91.69859514687101,,
44,0.3536634873765334,91.18773946360153,,
45,0.3817454165806411,89.78288633461047,,
46,0.3519490722419354,91.06002554278416,,
47,0.35512382039469625,90.29374201787995,,
48,0.34549731929640204,90.54916985951469,,
49,0.35359089911973646,90.29374201787995,,
50,0.3507497688591252,89.91060025542784,0.44366239341160724,87.40458015267176
