epoch,train_loss,train_acc,test_loss,test_acc
1,0.6935771303775506,54.68975468975469,0.6857809888852107,55.84415584415584
2,0.6970013147824771,51.22655122655123,,
3,0.6933427463362227,54.83405483405483,,
4,0.6913302231144596,55.122655122655125,,
5,0.6867705739249743,54.97835497835498,,
6,0.6868887631408064,56.42135642135642,,
7,0.6851383383999999,54.68975468975469,,
8,0.6874716631089798,55.699855699855696,,
9,0.6836958008927184,55.699855699855696,,
10,0.6845575949502369,55.98845598845599,,
11,0.6786244225192379,56.85425685425685,,
12,0.6859372073265725,54.68975468975469,,
13,0.6836519435714677,54.68975468975469,,
14,0.6864998607236413,53.67965367965368,,
15,0.682212958260188,57.57575757575758,,
16,0.6859033567908867,52.81385281385281,,
17,0.676560528952666,56.998556998557,,
18,0.6779845283833073,55.98845598845599,,
19,0.6833481907328486,55.122655122655125,,
20,0.6750135503462039,58.00865800865801,,
21,0.681562423017978,54.112554112554115,,
22,0.6727302761648984,56.998556998557,,
23,0.6766555649033529,58.73015873015873,,
24,0.6820928835421586,55.41125541125541,,
25,0.669264197435558,55.55555555555556,0.6813512761871536,53.246753246753244
26,0.6728646215938386,58.874458874458874,,
27,0.6696304523239576,58.00865800865801,,
28,0.6675351714503025,56.42135642135642,,
29,0.6667638138947205,56.85425685425685,,
30,0.6614837991382825,57.57575757575758,,
31,0.6601376618657794,57.142857142857146,,
32,0.6614477825371218,58.58585858585859,,
33,0.6619116497934294,58.44155844155844,,
34,0.6558729998477093,59.45165945165945,,
35,0.6532860808558278,58.58585858585859,,
36,0.6550113203549626,59.307359307359306,,
37,0.6563837551451349,60.894660894660895,,
38,0.6553612775444813,58.00865800865801,,
39,0.6445849753303445,59.45165945165945,,
40,0.6433101176011442,60.75036075036075,,
41,0.6412547551536285,62.19336219336219,,
42,0.6402833047195259,61.76046176046176,,
43,0.6377088018998095,60.46176046176046,,
44,0.6363418879791084,61.47186147186147,,
45,0.6338109605412119,63.492063492063494,,
46,0.6306199376373236,63.05916305916306,,
47,0.6251993034825181,63.78066378066378,,
48,0.6215458778075842,63.63636363636363,,
49,0.624329548635524,65.51226551226551,,
50,0.6165810610996868,66.08946608946609,0.6296574070856169,59.74025974025974
51,0.6191158334242145,62.62626262626262,,
52,0.6159589170205473,67.96536796536796,,
53,0.607416102724502,64.93506493506493,,
54,0.6066377981314584,66.66666666666667,,
55,0.6091628957104374,65.94516594516594,,
56,0.6022541753485433,66.08946608946609,,
57,0.6048500502608383,65.94516594516594,,
58,0.6009688129242708,67.24386724386724,,
59,0.5920123099248646,68.1096681096681,,
60,0.5976912697500308,66.08946608946609,,
61,0.5919944351541704,68.25396825396825,,
62,0.5862432827509155,68.25396825396825,,
63,0.5797076522873937,69.98556998556998,,
64,0.5724314593993568,71.71717171717172,,
65,0.5841426846784946,68.1096681096681,,
66,0.5775416602217962,70.70707070707071,,
67,0.5749156870711245,68.54256854256855,,
68,0.566036454096845,72.2943722943723,,
69,0.5754707762689302,70.56277056277057,,
70,0.5732020444168157,71.28427128427128,,
71,0.5708406460921658,70.12987012987013,,
72,0.5491854901093597,73.16017316017316,,
73,0.5773126786577409,70.70707070707071,,
74,0.5464854780557695,72.72727272727273,,
75,0.5655764591642273,68.83116883116882,0.570875477481198,70.12987012987013
76,0.5502729354826746,73.44877344877345,,
77,0.5548003646202417,71.86147186147186,,
78,0.5348167631017181,73.73737373737374,,
79,0.5417957003584499,74.45887445887446,,
80,0.5276058301609143,74.17027417027417,,
81,0.5431047079367038,73.73737373737374,,
82,0.5201721033578656,77.05627705627705,,
83,0.5246595279306905,74.60317460317461,,
84,0.5184960986714686,76.76767676767676,,
85,0.5105031191184579,75.46897546897547,,
86,0.514221407290317,75.61327561327562,,
87,0.5064405554644817,75.9018759018759,,
88,0.5055639298275264,76.76767676767676,,
89,0.4953688170658734,79.22077922077922,,
90,0.5154978195138136,75.32467532467533,,
91,0.49729822182552125,78.21067821067821,,
92,0.4972634062622533,76.91197691197691,,
93,0.4879219784881129,78.93217893217893,,
94,0.4962180909656343,76.33477633477634,,
95,0.4785100178199069,79.50937950937951,,
96,0.4846191918007051,78.06637806637806,,
97,0.46920295607992063,79.22077922077922,,
98,0.48162740881824906,77.63347763347764,,
99,0.48795356998195893,76.04617604617604,,
100,0.47280978098576204,78.78787878787878,0.489561692847834,75.32467532467533
101,0.46648712686301996,79.65367965367966,,
102,0.4578458306851325,79.79797979797979,,
103,0.4618978464242184,80.51948051948052,,
104,0.44973469528800997,81.96248196248196,,
105,0.44814390361223044,79.79797979797979,,
106,0.45142226865109253,81.96248196248196,,
107,0.45493556440822663,81.38528138528139,,
108,0.4416454688123122,80.51948051948052,,
109,0.449358027261745,80.23088023088023,,
110,0.46125731349507454,80.37518037518038,,
111,0.4270789302444733,81.38528138528139,,
112,0.4301987237486488,82.25108225108225,,
113,0.45933500379538983,80.37518037518038,,
114,0.4358750938681125,83.26118326118326,,
115,0.43650375300155575,81.67388167388168,,
116,0.4303994551193491,81.38528138528139,,
117,0.4241323552778445,81.67388167388168,,
118,0.4184239651647653,83.54978354978356,,
119,0.42500599894086694,82.1067821067821,,
120,0.4180920354774676,83.26118326118326,,
121,0.42809253445091355,81.38528138528139,,
122,0.420975548020345,80.23088023088023,,
123,0.4232943573211351,83.11688311688312,,
124,0.41941831922118283,83.54978354978356,,
125,0.40242220433415443,82.82828282828282,0.43391510650709075,77.92207792207792
126,0.38175877264309754,86.002886002886,,
127,0.4034463775278342,82.53968253968254,,
128,0.39818721678521896,83.54978354978356,,
129,0.40189261740936344,84.27128427128427,,
130,0.39293066359529594,83.40548340548341,,
131,0.40077835080599544,83.11688311688312,,
132,0.39392515040751314,83.98268398268398,,
133,0.38247926715992575,84.7041847041847,,
134,0.39766988265738,83.40548340548341,,
135,0.37755040198693546,85.56998556998558,,
136,0.38239377784350564,84.84848484848484,,
137,0.368353410243644,86.002886002886,,
138,0.36999516573991265,85.56998556998558,,
139,0.38875828130764706,85.13708513708514,,
140,0.3553777104203319,84.99278499278499,,
141,0.3562143026148258,86.58008658008659,,
142,0.38633742468353643,82.3953823953824,,
143,0.3691250680586992,84.41558441558442,,
144,0.38131509061155555,84.27128427128427,,
145,0.3581190292883401,85.28138528138528,,
146,0.3541721066871247,86.72438672438672,,
147,0.36150496854066505,85.28138528138528,,
148,0.3705120738622602,85.71428571428571,,
149,0.35585115813417695,85.42568542568543,,
150,0.36078191848544333,84.41558441558442,0.40505100418994955,77.92207792207792
151,0.3596866508410951,85.71428571428571,,
152,0.34772513679955774,87.15728715728716,,
153,0.3570872775532983,85.42568542568543,,
154,0.3406775180911605,87.5901875901876,,
155,0.35272095996408065,85.85858585858585,,
156,0.3534437422284488,85.42568542568543,,
157,0.35175626820644085,84.99278499278499,,
158,0.3517957788611215,85.42568542568543,,
159,0.341621688928611,85.85858585858585,,
160,0.33439446876059364,87.73448773448773,,
161,0.35107221442555625,86.14718614718615,,
162,0.33581718458413734,86.2914862914863,,
163,0.3406610360737315,87.44588744588745,,
164,0.31380127744499225,87.44588744588745,,
165,0.3318302577192133,88.60028860028861,,
166,0.3236103219559354,87.44588744588745,,
167,0.33554176476610686,87.5901875901876,,
168,0.33416011933812506,85.85858585858585,,
169,0.3189952213096756,87.3015873015873,,
170,0.3164851621631936,87.5901875901876,,
171,0.32836773484128207,89.6103896103896,,
172,0.31843021266904226,87.44588744588745,,
173,0.337853021521933,87.15728715728716,,
174,0.31125333282725637,87.73448773448773,,
175,0.3268035604668214,87.15728715728716,0.3818412138657136,79.22077922077922
176,0.3014856553696967,89.03318903318903,,
177,0.3334852918917999,86.002886002886,,
178,0.31772192452549075,86.58008658008659,,
179,0.308072796846709,87.73448773448773,,
180,0.3145515210012681,88.02308802308802,,
181,0.30826165203494255,86.72438672438672,,
182,0.32611862005609454,86.86868686868686,,
183,0.3217905107858721,87.44588744588745,,
184,0.3137255752241457,87.5901875901876,,
185,0.3223301882910694,87.44588744588745,,
186,0.3047138637450522,90.04329004329004,,
187,0.2996235443185074,89.17748917748918,,
188,0.30575698519509936,88.74458874458874,,
189,0.2848034908761194,88.74458874458874,,
190,0.29590312248528605,88.31168831168831,,
191,0.29174238315972933,87.73448773448773,,
192,0.312272554029634,88.45598845598846,,
193,0.30612164606779685,87.5901875901876,,
194,0.2855181104004985,88.88888888888889,,
195,0.303836375593193,88.16738816738817,,
196,0.2826866859416941,89.8989898989899,,
197,0.2805613736053566,90.18759018759019,,
198,0.28448904700265476,89.03318903318903,,
199,0.28757146151378904,88.02308802308802,,
200,0.28473400016023653,88.60028860028861,0.37930378995158454,81.81818181818181
201,0.29070823602002077,87.73448773448773,,
202,0.28097194117127045,89.46608946608947,,
203,0.28090189382283376,89.46608946608947,,
204,0.29064793117118604,88.60028860028861,,
205,0.29217606701204096,88.02308802308802,,
206,0.2932539616011266,89.8989898989899,,
207,0.26569344541985235,90.62049062049061,,
208,0.281935143092322,89.03318903318903,,
209,0.26254748627220914,89.32178932178932,,
210,0.28153067147748984,88.16738816738817,,
211,0.27812534506186776,89.03318903318903,,
212,0.2911195233571753,88.45598845598846,,
213,0.26462630761994255,89.8989898989899,,
214,0.27397802846256275,90.33189033189034,,
215,0.2842371505920333,88.02308802308802,,
216,0.26179177231258816,90.33189033189034,,
217,0.26446562923738276,89.6103896103896,,
218,0.2788375976883832,90.33189033189034,,
219,0.25711700690085065,91.05339105339105,,
220,0.2626301551837082,90.04329004329004,,
221,0.267563525377672,91.05339105339105,,
222,0.26295148771562615,90.47619047619048,,
223,0.2664294456162666,90.04329004329004,,
224,0.25844972607549305,89.32178932178932,,
225,0.2712688146731554,89.46608946608947,0.36455606175707533,85.71428571428571
226,0.25730971211478826,90.47619047619048,,
227,0.24303373389085822,92.4963924963925,,
228,0.2650452159871959,89.03318903318903,,
229,0.25429038630333467,90.18759018759019,,
230,0.26888258882071203,90.18759018759019,,
231,0.23790760267348515,91.05339105339105,,
232,0.25826930757853894,90.33189033189034,,
233,0.2565798272861203,90.76479076479076,,
234,0.25466158072239736,89.75468975468975,,
235,0.24476883166925215,90.9090909090909,,
236,0.23646079033914238,92.06349206349206,,
237,0.2512483532724614,91.05339105339105,,
238,0.26386321218842895,90.18759018759019,,
239,0.2438812641182331,92.20779220779221,,
240,0.2577955832041015,90.18759018759019,,
241,0.2577006540773235,89.75468975468975,,
242,0.23713389690562245,91.48629148629149,,
243,0.24278863082931498,90.76479076479076,,
244,0.260788191749592,89.03318903318903,,
245,0.23617713757579634,91.77489177489177,,
246,0.22011947477018678,91.91919191919192,,
247,0.24138876249607852,91.34199134199135,,
248,0.23641654160975722,92.06349206349206,,
249,0.24267300507550976,90.76479076479076,,
250,0.25662306729505246,90.47619047619048,0.37508837027209146,81.81818181818181
251,0.22801914419790711,90.47619047619048,,
252,0.23615326105602205,91.05339105339105,,
253,0.237447409918814,91.34199134199135,,
254,0.229021890166862,92.4963924963925,,
255,0.2333678656498247,92.06349206349206,,
256,0.23379011858593335,92.06349206349206,,
257,0.228422090346679,91.1976911976912,,
258,0.22973648602785315,91.91919191919192,,
259,0.2431514145104916,91.1976911976912,,
260,0.23992426790200272,91.48629148629149,,
261,0.20679076082606682,92.78499278499278,,
262,0.22432007579318372,91.91919191919192,,
263,0.20885540199335692,92.4963924963925,,
264,0.21895453443516902,93.07359307359307,,
265,0.22254618634651233,91.91919191919192,,
266,0.2069588964979714,93.36219336219337,,
267,0.23477315433957704,90.9090909090909,,
268,0.22050191468759447,92.4963924963925,,
269,0.21476962919445092,92.20779220779221,,
270,0.21905496441268646,91.48629148629149,,
271,0.21639538717470944,92.64069264069263,,
272,0.2608660509619018,90.04329004329004,,
273,0.22366523273923525,90.76479076479076,,
274,0.22781244135350204,91.1976911976912,,
275,0.23045612460951095,91.77489177489177,0.39335120691881553,83.11688311688312
276,0.20715072849956254,92.35209235209236,,
277,0.2185991723816116,91.91919191919192,,
278,0.22742836562242,91.91919191919192,,
279,0.21895374346949148,91.34199134199135,,
280,0.21891242480725265,92.20779220779221,,
281,0.19419673558265443,93.65079365079364,,
282,0.19635678135385418,93.50649350649351,,
283,0.20183889434537158,92.92929292929293,,
284,0.19151794196551325,93.07359307359307,,
285,0.21245604411606148,92.20779220779221,,
286,0.22841685436246714,91.91919191919192,,
287,0.20759196259070611,92.4963924963925,,
288,0.2073522014449341,91.63059163059162,,
289,0.2084678751006615,92.4963924963925,,
290,0.1952319292171521,93.07359307359307,,
291,0.19434140028612093,93.50649350649351,,
292,0.19927000233965347,93.21789321789322,,
293,0.21387344349342335,92.92929292929293,,
294,0.20237705821082705,93.07359307359307,,
295,0.18875589703907183,93.50649350649351,,
296,0.19179213971630663,93.21789321789322,,
297,0.20054015654850144,92.78499278499278,,
298,0.19294230985048014,92.78499278499278,,
299,0.1891866141411477,92.78499278499278,,
300,0.18528328021023352,93.65079365079364,0.41194139595155593,80.51948051948052
301,0.19893502754738493,92.92929292929293,,
302,0.18623096997947747,92.35209235209236,,
303,0.19652587158167345,92.20779220779221,,
304,0.1866235936659927,93.65079365079364,,
305,0.17634230176951807,94.37229437229438,,
306,0.20607695748967697,92.35209235209236,,
307,0.19032271726736946,93.07359307359307,,
308,0.19454981873690824,92.64069264069263,,
309,0.19083966196529448,93.36219336219337,,
310,0.19022259756944224,92.78499278499278,,
311,0.1946364286830071,93.50649350649351,,
312,0.18450514727082604,94.08369408369408,,
313,0.18699881202214724,92.64069264069263,,
314,0.18549659463320287,93.65079365079364,,
315,0.19040308398171765,92.64069264069263,,
316,0.18287518512979042,93.50649350649351,,
317,0.20251677021341236,92.78499278499278,,
318,0.1837411272147345,93.65079365079364,,
319,0.2087302856459074,92.20779220779221,,
320,0.1969116721167881,92.64069264069263,,
321,0.18999939288239803,93.21789321789322,,
322,0.184864137155067,93.50649350649351,,
323,0.18715105683127523,93.65079365079364,,
324,0.19385368057659694,93.36219336219337,,
325,0.19279269506404925,92.64069264069263,0.387964160798432,83.11688311688312
326,0.1802918601990778,93.79509379509379,,
327,0.17221618045933146,94.08369408369408,,
328,0.17465431263070946,93.65079365079364,,
329,0.2212213607663544,91.34199134199135,,
330,0.18583151695962247,93.50649350649351,,
331,0.1728492175560837,94.22799422799423,,
332,0.16339061984424122,95.0937950937951,,
333,0.20357287089201967,91.05339105339105,,
334,0.17091192053778778,93.65079365079364,,
335,0.17035204206538235,93.65079365079364,,
336,0.15868376038463256,94.94949494949495,,
337,0.1852422874168228,94.22799422799423,,
338,0.16138664166971203,94.51659451659452,,
339,0.1791796629864072,92.4963924963925,,
340,0.1791349807633208,94.22799422799423,,
341,0.1687995871531671,94.51659451659452,,
342,0.16992974573743636,93.50649350649351,,
343,0.16853613682725557,93.79509379509379,,
344,0.1991575262247226,92.92929292929293,,
345,0.17062900063795444,93.79509379509379,,
346,0.17852097657249774,93.50649350649351,,
347,0.17604108866503057,92.92929292929293,,
348,0.1665786923665935,94.22799422799423,,
349,0.17070477899878916,93.36219336219337,,
350,0.157688204946284,93.21789321789322,0.42441888521244,83.11688311688312
351,0.158688818307494,94.22799422799423,,
352,0.1824970558866278,93.79509379509379,,
353,0.1725102039470645,93.50649350649351,,
354,0.17412156396119455,93.21789321789322,,
355,0.1491281690901148,94.8051948051948,,
356,0.18732364688600814,92.92929292929293,,
357,0.15359969968231554,94.94949494949495,,
358,0.14834027822313542,95.0937950937951,,
359,0.15449993751007757,95.0937950937951,,
360,0.16781210738085048,94.08369408369408,,
361,0.15830518796329063,95.23809523809524,,
362,0.18662313903274733,92.78499278499278,,
363,0.1627221093721376,94.66089466089466,,
364,0.15754375547643693,94.37229437229438,,
365,0.1752991858240846,94.22799422799423,,
366,0.1670981759546811,92.78499278499278,,
367,0.1719672188786373,93.93939393939394,,
368,0.1508741020124196,94.37229437229438,,
369,0.17637492438931485,94.08369408369408,,
370,0.159629986399696,94.22799422799423,,
371,0.1706072347988556,93.65079365079364,,
372,0.17050578793534985,94.37229437229438,,
373,0.14804518185179644,96.1038961038961,,
374,0.14851701211232643,95.0937950937951,,
375,0.16710645579672478,93.21789321789322,0.4182022380364406,81.81818181818181
376,0.16330055303570598,93.79509379509379,,
377,0.1601499616669714,94.37229437229438,,
378,0.15027758861861015,94.37229437229438,,
379,0.1536191175510357,94.66089466089466,,
380,0.14377757330649515,94.94949494949495,,
381,0.15830962503971305,94.22799422799423,,
382,0.14277038109336926,95.95959595959596,,
383,0.14548591138394537,94.37229437229438,,
384,0.16211951024088508,93.93939393939394,,
385,0.1455699268884387,95.0937950937951,,
386,0.15702147364702404,94.08369408369408,,
387,0.15375164688751639,95.95959595959596,,
388,0.15362550723561305,94.66089466089466,,
389,0.15866436601803244,93.36219336219337,,
390,0.1438763090026327,95.0937950937951,,
391,0.14893814656899604,95.0937950937951,,
392,0.14508309381950812,95.67099567099567,,
393,0.14831942416630783,94.94949494949495,,
394,0.1472768419748777,94.37229437229438,,
395,0.13686481907340184,94.94949494949495,,
396,0.15619178731827682,94.22799422799423,,
397,0.13411249299930117,95.81529581529581,,
398,0.13027565587650647,96.24819624819625,,
399,0.13740165247803643,94.8051948051948,,
400,0.153441020614141,94.37229437229438,0.4452447562248676,81.81818181818181
401,0.13611878740667094,95.23809523809524,,
402,0.15604091595863712,94.8051948051948,,
403,0.14819144860748604,95.23809523809524,,
404,0.1191646894077202,96.68109668109668,,
405,0.12591066314673527,95.81529581529581,,
406,0.13195039102374906,95.23809523809524,,
407,0.13793923156430024,95.23809523809524,,
408,0.1591960470290239,94.37229437229438,,
409,0.14204193179631366,94.8051948051948,,
410,0.16612815544611276,93.79509379509379,,
411,0.16692044774089196,93.93939393939394,,
412,0.1409183738788141,94.66089466089466,,
413,0.13204779758683874,95.52669552669553,,
414,0.1283478635816175,96.53679653679653,,
415,0.15241518663981604,94.51659451659452,,
416,0.1527970628584446,95.0937950937951,,
417,0.13379967328789946,95.38239538239539,,
418,0.14981782569685712,95.23809523809524,,
419,0.15071788088325813,95.81529581529581,,
420,0.14321638077153445,95.67099567099567,,
421,0.15664272550036554,95.0937950937951,,
422,0.13707282287733896,95.0937950937951,,
423,0.142991322319831,94.51659451659452,,
424,0.13212813799434797,95.23809523809524,,
425,0.13895294506742498,95.52669552669553,0.4496727806407136,83.11688311688312
426,0.14855862904506673,94.8051948051948,,
427,0.12485197846593622,95.67099567099567,,
428,0.12508759943265763,96.24819624819625,,
429,0.13879652011704136,95.23809523809524,,
430,0.12347055373318268,95.67099567099567,,
431,0.13716409868771723,95.23809523809524,,
432,0.12317522404739609,95.95959595959596,,
433,0.14067420955548468,95.38239538239539,,
434,0.14863027461829983,94.37229437229438,,
435,0.12989621427216572,95.67099567099567,,
436,0.13815103022954164,95.23809523809524,,
437,0.12427821368870055,96.1038961038961,,
438,0.13059699590200985,96.68109668109668,,
439,0.1407472902363298,94.66089466089466,,
440,0.1442190705439745,94.8051948051948,,
441,0.13574024579053662,95.52669552669553,,
442,0.1367523233375336,95.23809523809524,,
443,0.13960723919944482,95.52669552669553,,
444,0.13761110113554703,95.38239538239539,,
445,0.11805635768097716,95.95959595959596,,
446,0.13002305801468667,95.81529581529581,,
447,0.12887502059577002,95.38239538239539,,
448,0.11919119691779947,96.24819624819625,,
449,0.12623090515233049,95.23809523809524,,
450,0.13188307428084756,94.66089466089466,0.45805455337871204,84.41558441558442
451,0.15335548593035078,94.08369408369408,,
452,0.12073757433874094,95.0937950937951,,
453,0.1345781037989805,95.23809523809524,,
454,0.13737011561909365,95.23809523809524,,
455,0.11998634862956761,95.95959595959596,,
456,0.1335664652126692,94.94949494949495,,
457,0.11532750199743766,96.1038961038961,,
458,0.13352760382286913,95.23809523809524,,
459,0.12859023614782533,95.23809523809524,,
460,0.11622482428561041,96.3924963924964,,
461,0.11463170906617529,95.81529581529581,,
462,0.13580542767331713,96.1038961038961,,
463,0.11451757186419004,95.67099567099567,,
464,0.12286587483095056,95.67099567099567,,
465,0.11608261949400193,95.23809523809524,,
466,0.1593192813200352,94.08369408369408,,
467,0.12084678897007892,95.67099567099567,,
468,0.1134216230615307,95.81529581529581,,
469,0.14740977478233766,94.37229437229438,,
470,0.1199739413795533,95.67099567099567,,
471,0.12517520135959334,95.67099567099567,,
472,0.13135543269942504,94.51659451659452,,
473,0.11912416749933538,95.95959595959596,,
474,0.12271329054197708,96.1038961038961,,
475,0.13584845701251366,95.0937950937951,0.48941928225678283,80.51948051948052
476,0.1347864313967644,94.66089466089466,,
477,0.11234835043823693,96.96969696969697,,
478,0.12061562625661729,95.81529581529581,,
479,0.11427459313734441,95.52669552669553,,
480,0.10730551651975981,96.53679653679653,,
481,0.13450871109774318,94.22799422799423,,
482,0.12316339721024294,96.24819624819625,,
483,0.1281112836939948,95.23809523809524,,
484,0.11956688057507615,95.23809523809524,,
485,0.12303822809053534,95.52669552669553,,
486,0.12501012896067323,95.0937950937951,,
487,0.10620474073535953,96.1038961038961,,
488,0.12217199887333151,96.1038961038961,,
489,0.13280899463621912,95.0937950937951,,
490,0.11283790845891614,96.24819624819625,,
491,0.10907789544453697,95.52669552669553,,
492,0.12406746351696325,95.0937950937951,,
493,0.10623614216951753,96.24819624819625,,
494,0.11552760635823829,96.24819624819625,,
495,0.10535526294986923,96.3924963924964,,
496,0.09988697338714916,96.82539682539682,,
497,0.131208597151576,95.0937950937951,,
498,0.1493732694208536,94.8051948051948,,
499,0.10205354129769241,96.3924963924964,,
500,0.11328488831108632,96.3924963924964,0.502728299274073,81.81818181818181
501,0.11286688747602108,95.38239538239539,,
502,0.12652456831364406,95.81529581529581,,
503,0.11551659973405441,95.38239538239539,,
504,0.09286936296185029,96.96969696969697,,
505,0.10070412171652479,96.53679653679653,,
506,0.12037548269071276,95.95959595959596,,
507,0.12126741512620776,95.38239538239539,,
508,0.16160469009268164,95.0937950937951,,
509,0.11626889476012357,96.1038961038961,,
510,0.12445528600983118,95.38239538239539,,
511,0.10407476504245963,95.81529581529581,,
512,0.11783826572640461,95.95959595959596,,
513,0.10884193676923003,96.24819624819625,,
514,0.11634439612707878,95.52669552669553,,
515,0.116842413554976,96.1038961038961,,
516,0.13138298287955455,94.8051948051948,,
517,0.11548322877305067,95.52669552669553,,
518,0.11733317987463864,96.24819624819625,,
519,0.10844235292610324,97.11399711399712,,
520,0.11164009750620456,95.81529581529581,,
521,0.12299128257351004,95.52669552669553,,
522,0.11259781068236625,95.95959595959596,,
523,0.10312225928726307,95.95959595959596,,
524,0.10974800428120261,96.24819624819625,,
525,0.11590572039114276,95.81529581529581,0.5374677943718897,84.41558441558442
526,0.10888755059173441,95.95959595959596,,
527,0.11716134143082095,96.1038961038961,,
528,0.11286676962138255,95.81529581529581,,
529,0.1117097803352543,95.23809523809524,,
530,0.10020057313025944,96.82539682539682,,
531,0.11600502923367516,96.3924963924964,,
532,0.09978732009771754,97.54689754689754,,
533,0.106214258061859,95.81529581529581,,
534,0.1095014467007584,96.24819624819625,,
535,0.1104930370487004,95.67099567099567,,
536,0.11699716987096385,96.1038961038961,,
537,0.10962712625646359,95.95959595959596,,
538,0.10539555531344544,96.3924963924964,,
539,0.09584451514104056,96.24819624819625,,
540,0.08952590588797395,96.1038961038961,,
541,0.12642513098622554,95.23809523809524,,
542,0.1132254030576989,95.38239538239539,,
543,0.10836670575139326,97.11399711399712,,
544,0.11636998986591508,95.81529581529581,,
545,0.10473358714455822,97.25829725829726,,
546,0.10928915241735881,96.68109668109668,,
547,0.08639747480637411,96.82539682539682,,
548,0.12062233562270801,96.53679653679653,,
549,0.10666070696810451,96.1038961038961,,
550,0.11200098805183284,95.81529581529581,0.5766038585018802,84.41558441558442
551,0.09961148976613089,96.96969696969697,,
552,0.09947056342642029,96.1038961038961,,
553,0.10208186966301215,96.24819624819625,,
554,0.08162554446473438,97.25829725829726,,
555,0.1007267739865687,96.3924963924964,,
556,0.1239135902788904,95.38239538239539,,
557,0.11226735476936613,95.0937950937951,,
558,0.09211332925889658,96.1038961038961,,
559,0.10921833192201232,96.24819624819625,,
560,0.10664527702533666,95.67099567099567,,
561,0.11257043077703162,96.3924963924964,,
562,0.09448110109294562,96.96969696969697,,
563,0.09991627871656916,96.68109668109668,,
564,0.09542820406983597,96.3924963924964,,
565,0.09780895857282876,96.53679653679653,,
566,0.08813688537431141,96.24819624819625,,
567,0.09645391088973564,96.3924963924964,,
568,0.11466022821957673,95.81529581529581,,
569,0.10074527267081741,96.1038961038961,,
570,0.09614195028510789,96.82539682539682,,
571,0.08204188662302958,97.54689754689754,,
572,0.09747156801984294,96.24819624819625,,
573,0.09316244336519751,96.96969696969697,,
574,0.10398213899711854,95.95959595959596,,
575,0.09773148680146122,95.95959595959596,0.5859171159855732,83.11688311688312
576,0.10815953469094733,96.68109668109668,,
577,0.10685415920622722,96.53679653679653,,
578,0.08510431575267689,97.11399711399712,,
579,0.10368797917814031,95.67099567099567,,
580,0.09249182062527275,96.96969696969697,,
581,0.10867218715158893,95.67099567099567,,
582,0.10572580845346527,96.24819624819625,,
583,0.09568808579408869,96.68109668109668,,
584,0.0863378494977951,96.82539682539682,,
585,0.09684929490347445,96.3924963924964,,
586,0.09266961092857744,96.53679653679653,,
587,0.0968294491693055,97.11399711399712,,
588,0.10566771390053617,95.67099567099567,,
589,0.1136301610884922,96.1038961038961,,
590,0.09847723037907571,96.3924963924964,,
591,0.1123820183231545,95.81529581529581,,
592,0.1127548303137954,95.81529581529581,,
593,0.08994809081200053,97.11399711399712,,
594,0.07731458293018705,97.25829725829726,,
595,0.10742719819793453,95.95959595959596,,
596,0.10617697557157596,95.95959595959596,,
597,0.1167811986359984,94.94949494949495,,
598,0.10582776246175793,95.81529581529581,,
599,0.1292340632979617,95.81529581529581,,
600,0.08569180982894281,97.40259740259741,0.6145378517640101,83.11688311688312
601,0.09524444444978564,95.81529581529581,,
602,0.09608106521827749,96.68109668109668,,
603,0.0984523402870341,97.25829725829726,,
604,0.09664576783813912,97.54689754689754,,
605,0.08604873015853062,96.68109668109668,,
606,0.10755373384873416,96.3924963924964,,
607,0.10179391068985624,95.95959595959596,,
608,0.10265636947247889,95.81529581529581,,
609,0.08726395749383503,96.82539682539682,,
610,0.09765596068524696,96.1038961038961,,
611,0.08872838412958478,96.68109668109668,,
612,0.07855631144849037,97.25829725829726,,
613,0.07838793276321321,97.54689754689754,,
614,0.0940263056952888,95.95959595959596,,
615,0.1045444594080658,96.1038961038961,,
616,0.09943111049895635,95.95959595959596,,
617,0.08645384020641081,97.83549783549783,,
618,0.07606010124474377,97.69119769119769,,
619,0.0851746140690292,98.12409812409813,,
620,0.1212332442209318,95.38239538239539,,
621,0.08472901287866275,97.54689754689754,,
622,0.08587072613349381,96.3924963924964,,
623,0.0728668828332235,97.54689754689754,,
624,0.08558630071376137,97.40259740259741,,
625,0.08677792307096943,96.96969696969697,0.6234897677000467,83.11688311688312
626,0.09834157080425844,96.68109668109668,,
627,0.09370871392464397,96.96969696969697,,
628,0.08843796284201395,97.11399711399712,,
629,0.10613961687679759,95.81529581529581,,
630,0.09637343716467657,96.3924963924964,,
631,0.0990437391129407,95.81529581529581,,
632,0.12326552235073858,96.3924963924964,,
633,0.08739905635601858,96.53679653679653,,
634,0.09238545665709627,96.82539682539682,,
635,0.08912297896772065,96.82539682539682,,
636,0.08423828848598668,97.25829725829726,,
637,0.09150579195431989,96.53679653679653,,
638,0.07779910091799919,97.54689754689754,,
639,0.0951462820451841,96.53679653679653,,
640,0.08414080405734146,97.69119769119769,,
641,0.094374508902022,97.54689754689754,,
642,0.07953454378567647,98.12409812409813,,
643,0.08232130358616511,96.68109668109668,,
644,0.09253716118321963,96.68109668109668,,
645,0.09261056804467761,97.11399711399712,,
646,0.09404054363654633,96.96969696969697,,
647,0.08223087213729195,96.53679653679653,,
648,0.07347855307054296,97.97979797979798,,
649,0.06962120936041856,97.69119769119769,,
650,0.08927842206892814,96.3924963924964,0.6540920788591559,85.71428571428571
651,0.08842552727434681,96.68109668109668,,
652,0.0896303119059937,97.25829725829726,,
653,0.08126542862897139,97.40259740259741,,
654,0.08706428279930895,96.82539682539682,,
655,0.07194023108456558,97.83549783549783,,
656,0.07119599954476433,97.54689754689754,,
657,0.08781142906967179,97.11399711399712,,
658,0.08711893755464155,96.82539682539682,,
659,0.08508173659078315,97.40259740259741,,
660,0.09121260825345699,96.24819624819625,,
661,0.0958117860521245,96.68109668109668,,
662,0.08327749332824311,97.25829725829726,,
663,0.10273552564487484,95.95959595959596,,
664,0.08756761248310838,96.96969696969697,,
665,0.09340786478048108,97.11399711399712,,
666,0.09964339889876254,96.3924963924964,,
667,0.08645931664117831,96.68109668109668,,
668,0.09748250396564753,95.23809523809524,,
669,0.07979076940695316,97.54689754689754,,
670,0.07502190504239235,97.97979797979798,,
671,0.09352534397640958,96.96969696969697,,
672,0.09190180896637587,96.3924963924964,,
673,0.09305909852541629,96.96969696969697,,
674,0.10022119171433634,96.96969696969697,,
675,0.066837648206631,97.54689754689754,0.7377579088334913,80.51948051948052
676,0.12821826411876155,95.67099567099567,,
677,0.0969697456177953,96.68109668109668,,
678,0.07928804629368097,97.11399711399712,,
679,0.08145662685278346,97.25829725829726,,
680,0.10074155318751006,96.3924963924964,,
681,0.09068464671367776,96.24819624819625,,
682,0.08568846364471991,96.96969696969697,,
683,0.08993699312617284,96.68109668109668,,
684,0.09829219255978067,96.53679653679653,,
685,0.07563699405602735,97.83549783549783,,
686,0.07942866631293022,96.96969696969697,,
687,0.08614403636747109,97.25829725829726,,
688,0.06877722433119109,98.12409812409813,,
689,0.07822422956050647,97.54689754689754,,
690,0.07824019369001341,97.40259740259741,,
691,0.06791919031184473,97.69119769119769,,
692,0.08917147856512112,96.82539682539682,,
693,0.07349164246394693,98.26839826839827,,
694,0.07198112631084944,97.54689754689754,,
695,0.09140752676288459,97.25829725829726,,
696,0.07904421559952919,98.12409812409813,,
697,0.1085704562360418,96.53679653679653,,
698,0.07248604403806025,97.54689754689754,,
699,0.07716237691272733,97.54689754689754,,
700,0.06675021069777476,97.40259740259741,0.7484047753470284,81.81818181818181
701,0.08362444839608274,97.25829725829726,,
702,0.08606683541778717,96.96969696969697,,
703,0.08361555873530596,96.96969696969697,,
704,0.09528323575789795,96.24819624819625,,
705,0.08451553959867139,96.3924963924964,,
706,0.07929285716206308,96.68109668109668,,
707,0.07654774026652263,97.69119769119769,,
708,0.09318860445015702,96.82539682539682,,
709,0.08626973062409639,96.24819624819625,,
710,0.10038815959105415,95.95959595959596,,
711,0.08386631277598129,96.68109668109668,,
712,0.07990167146981364,97.69119769119769,,
713,0.07316538215242595,97.11399711399712,,
714,0.08901148621385317,96.3924963924964,,
715,0.09004618036513677,96.3924963924964,,
716,0.07275672907125297,97.69119769119769,,
717,0.07519161921870743,97.11399711399712,,
718,0.08679668910930426,96.68109668109668,,
719,0.07450270693356771,96.96969696969697,,
720,0.07748698342113096,97.54689754689754,,
721,0.06221259826415287,97.54689754689754,,
722,0.0685073094480116,97.69119769119769,,
723,0.09491242800569122,96.3924963924964,,
724,0.07758954018193148,97.69119769119769,,
725,0.09606887739753783,96.53679653679653,0.7302040384187327,83.11688311688312
726,0.06322767053331647,98.41269841269842,,
727,0.07074742815840296,96.82539682539682,,
728,0.0737332511279318,97.11399711399712,,
729,0.07111008880286333,97.54689754689754,,
730,0.07729466065957949,97.25829725829726,,
731,0.06702334963357745,97.54689754689754,,
732,0.08501045083328759,97.54689754689754,,
733,0.07841548021791388,96.68109668109668,,
734,0.06577109758208625,97.69119769119769,,
735,0.07812443572334397,96.82539682539682,,
736,0.07247207443327959,97.40259740259741,,
737,0.07845529959494084,96.82539682539682,,
738,0.06380225375662914,98.26839826839827,,
739,0.06291546822024287,97.69119769119769,,
740,0.07645193300049344,97.69119769119769,,
741,0.07703352772226238,98.12409812409813,,
742,0.09310148929448699,96.68109668109668,,
743,0.08261759669491739,96.68109668109668,,
744,0.06768157059517602,97.40259740259741,,
745,0.08439320879941335,96.3924963924964,,
746,0.0648771460137154,98.41269841269842,,
747,0.07833582173608254,97.40259740259741,,
748,0.0968530559253813,96.68109668109668,,
749,0.08747893032143471,97.25829725829726,,
750,0.07210103460032531,97.11399711399712,0.7453364749233444,83.11688311688312
751,0.10567990373309384,95.52669552669553,,
752,0.055688820725567585,98.84559884559884,,
753,0.08370641598539778,97.83549783549783,,
754,0.07098995495055403,97.54689754689754,,
755,0.0646273090086157,97.83549783549783,,
756,0.06923421343296637,98.26839826839827,,
757,0.0624033481656731,97.83549783549783,,
758,0.07889313330876535,97.40259740259741,,
759,0.06965236585253975,97.97979797979798,,
760,0.09940034499416103,95.67099567099567,,
761,0.06103557896562469,98.26839826839827,,
762,0.07321971987910343,97.11399711399712,,
763,0.10793968007334039,97.25829725829726,,
764,0.08809171832592629,97.25829725829726,,
765,0.06558758785886339,98.12409812409813,,
766,0.06871245921543069,97.25829725829726,,
767,0.07482801737400877,97.69119769119769,,
768,0.063177649786462,97.97979797979798,,
769,0.06121852276053866,97.83549783549783,,
770,0.06411520458360083,97.83549783549783,,
771,0.06384013763670561,98.41269841269842,,
772,0.062064417567329874,97.83549783549783,,
773,0.08663517877346638,97.11399711399712,,
774,0.06881570559388771,97.97979797979798,,
775,0.06635655666712247,97.25829725829726,0.75896186449311,84.41558441558442
776,0.05682239021358724,98.26839826839827,,
777,0.07402664147489428,97.97979797979798,,
778,0.057769594522539804,97.54689754689754,,
779,0.04785008272653362,98.41269841269842,,
780,0.06285131252861298,98.41269841269842,,
781,0.06298011556418255,97.83549783549783,,
782,0.06139131722512183,98.26839826839827,,
783,0.07838341736195752,97.11399711399712,,
784,0.06747404054817871,97.97979797979798,,
785,0.06734043088826266,97.69119769119769,,
786,0.04777738686871391,99.13419913419914,,
787,0.06871245480122375,97.54689754689754,,
788,0.08498742970037254,96.96969696969697,,
789,0.0909311476379934,97.69119769119769,,
790,0.04920900263655582,98.84559884559884,,
791,0.06376833080960516,97.97979797979798,,
792,0.05374682579366934,98.26839826839827,,
793,0.08276285871616088,97.25829725829726,,
794,0.07974030144383638,97.25829725829726,,
795,0.08979768696554209,96.3924963924964,,
796,0.06483513364920454,97.40259740259741,,
797,0.0739644226364618,97.54689754689754,,
798,0.06425352812802465,97.69119769119769,,
799,0.07409968580862489,97.83549783549783,,
800,0.053773696386506635,98.26839826839827,0.7978474896449548,84.41558441558442
801,0.07895823517575064,97.11399711399712,,
802,0.05238382501089556,98.55699855699855,,
803,0.06871726577308615,98.12409812409813,,
804,0.05954008176385238,98.26839826839827,,
805,0.06643094140149298,98.26839826839827,,
806,0.0828197029611421,96.68109668109668,,
807,0.06605505547654233,97.83549783549783,,
808,0.07608874259274023,97.25829725829726,,
809,0.06758223733129612,97.69119769119769,,
810,0.055570151189188934,98.12409812409813,,
811,0.06325176180828185,98.12409812409813,,
812,0.0680161494510396,97.69119769119769,,
813,0.06544176039714662,97.97979797979798,,
814,0.07207632132686277,97.83549783549783,,
815,0.06050996527527318,97.97979797979798,,
816,0.058344165031216276,98.41269841269842,,
817,0.0638931305194744,97.69119769119769,,
818,0.07096245579561286,97.97979797979798,,
819,0.08943820236288387,97.83549783549783,,
820,0.06544748592643339,98.55699855699855,,
821,0.08109914930201369,97.40259740259741,,
822,0.07670035240110037,97.40259740259741,,
823,0.0657187458692175,97.11399711399712,,
824,0.06953793570592806,97.40259740259741,,
825,0.061667136729709686,98.26839826839827,0.8611444575445992,83.11688311688312
826,0.08397408635765422,97.69119769119769,,
827,0.05943494552375499,97.83549783549783,,
828,0.0694064252202172,97.25829725829726,,
829,0.08277561895086996,97.11399711399712,,
830,0.07693442097000917,97.11399711399712,,
831,0.07562224823352579,97.54689754689754,,
832,0.06605837090964957,98.26839826839827,,
833,0.08532079828575168,96.68109668109668,,
834,0.055393907533149524,98.41269841269842,,
835,0.06150534193328492,97.69119769119769,,
836,0.06671925765847919,98.12409812409813,,
837,0.05278197769478802,98.26839826839827,,
838,0.057181442618735596,97.83549783549783,,
839,0.047023789097069835,98.41269841269842,,
840,0.08288709360475868,97.11399711399712,,
841,0.06327700514405493,97.11399711399712,,
842,0.06033901043214753,98.26839826839827,,
843,0.061163779710987944,98.26839826839827,,
844,0.08852292576866576,97.25829725829726,,
845,0.054800348665463114,97.97979797979798,,
846,0.07486390214128498,97.11399711399712,,
847,0.05376210052407149,98.55699855699855,,
848,0.052269904276229774,98.41269841269842,,
849,0.07057146174352062,97.11399711399712,,
850,0.04112296770252879,98.84559884559884,0.8382959497439397,83.11688311688312
851,0.05027554615321442,98.26839826839827,,
852,0.05890400054015241,97.83549783549783,,
853,0.0645250098465325,97.69119769119769,,
854,0.06553646014105599,97.11399711399712,,
855,0.07689904716688317,96.96969696969697,,
856,0.06856543982393427,97.25829725829726,,
857,0.07062653298415834,98.12409812409813,,
858,0.05835445647544882,97.97979797979798,,
859,0.0560660323922349,98.12409812409813,,
860,0.051427358854158875,98.41269841269842,,
861,0.06461398542185366,97.40259740259741,,
862,0.05644584121384146,97.97979797979798,,
863,0.05020705307329888,98.55699855699855,,
864,0.07150683972129832,97.40259740259741,,
865,0.09211507910515838,97.11399711399712,,
866,0.07458294938690692,97.40259740259741,,
867,0.06077404852693129,97.69119769119769,,
868,0.05754500723396553,97.40259740259741,,
869,0.06809544286920459,97.69119769119769,,
870,0.06228278692365553,98.12409812409813,,
871,0.06404129107191105,97.69119769119769,,
872,0.06271926788505688,98.12409812409813,,
873,0.07037522856947062,97.69119769119769,,
874,0.060605634036131235,97.54689754689754,,
875,0.06672767457830442,97.54689754689754,0.8777604010198023,84.41558441558442
876,0.05265932274286193,98.26839826839827,,
877,0.057716711628563906,98.41269841269842,,
878,0.05462342730224735,97.97979797979798,,
879,0.0455797558736384,98.26839826839827,,
880,0.05313672794826301,97.97979797979798,,
881,0.08010927614625571,97.69119769119769,,
882,0.05556776797638139,98.7012987012987,,
883,0.06184329949910679,98.41269841269842,,
884,0.0660644272156866,98.12409812409813,,
885,0.05520497685806318,97.69119769119769,,
886,0.05755980029664557,98.12409812409813,,
887,0.0490228860581248,98.41269841269842,,
888,0.07018301629664277,97.40259740259741,,
889,0.050149252369440823,98.26839826839827,,
890,0.0587935782753974,98.7012987012987,,
891,0.04939662743612457,98.7012987012987,,
892,0.05484561357797697,97.54689754689754,,
893,0.057227683752173124,97.54689754689754,,
894,0.05580284639058734,97.97979797979798,,
895,0.04133186236824867,98.84559884559884,,
896,0.05796430238978171,97.54689754689754,,
897,0.04445220970294692,97.97979797979798,,
898,0.05850261833094071,97.40259740259741,,
899,0.05103389504883024,98.12409812409813,,
900,0.0439366020186983,98.98989898989899,0.8720940514044329,84.41558441558442
901,0.06423249553729785,98.12409812409813,,
902,0.05147279665972043,98.41269841269842,,
903,0.07498563251029404,97.54689754689754,,
904,0.11428875529340335,97.69119769119769,,
905,0.08317758398826676,96.53679653679653,,
906,0.04010708323675833,98.98989898989899,,
907,0.046058857314218736,98.55699855699855,,
908,0.06418733082246875,98.26839826839827,,
909,0.06026869574239179,97.97979797979798,,
910,0.0510067121135165,98.55699855699855,,
911,0.05175180970570194,98.84559884559884,,
912,0.08294956473980374,97.97979797979798,,
913,0.06530887725216056,97.69119769119769,,
914,0.06077391131475977,98.12409812409813,,
915,0.05868684581896185,97.97979797979798,,
916,0.059742551546914754,98.55699855699855,,
917,0.06975641795857386,96.96969696969697,,
918,0.05233225159375279,97.97979797979798,,
919,0.07092003433926174,97.97979797979798,,
920,0.05568824780494792,98.12409812409813,,
921,0.04974322069858296,97.83549783549783,,
922,0.07496452192314948,97.54689754689754,,
923,0.04790662484133312,98.26839826839827,,
924,0.06380051278480978,97.83549783549783,,
925,0.061938483644314486,97.69119769119769,0.9158838027483457,83.11688311688312
926,0.05134683509839734,98.26839826839827,,
927,0.05432330208936703,98.26839826839827,,
928,0.06568196026237431,97.83549783549783,,
929,0.050736077098259204,98.41269841269842,,
930,0.04330481673774953,98.7012987012987,,
931,0.061768048038386335,97.97979797979798,,
932,0.05472406316790488,98.41269841269842,,
933,0.05924944576913488,97.83549783549783,,
934,0.05641575091925664,98.55699855699855,,
935,0.052886722563708154,97.69119769119769,,
936,0.05940228108246777,98.26839826839827,,
937,0.05660285476009223,98.26839826839827,,
938,0.05738648384121417,98.26839826839827,,
939,0.05784645470189842,98.7012987012987,,
940,0.05332572698495035,97.97979797979798,,
941,0.06731340041838339,98.12409812409813,,
942,0.054885974231822496,98.12409812409813,,
943,0.07737313166649107,97.69119769119769,,
944,0.05465752405650688,98.12409812409813,,
945,0.05065575237204502,98.7012987012987,,
946,0.07422645573610437,97.83549783549783,,
947,0.052395661876229155,98.84559884559884,,
948,0.06097986967360647,98.12409812409813,,
949,0.05112665952391611,98.12409812409813,,
950,0.057446074756709015,98.7012987012987,0.8938510905612599,83.11688311688312
951,0.06042062593852459,97.83549783549783,,
952,0.045860870683520044,98.26839826839827,,
953,0.043496240489453636,98.98989898989899,,
954,0.04113876691066578,98.41269841269842,,
955,0.04263172360489207,98.98989898989899,,
956,0.055047493602698845,97.97979797979798,,
957,0.05636367920522738,98.12409812409813,,
958,0.049861296253415927,98.41269841269842,,
959,0.04977054014791228,98.41269841269842,,
960,0.06891206007391687,97.25829725829726,,
961,0.046973624762583086,98.55699855699855,,
962,0.06720069762826769,97.54689754689754,,
963,0.04944756193271963,98.41269841269842,,
964,0.04009865121149914,98.84559884559884,,
965,0.054113819636135735,98.26839826839827,,
966,0.04661989875653864,98.98989898989899,,
967,0.053592763972854375,98.26839826839827,,
968,0.05091516387851809,98.55699855699855,,
969,0.059498797655965684,98.12409812409813,,
970,0.05344582819964463,98.41269841269842,,
971,0.042744356247866565,99.13419913419914,,
972,0.047268373946139176,98.41269841269842,,
973,0.07453134602196461,97.25829725829726,,
974,0.060485652473205524,98.12409812409813,,
975,0.06574595795170247,97.83549783549783,0.9297184533887095,83.11688311688312
976,0.05013891284503204,98.26839826839827,,
977,0.05370733845027494,97.83549783549783,,
978,0.06293646087883441,98.41269841269842,,
979,0.055633533504102134,98.26839826839827,,
980,0.06553695742632189,97.69119769119769,,
981,0.055939154024807064,97.54689754689754,,
982,0.05239857704456611,98.41269841269842,,
983,0.05267415950437645,98.26839826839827,,
984,0.037394905578436444,99.13419913419914,,
985,0.06070829514806491,98.12409812409813,,
986,0.049836494928981144,98.12409812409813,,
987,0.06060382694242492,98.12409812409813,,
988,0.05330322841975252,98.26839826839827,,
989,0.04757793176540242,97.83549783549783,,
990,0.05334299361712231,97.83549783549783,,
991,0.04389222681389323,98.98989898989899,,
992,0.06342915823470807,96.96969696969697,,
993,0.05998844582141306,98.26839826839827,,
994,0.0721191665289378,97.25829725829726,,
995,0.055566847301525044,97.97979797979798,,
996,0.037112135540903646,99.27849927849928,,
997,0.0380935665289905,99.27849927849928,,
998,0.042799193112375844,98.41269841269842,,
999,0.056730856824650136,97.69119769119769,,
1000,0.05816552190370132,97.83549783549783,0.9501649977324845,84.41558441558442
