epoch,train_loss,train_acc,test_loss,test_acc
1,0.6930440872434586,53.39105339105339,0.6880892507441632,55.84415584415584
2,0.6907583320295656,55.84415584415584,,
3,0.688176540241269,55.55555555555556,,
4,0.6862988057418647,55.41125541125541,,
5,0.6869716720835644,55.699855699855696,,
6,0.6916935025011478,55.41125541125541,,
7,0.687993694951524,55.84415584415584,,
8,0.6863876985437082,56.70995670995671,,
9,0.6865379297716105,56.132756132756136,,
10,0.6900720782954284,56.132756132756136,,
11,0.6851561121094278,54.97835497835498,,
12,0.6861741037079783,55.699855699855696,,
13,0.6895702790044259,55.266955266955264,,
14,0.6862282285958657,55.84415584415584,,
15,0.6856492214216643,55.84415584415584,,
16,0.6865649203545431,55.699855699855696,,
17,0.6852246471297689,55.55555555555556,,
18,0.6857604677714999,55.55555555555556,,
19,0.6852709690557758,55.98845598845599,,
20,0.6839128593345741,55.98845598845599,,
21,0.6840094171389185,55.98845598845599,,
22,0.6800160456185389,55.122655122655125,,
23,0.676995274910507,55.98845598845599,,
24,0.6812280446592004,55.266955266955264,,
25,0.6770805928958271,56.277056277056275,0.6813268235751561,55.84415584415584
26,0.6773841814561323,55.98845598845599,,
27,0.6754642974418651,56.132756132756136,,
28,0.6764545008905695,55.41125541125541,,
29,0.6761697613315665,55.699855699855696,,
30,0.6710503109949836,55.122655122655125,,
31,0.6707211559985107,55.266955266955264,,
32,0.6675817761758361,55.699855699855696,,
33,0.672347454367606,56.277056277056275,,
34,0.6681200794843368,58.874458874458874,,
35,0.6659073841692221,57.43145743145743,,
36,0.663442069403881,59.307359307359306,,
37,0.6657003255461545,56.56565656565657,,
38,0.6577957815680153,59.16305916305916,,
39,0.6587174766163462,57.142857142857146,,
40,0.6555347793546074,60.46176046176046,,
41,0.6541909042202894,59.16305916305916,,
42,0.6517666093198768,60.317460317460316,,
43,0.6520335421417699,60.894660894660895,,
44,0.649407230500363,59.307359307359306,,
45,0.6481662392616272,60.46176046176046,,
46,0.638046099682047,63.924963924963926,,
47,0.6499715352815295,58.874458874458874,,
48,0.6410680908661384,62.04906204906205,,
49,0.6371781709046247,62.19336219336219,,
50,0.6382401668148123,62.62626262626262,0.667480832570559,50.64935064935065
51,0.638191333752862,61.76046176046176,,
52,0.6339116517943565,60.02886002886003,,
53,0.6341461294141166,62.33766233766234,,
54,0.6341335251389816,62.77056277056277,,
55,0.6289777872710345,61.47186147186147,,
56,0.6285870087267172,62.19336219336219,,
57,0.6264202069238495,63.492063492063494,,
58,0.6324250335129137,64.21356421356421,,
59,0.6206299930939942,63.05916305916306,,
60,0.6114726952488116,65.36796536796537,,
61,0.6177512719517663,65.07936507936508,,
62,0.6146417740103486,65.94516594516594,,
63,0.6080332788898143,66.37806637806638,,
64,0.607420351770189,65.07936507936508,,
65,0.601971239539624,67.24386724386724,,
66,0.6035545198260276,67.38816738816739,,
67,0.5923064103374234,69.40836940836941,,
68,0.589412888235172,70.41847041847042,,
69,0.5840723960516601,68.1096681096681,,
70,0.58542294858338,69.6969696969697,,
71,0.5802080583520782,71.13997113997114,,
72,0.5882515960613542,70.99567099567099,,
73,0.560623248676201,73.01587301587301,,
74,0.5625403449906932,73.5930735930736,,
75,0.5708212941927999,71.86147186147186,0.5866891362450339,68.83116883116882
76,0.5518996522884176,73.73737373737374,,
77,0.5601805716021925,72.72727272727273,,
78,0.5666310173952562,72.72727272727273,,
79,0.5473627208545266,73.73737373737374,,
80,0.5458234490942301,73.16017316017316,,
81,0.5437612816110834,73.3044733044733,,
82,0.5390347720568658,74.17027417027417,,
83,0.5465433495213287,73.3044733044733,,
84,0.5495913895263644,74.60317460317461,,
85,0.5412023365067541,74.45887445887446,,
86,0.5405141744778786,75.18037518037518,,
87,0.5263958053413408,76.91197691197691,,
88,0.5371062937494996,73.01587301587301,,
89,0.5307174865129534,74.17027417027417,,
90,0.5291750932496692,73.3044733044733,,
91,0.5214565944189977,75.61327561327562,,
92,0.5202751733351924,76.19047619047619,,
93,0.5087548696031474,76.76767676767676,,
94,0.5114147582267442,75.46897546897547,,
95,0.5091349376744522,78.06637806637806,,
96,0.5193479035323832,76.91197691197691,,
97,0.514520690382645,74.89177489177489,,
98,0.5009332229134669,77.63347763347764,,
99,0.4938687067613285,77.77777777777777,,
100,0.5002452374622763,76.76767676767676,0.5196841707477322,74.02597402597402
101,0.4905231754157106,78.21067821067821,,
102,0.477787135397373,79.65367965367966,,
103,0.47955682516786097,78.64357864357865,,
104,0.49129301055857283,77.92207792207792,,
105,0.47966231511096763,80.8080808080808,,
106,0.4765953094756276,77.92207792207792,,
107,0.4891642475713039,79.65367965367966,,
108,0.47201931648612194,80.08658008658008,,
109,0.47509154475268517,80.95238095238095,,
110,0.4907692920679998,78.93217893217893,,
111,0.4504223648259822,80.66378066378067,,
112,0.4764947574290018,78.06637806637806,,
113,0.45395069600527765,79.94227994227994,,
114,0.46424269177352884,79.79797979797979,,
115,0.458151176679358,79.94227994227994,,
116,0.4508613606896063,78.93217893217893,,
117,0.4658696732307753,79.65367965367966,,
118,0.44463989465439646,80.95238095238095,,
119,0.44085894045547663,80.95238095238095,,
120,0.439387887372255,82.53968253968254,,
121,0.435695006303801,80.95238095238095,,
122,0.42687821061408193,81.0966810966811,,
123,0.43229088423744083,81.0966810966811,,
124,0.4223901585798071,81.52958152958153,,
125,0.43738276912450447,81.24098124098124,0.4709112980923095,72.72727272727273
126,0.43464158193717617,81.52958152958153,,
127,0.42260641736901683,81.24098124098124,,
128,0.43630177408327786,79.94227994227994,,
129,0.41258950752957385,82.1067821067821,,
130,0.4236688662056971,82.53968253968254,,
131,0.4149418050936634,83.40548340548341,,
132,0.40860867741132023,82.82828282828282,,
133,0.4219537400580072,82.53968253968254,,
134,0.39936710100669365,84.27128427128427,,
135,0.41125386549108817,81.0966810966811,,
136,0.3947494016237245,83.40548340548341,,
137,0.3881722150254903,84.12698412698413,,
138,0.39775971550102013,82.68398268398268,,
139,0.4053985934924942,82.25108225108225,,
140,0.40443488452341647,82.68398268398268,,
141,0.41412091973368054,81.0966810966811,,
142,0.4016921127599383,83.11688311688312,,
143,0.41620845445478805,82.3953823953824,,
144,0.40317615258143236,83.54978354978356,,
145,0.39211933949120975,84.55988455988457,,
146,0.3946499080110938,83.69408369408369,,
147,0.36998841334214977,84.12698412698413,,
148,0.36387549983646617,85.85858585858585,,
149,0.40197598710548654,83.83838383838383,,
150,0.38054246686581755,84.27128427128427,0.4197398950527241,80.51948051948052
151,0.392042106063163,83.83838383838383,,
152,0.3991191406743695,83.40548340548341,,
153,0.3791466706887984,83.69408369408369,,
154,0.3765790192423789,85.13708513708514,,
155,0.3601986514283465,84.99278499278499,,
156,0.38024757912148643,84.99278499278499,,
157,0.36498827468953265,85.71428571428571,,
158,0.37646399468484554,86.002886002886,,
159,0.40010971751219954,83.83838383838383,,
160,0.3785340187783537,85.13708513708514,,
161,0.3586800057994683,86.002886002886,,
162,0.39236170212599797,84.7041847041847,,
163,0.35906373998647473,85.42568542568543,,
164,0.35536279375590973,85.13708513708514,,
165,0.35320670066285786,86.14718614718615,,
166,0.36159259988288,84.12698412698413,,
167,0.3392821342226059,87.01298701298701,,
168,0.37372565783377504,84.7041847041847,,
169,0.3669092876226527,85.42568542568543,,
170,0.35078755984402665,85.56998556998558,,
171,0.34946025994002905,85.56998556998558,,
172,0.37006864908539716,84.41558441558442,,
173,0.34148464828170566,86.2914862914863,,
174,0.3359820715448729,88.02308802308802,,
175,0.35163089018019417,84.7041847041847,0.40692422451911037,84.41558441558442
176,0.35002870378212153,86.2914862914863,,
177,0.35894935252346516,84.99278499278499,,
178,0.3518165320717067,86.002886002886,,
179,0.35266713314242176,86.43578643578644,,
180,0.349915097458194,86.43578643578644,,
181,0.3350430970842188,86.43578643578644,,
182,0.3387926748132637,87.15728715728716,,
183,0.3424100884240427,84.7041847041847,,
184,0.3415409259465866,85.56998556998558,,
185,0.3597216819443916,84.99278499278499,,
186,0.33761408355242933,86.2914862914863,,
187,0.3279523064434786,87.01298701298701,,
188,0.33075100454417145,87.5901875901876,,
189,0.3080103762910136,88.45598845598846,,
190,0.33350921064228206,86.002886002886,,
191,0.33232743159732087,86.002886002886,,
192,0.34214032784340875,84.84848484848484,,
193,0.3140235802784971,87.44588744588745,,
194,0.3094843496577908,88.60028860028861,,
195,0.32995889549819596,86.14718614718615,,
196,0.32858727414370614,87.3015873015873,,
197,0.31985102148799155,87.01298701298701,,
198,0.33974160475476306,85.28138528138528,,
199,0.3218806244078137,88.60028860028861,,
200,0.3134640355904897,87.5901875901876,0.39856482597140525,83.11688311688312
201,0.3022776528827384,88.45598845598846,,
202,0.30171709710901434,87.87878787878788,,
203,0.30722935117168343,87.5901875901876,,
204,0.3127682339319419,87.87878787878788,,
205,0.3023422255058481,88.60028860028861,,
206,0.3071237885235966,88.02308802308802,,
207,0.3113848184911376,87.87878787878788,,
208,0.30030884601251046,87.73448773448773,,
209,0.3222744682478526,87.01298701298701,,
210,0.320534381515536,86.86868686868686,,
211,0.3181441259418559,87.3015873015873,,
212,0.2929590985415474,89.6103896103896,,
213,0.3064309267426638,86.14718614718615,,
214,0.3351255804085284,86.72438672438672,,
215,0.30290736049456685,88.31168831168831,,
216,0.31797561673030883,88.60028860028861,,
217,0.3183004644526032,87.5901875901876,,
218,0.3119361578214048,88.45598845598846,,
219,0.29438926771949725,88.45598845598846,,
220,0.2978512121399416,87.5901875901876,,
221,0.3136988329293924,87.73448773448773,,
222,0.30651779543785823,89.46608946608947,,
223,0.30028762288853894,88.45598845598846,,
224,0.3020598731859766,88.88888888888889,,
225,0.2981643045877481,88.02308802308802,0.4132370627545691,83.11688311688312
226,0.30235790096836174,89.32178932178932,,
227,0.3034627910644289,88.16738816738817,,
228,0.29784354623434006,89.75468975468975,,
229,0.30037467512819505,89.03318903318903,,
230,0.2758901396720612,89.17748917748918,,
231,0.31961261611136177,87.01298701298701,,
232,0.29659465161752907,87.73448773448773,,
233,0.28894317531245955,88.74458874458874,,
234,0.30709696454661234,87.5901875901876,,
235,0.27688211938003443,89.46608946608947,,
236,0.28852290826786475,88.60028860028861,,
237,0.28225317141538403,89.03318903318903,,
238,0.2806447890370783,89.03318903318903,,
239,0.27636196841667227,89.03318903318903,,
240,0.28561690402409384,89.75468975468975,,
241,0.28915174539815125,87.87878787878788,,
242,0.2998996626419078,89.03318903318903,,
243,0.2720187560992495,89.46608946608947,,
244,0.2606234521662862,89.32178932178932,,
245,0.3024279009040128,87.3015873015873,,
246,0.26897807765488674,88.88888888888889,,
247,0.24819465222382786,92.06349206349206,,
248,0.27767169987312473,89.17748917748918,,
249,0.2889707341553673,88.74458874458874,,
250,0.265297873969718,90.33189033189034,0.41148739046864696,83.11688311688312
251,0.27612576512203246,89.46608946608947,,
252,0.28591071329419576,88.74458874458874,,
253,0.25678172289336054,90.76479076479076,,
254,0.24907862894978874,90.04329004329004,,
255,0.25662420644904627,90.18759018759019,,
256,0.28760445747970675,88.45598845598846,,
257,0.27460046385617826,89.75468975468975,,
258,0.26922704835259725,90.04329004329004,,
259,0.2605595631473852,89.75468975468975,,
260,0.26436652806500166,88.60028860028861,,
261,0.270370510878501,88.31168831168831,,
262,0.25264346467339116,91.1976911976912,,
263,0.28143350526281935,88.74458874458874,,
264,0.24787097859692264,91.77489177489177,,
265,0.2744051804295694,89.8989898989899,,
266,0.2788346316477265,89.8989898989899,,
267,0.26912580401479425,91.1976911976912,,
268,0.24904403568905326,91.1976911976912,,
269,0.2560004046210995,90.33189033189034,,
270,0.2573582140398232,90.62049062049061,,
271,0.2553388127172836,90.18759018759019,,
272,0.277614083469,88.02308802308802,,
273,0.26879719286770015,89.8989898989899,,
274,0.237218753202223,91.1976911976912,,
275,0.2644100185983625,89.46608946608947,0.4460846104405143,83.11688311688312
276,0.24951271370891884,91.34199134199135,,
277,0.24202949088201206,90.9090909090909,,
278,0.2509696280199384,90.33189033189034,,
279,0.22628115859382597,91.91919191919192,,
280,0.24229975519930302,90.62049062049061,,
281,0.2645723118324472,89.17748917748918,,
282,0.2525977814653391,89.75468975468975,,
283,0.22673576057473302,91.48629148629149,,
284,0.25005173223015204,90.9090909090909,,
285,0.2663674492598612,90.47619047619048,,
286,0.2494010002840133,91.05339105339105,,
287,0.23459453272269057,91.63059163059162,,
288,0.227757935507645,92.78499278499278,,
289,0.23957527823434419,91.1976911976912,,
290,0.242443346798764,90.33189033189034,,
291,0.24825619603003257,89.8989898989899,,
292,0.2642782868933024,89.75468975468975,,
293,0.2295465668042501,91.05339105339105,,
294,0.2694331540861859,90.47619047619048,,
295,0.23671545474259195,91.1976911976912,,
296,0.21433279614943962,93.21789321789322,,
297,0.2634612849307439,89.8989898989899,,
298,0.22992401902293746,91.34199134199135,,
299,0.23154159488013984,90.47619047619048,,
300,0.23298209336885986,90.62049062049061,0.42661615509491463,83.11688311688312
301,0.24973962770998048,90.62049062049061,,
302,0.2391291471012743,90.62049062049061,,
303,0.2137418305030977,92.20779220779221,,
304,0.2228787395603213,91.1976911976912,,
305,0.24369648849379277,90.04329004329004,,
306,0.2494293548500039,91.05339105339105,,
307,0.23434306629550405,91.34199134199135,,
308,0.23340614993678888,90.18759018759019,,
309,0.2340938447293265,91.77489177489177,,
310,0.22036405765649045,92.20779220779221,,
311,0.21965366713756435,92.35209235209236,,
312,0.24171855463008,90.9090909090909,,
313,0.22675135142531402,91.63059163059162,,
314,0.2176379941586636,91.77489177489177,,
315,0.23802961617665203,90.47619047619048,,
316,0.2472446159839974,89.75468975468975,,
317,0.22850032660352204,92.64069264069263,,
318,0.2515314257559924,91.1976911976912,,
319,0.2524927370519005,90.62049062049061,,
320,0.23789462271921907,90.62049062049061,,
321,0.21265753950993563,92.35209235209236,,
322,0.22757562371387455,90.76479076479076,,
323,0.23927374319596725,92.06349206349206,,
324,0.2506417456213358,90.76479076479076,,
325,0.23056699406533016,91.34199134199135,0.4423405744812705,84.41558441558442
326,0.2383581806097884,90.62049062049061,,
327,0.25981962257219426,90.47619047619048,,
328,0.21946852563908606,92.4963924963925,,
329,0.20624110480826913,91.48629148629149,,
330,0.21190723830573316,91.63059163059162,,
331,0.24658249608882063,90.9090909090909,,
332,0.23455862012862472,91.77489177489177,,
333,0.20737438462943397,93.21789321789322,,
334,0.2306463626115267,92.78499278499278,,
335,0.23252684897158568,91.05339105339105,,
336,0.22943381670577528,93.07359307359307,,
337,0.22338754781031334,91.1976911976912,,
338,0.22255754914849696,92.06349206349206,,
339,0.20253462493849694,92.4963924963925,,
340,0.2429906783509908,90.9090909090909,,
341,0.22450967655553447,91.48629148629149,,
342,0.2236221336355113,90.9090909090909,,
343,0.23107518214856046,91.48629148629149,,
344,0.1906112281250812,93.07359307359307,,
345,0.21263303960341567,92.35209235209236,,
346,0.21441713920532368,92.78499278499278,,
347,0.2296501983596821,91.34199134199135,,
348,0.2288514245812167,90.76479076479076,,
349,0.20190493590473957,93.21789321789322,,
350,0.22687278096638028,91.1976911976912,0.45816182393532295,84.41558441558442
351,0.20539067255556154,93.36219336219337,,
352,0.20972023764557995,92.06349206349206,,
353,0.2271218305026298,91.77489177489177,,
354,0.21294937664468222,92.35209235209236,,
355,0.23056465580865934,90.47619047619048,,
356,0.21760923676676563,92.20779220779221,,
357,0.2262340189961644,89.8989898989899,,
358,0.20925564436083405,92.20779220779221,,
359,0.2270391531406887,92.4963924963925,,
360,0.20752023196742905,92.64069264069263,,
361,0.20805788672331607,93.07359307359307,,
362,0.18573222923244403,94.08369408369408,,
363,0.20132834020824658,92.35209235209236,,
364,0.18219676403084187,93.93939393939394,,
365,0.19614928328629697,92.78499278499278,,
366,0.1880359858231455,93.21789321789322,,
367,0.2081331310452407,91.77489177489177,,
368,0.23731543158125912,90.9090909090909,,
369,0.1983907584418122,93.36219336219337,,
370,0.20000767780932857,93.50649350649351,,
371,0.1878248986991023,93.21789321789322,,
372,0.21987242134446533,92.92929292929293,,
373,0.21640432027167228,91.1976911976912,,
374,0.20012761710526109,92.35209235209236,,
375,0.20671618827665694,92.35209235209236,0.46483339543466445,84.41558441558442
376,0.21324084612875532,92.4963924963925,,
377,0.18375426545889692,93.65079365079364,,
378,0.2012198156640901,92.4963924963925,,
379,0.1644430568315422,94.22799422799423,,
380,0.18882109446270987,91.91919191919192,,
381,0.22572827081143598,92.06349206349206,,
382,0.18677042723562123,93.21789321789322,,
383,0.18190806700940773,94.22799422799423,,
384,0.1744284216975753,93.50649350649351,,
385,0.194691620519839,92.35209235209236,,
386,0.1922092351842064,93.36219336219337,,
387,0.19519197862342666,93.21789321789322,,
388,0.19446834698211923,93.07359307359307,,
389,0.1989224584770495,92.06349206349206,,
390,0.20229078887344956,92.4963924963925,,
391,0.19776579859958152,92.78499278499278,,
392,0.17301695029456893,93.65079365079364,,
393,0.1892250915518915,93.50649350649351,,
394,0.20401787584779238,92.4963924963925,,
395,0.17742142803741223,94.22799422799423,,
396,0.20395393688957414,92.92929292929293,,
397,0.19279990917740963,91.77489177489177,,
398,0.18170832456620398,93.36219336219337,,
399,0.21716557299075875,91.05339105339105,,
400,0.1877047335258638,92.64069264069263,0.47665362969621433,83.11688311688312
401,0.19570822474072333,93.07359307359307,,
402,0.1968203625456305,92.4963924963925,,
403,0.18866185419272208,92.20779220779221,,
404,0.20478622656191928,92.4963924963925,,
405,0.19072087511183725,92.4963924963925,,
406,0.19041558502384423,93.21789321789322,,
407,0.18304129735086905,94.22799422799423,,
408,0.16408972896388255,94.51659451659452,,
409,0.19762493878022416,93.50649350649351,,
410,0.20464002951700105,91.63059163059162,,
411,0.2002316014935272,92.92929292929293,,
412,0.17856340817730837,93.93939393939394,,
413,0.23478557136108694,91.63059163059162,,
414,0.16622810365704746,94.51659451659452,,
415,0.19472905607493582,92.06349206349206,,
416,0.19990846510401364,92.78499278499278,,
417,0.1742611283605749,94.51659451659452,,
418,0.18109077114133434,92.78499278499278,,
419,0.1646898299412638,94.51659451659452,,
420,0.2059772356626985,91.63059163059162,,
421,0.18639438897156269,92.64069264069263,,
422,0.17674136651521294,94.08369408369408,,
423,0.16989240787848078,93.50649350649351,,
424,0.1812036633491516,94.22799422799423,,
425,0.1577325454263976,94.51659451659452,0.4570651197588289,84.41558441558442
426,0.19568560172469068,93.07359307359307,,
427,0.18541703836570397,92.78499278499278,,
428,0.16953436834643584,93.50649350649351,,
429,0.1731468624452836,93.07359307359307,,
430,0.1785553101326566,93.79509379509379,,
431,0.18478943811780618,93.21789321789322,,
432,0.17864015182375392,93.36219336219337,,
433,0.1727008383081417,93.79509379509379,,
434,0.1869546783090842,92.4963924963925,,
435,0.17334276306594776,93.65079365079364,,
436,0.16821789939338166,93.79509379509379,,
437,0.17895720821696443,93.65079365079364,,
438,0.15696097400797393,94.08369408369408,,
439,0.145693468604597,94.8051948051948,,
440,0.15110319302367614,94.8051948051948,,
441,0.17310680116259347,94.8051948051948,,
442,0.16754565980355288,94.51659451659452,,
443,0.17456161336970621,93.79509379509379,,
444,0.1695993889934917,93.50649350649351,,
445,0.17205496365137257,93.50649350649351,,
446,0.1780824786613858,93.50649350649351,,
447,0.17959282745057542,92.4963924963925,,
448,0.18418784919067208,92.4963924963925,,
449,0.1757874648002061,94.51659451659452,,
450,0.1644246896667054,94.08369408369408,0.4428090468629614,85.71428571428571
451,0.17843902419612864,93.79509379509379,,
452,0.142553105326786,95.81529581529581,,
453,0.16250992995319943,93.36219336219337,,
454,0.1641603847172697,93.93939393939394,,
455,0.17568059173153247,93.93939393939394,,
456,0.1706577702002092,93.93939393939394,,
457,0.15289614535599388,94.22799422799423,,
458,0.1683420632652734,93.21789321789322,,
459,0.18514855793028168,92.35209235209236,,
460,0.15993865214363492,94.8051948051948,,
461,0.17765942529854492,93.36219336219337,,
462,0.15404183077820796,94.51659451659452,,
463,0.16994078240181287,94.22799422799423,,
464,0.1739798075536973,93.65079365079364,,
465,0.17265838920037985,93.79509379509379,,
466,0.1639977071600903,93.07359307359307,,
467,0.197540538726861,92.92929292929293,,
468,0.16950711139180788,93.65079365079364,,
469,0.16164381696720315,92.64069264069263,,
470,0.1435851902360954,95.38239538239539,,
471,0.16648321427824178,93.21789321789322,,
472,0.15861879557930203,94.08369408369408,,
473,0.16435394547933452,94.37229437229438,,
474,0.16821579921125163,94.22799422799423,,
475,0.17279258298366446,93.93939393939394,0.48961161135079023,83.11688311688312
476,0.15563716174843809,94.94949494949495,,
477,0.16989888504556075,93.65079365079364,,
478,0.18122813305555485,93.79509379509379,,
479,0.15697376356926487,94.37229437229438,,
480,0.17848912408255568,94.08369408369408,,
481,0.18001002460331111,93.21789321789322,,
482,0.16936094206347954,93.65079365079364,,
483,0.15388455548327723,94.51659451659452,,
484,0.1546346324443559,93.93939393939394,,
485,0.1714777351285816,94.08369408369408,,
486,0.1639171311521599,94.8051948051948,,
487,0.15876560083027355,94.66089466089466,,
488,0.14748828996827593,94.66089466089466,,
489,0.17603307657083564,93.36219336219337,,
490,0.17867864907045902,93.07359307359307,,
491,0.1753246367171213,93.21789321789322,,
492,0.16587645706719306,94.08369408369408,,
493,0.14297281489485786,95.0937950937951,,
494,0.15541861947050686,94.94949494949495,,
495,0.16315804771315656,93.93939393939394,,
496,0.15023530579963632,94.94949494949495,,
497,0.15536389965429623,94.51659451659452,,
498,0.1549031791770441,94.66089466089466,,
499,0.17423055083376676,92.4963924963925,,
500,0.15052177973123856,94.51659451659452,0.41918329294625817,88.31168831168831
501,0.1532121393157634,94.22799422799423,,
502,0.16763795502645112,94.66089466089466,,
503,0.16715601559669252,94.22799422799423,,
504,0.16510195114137807,93.65079365079364,,
505,0.16263484440926693,94.08369408369408,,
506,0.15126220789478625,94.22799422799423,,
507,0.14885672516744547,94.66089466089466,,
508,0.13293074481027983,95.0937950937951,,
509,0.17094856595236158,94.22799422799423,,
510,0.15019952641829612,95.23809523809524,,
511,0.16118910200195052,94.8051948051948,,
512,0.13860328392290966,94.08369408369408,,
513,0.17780950848781873,93.21789321789322,,
514,0.18677677489376343,93.07359307359307,,
515,0.14688633968260725,95.38239538239539,,
516,0.16569261733727453,93.21789321789322,,
517,0.15954300926791298,94.37229437229438,,
518,0.14697049540960772,95.23809523809524,,
519,0.14794417039570526,95.52669552669553,,
520,0.15974529306867938,95.38239538239539,,
521,0.13566972060776805,95.52669552669553,,
522,0.14917467751716296,95.38239538239539,,
523,0.163180871228291,94.08369408369408,,
524,0.12223060869895362,95.95959595959596,,
525,0.1419612717523117,94.94949494949495,0.4569783264940435,84.41558441558442
526,0.14303987839865306,94.8051948051948,,
527,0.13111163757494174,96.3924963924964,,
528,0.13163354672480798,95.67099567099567,,
529,0.15460453362003893,94.08369408369408,,
530,0.15700321166116266,93.50649350649351,,
531,0.16591753164497117,94.08369408369408,,
532,0.14902045569163552,94.66089466089466,,
533,0.13125552962202186,95.38239538239539,,
534,0.1288098469537832,96.24819624819625,,
535,0.15085472360059812,94.37229437229438,,
536,0.15258786712287997,94.22799422799423,,
537,0.1374626855915587,94.37229437229438,,
538,0.1403249596362506,93.93939393939394,,
539,0.1493118784053071,93.36219336219337,,
540,0.13337879278529086,95.38239538239539,,
541,0.1309499411949885,95.52669552669553,,
542,0.1163357368214822,96.1038961038961,,
543,0.1489758292403916,94.37229437229438,,
544,0.12852755649362033,95.52669552669553,,
545,0.15799496974392888,93.65079365079364,,
546,0.17226059380031766,93.50649350649351,,
547,0.14299614837159327,95.23809523809524,,
548,0.153036278864694,94.51659451659452,,
549,0.14198830388325118,94.94949494949495,,
550,0.15337696886509872,94.51659451659452,0.4366832383267291,87.01298701298701
551,0.15065681216176627,95.0937950937951,,
552,0.13521772239244345,94.51659451659452,,
553,0.14385814510533132,94.08369408369408,,
554,0.14654593429868185,95.38239538239539,,
555,0.13931446594507318,94.8051948051948,,
556,0.1220611637783429,95.95959595959596,,
557,0.13786493560022434,95.95959595959596,,
558,0.12802936824664882,95.52669552669553,,
559,0.15455194430433827,94.37229437229438,,
560,0.14757302252933233,94.51659451659452,,
561,0.14398794972793363,94.37229437229438,,
562,0.1405771929034251,95.67099567099567,,
563,0.14167751357883945,94.94949494949495,,
564,0.12742358579436078,95.52669552669553,,
565,0.13436979216672643,95.38239538239539,,
566,0.13414079737600912,95.81529581529581,,
567,0.13857676611318218,94.51659451659452,,
568,0.14684347499801656,94.08369408369408,,
569,0.14805039455025615,94.51659451659452,,
570,0.1415361738824225,94.37229437229438,,
571,0.12545814447932774,95.38239538239539,,
572,0.12251586694146734,95.95959595959596,,
573,0.12289159328906567,95.38239538239539,,
574,0.13398052680522504,95.67099567099567,,
575,0.14553090813872102,94.37229437229438,0.5421976005876219,83.11688311688312
576,0.15671926220774135,94.51659451659452,,
577,0.1203144256880273,94.94949494949495,,
578,0.10888671894352157,96.24819624819625,,
579,0.12342348758233403,95.52669552669553,,
580,0.12259441040843339,95.95959595959596,,
581,0.1316636661215434,94.94949494949495,,
582,0.1203207385230374,96.24819624819625,,
583,0.16074533875585462,93.36219336219337,,
584,0.14158762771028804,95.0937950937951,,
585,0.1363855439949173,95.23809523809524,,
586,0.12321999721755886,95.38239538239539,,
587,0.14931535950632063,94.37229437229438,,
588,0.16360280283190537,93.21789321789322,,
589,0.1251001666699137,94.66089466089466,,
590,0.12531867741592348,95.67099567099567,,
591,0.13243051202266248,94.94949494949495,,
592,0.12954753762027746,95.81529581529581,,
593,0.09847805901695296,97.40259740259741,,
594,0.146908537262962,94.94949494949495,,
595,0.14740978368433008,94.51659451659452,,
596,0.13053340702969446,95.67099567099567,,
597,0.14253649709028599,94.94949494949495,,
598,0.1448854302280565,95.67099567099567,,
599,0.146857502489938,94.37229437229438,,
600,0.16399126991221055,94.8051948051948,0.4679380322431589,83.11688311688312
601,0.13852807597766534,95.52669552669553,,
602,0.13696161340411436,95.23809523809524,,
603,0.14607712025465217,93.65079365079364,,
604,0.11240902459208583,96.3924963924964,,
605,0.13291287483596398,93.93939393939394,,
606,0.11956301062202557,95.67099567099567,,
607,0.12477148335539934,96.1038961038961,,
608,0.13312942213761858,95.67099567099567,,
609,0.12981823983254157,95.23809523809524,,
610,0.16633670236297157,94.08369408369408,,
611,0.1327942018471067,94.66089466089466,,
612,0.11340143021954087,96.68109668109668,,
613,0.13313437280114768,94.8051948051948,,
614,0.12314755384626154,96.24819624819625,,
615,0.14399305857922265,95.0937950937951,,
616,0.11167024594192725,96.53679653679653,,
617,0.14196661334017138,94.22799422799423,,
618,0.10532457040673898,96.96969696969697,,
619,0.13389856479040643,94.8051948051948,,
620,0.11458394974255115,96.1038961038961,,
621,0.10512882775343514,96.82539682539682,,
622,0.13170978810751077,94.51659451659452,,
623,0.11239825811608013,96.24819624819625,,
624,0.10465020556298513,96.53679653679653,,
625,0.1208813658782414,95.81529581529581,0.47940583236805806,84.41558441558442
626,0.12206752826211084,95.23809523809524,,
627,0.12103273587846997,95.95959595959596,,
628,0.1333727574145252,95.38239538239539,,
629,0.13627117863099641,95.0937950937951,,
630,0.1482826347259904,95.23809523809524,,
631,0.14046920312926023,94.37229437229438,,
632,0.12217320190019594,95.38239538239539,,
633,0.1167127557561167,95.95959595959596,,
634,0.12175845338131099,95.67099567099567,,
635,0.1356683016081393,95.95959595959596,,
636,0.10870437401455718,96.3924963924964,,
637,0.12401316806265458,96.53679653679653,,
638,0.12358152396267369,95.0937950937951,,
639,0.13327337807907172,94.37229437229438,,
640,0.15047393471518636,95.0937950937951,,
641,0.11694317638960064,96.1038961038961,,
642,0.1328407617401423,95.23809523809524,,
643,0.10814290937751231,96.53679653679653,,
644,0.11943731804258724,96.24819624819625,,
645,0.11242852111119901,96.24819624819625,,
646,0.1406758561472356,94.94949494949495,,
647,0.13121212179763148,95.0937950937951,,
648,0.10677375255252032,96.68109668109668,,
649,0.11029932002871584,95.95959595959596,,
650,0.14143620616343802,95.0937950937951,0.45813803239302203,83.11688311688312
651,0.11873078519749908,94.94949494949495,,
652,0.10689590773498168,96.82539682539682,,
653,0.1008729785035699,95.95959595959596,,
654,0.11786271193068781,95.0937950937951,,
655,0.13030500412202328,94.94949494949495,,
656,0.13573545679815577,94.94949494949495,,
657,0.137162675804218,95.0937950937951,,
658,0.11764076562574158,95.95959595959596,,
659,0.1143548847491951,95.95959595959596,,
660,0.11919571261471312,95.38239538239539,,
661,0.10716208015685473,95.81529581529581,,
662,0.11057757077440297,95.95959595959596,,
663,0.13190381254726674,95.67099567099567,,
664,0.12197322749988342,95.0937950937951,,
665,0.11873928838695734,95.81529581529581,,
666,0.11364471948938108,95.0937950937951,,
667,0.13450234857472507,95.23809523809524,,
668,0.11802344942333723,95.52669552669553,,
669,0.10653362597082171,96.1038961038961,,
670,0.1204181940309585,95.95959595959596,,
671,0.12218862791340072,94.8051948051948,,
672,0.12011735670236282,96.1038961038961,,
673,0.11256030088486782,96.24819624819625,,
674,0.12291179758645755,95.52669552669553,,
675,0.09858828313207901,96.68109668109668,0.4800184129120468,84.41558441558442
676,0.10225514446158086,95.81529581529581,,
677,0.12493885019296863,94.94949494949495,,
678,0.13444272727634313,94.94949494949495,,
679,0.11944227395807681,96.82539682539682,,
680,0.1091829634192272,96.53679653679653,,
681,0.12280448306953967,95.23809523809524,,
682,0.12876045112572018,95.23809523809524,,
683,0.12943941457963093,94.8051948051948,,
684,0.12652353927342577,94.94949494949495,,
685,0.10007567594061682,95.52669552669553,,
686,0.13782800285718141,94.22799422799423,,
687,0.13700115490398365,95.0937950937951,,
688,0.10481508412434683,96.68109668109668,,
689,0.0902104155196772,97.40259740259741,,
690,0.11845160399000516,95.67099567099567,,
691,0.12074766496215204,95.81529581529581,,
692,0.1134056957064984,95.81529581529581,,
693,0.11378536606946635,95.95959595959596,,
694,0.14162794629603753,94.66089466089466,,
695,0.13228079299261045,95.0937950937951,,
696,0.10640000157101244,96.82539682539682,,
697,0.10752866446063417,95.81529581529581,,
698,0.10736464041394073,96.3924963924964,,
699,0.10922800174351206,95.67099567099567,,
700,0.10678405772147413,96.68109668109668,0.44508436360916537,85.71428571428571
701,0.1176774517913896,95.52669552669553,,
702,0.10227557801081118,95.95959595959596,,
703,0.1326698451632201,95.67099567099567,,
704,0.11681617010239657,96.53679653679653,,
705,0.1007890859874124,96.3924963924964,,
706,0.09726600687612187,96.53679653679653,,
707,0.092527569152017,96.53679653679653,,
708,0.10623741536945491,96.3924963924964,,
709,0.09849045738513336,96.24819624819625,,
710,0.10314171794300676,96.53679653679653,,
711,0.13544871507569997,95.81529581529581,,
712,0.10214572977194022,95.81529581529581,,
713,0.13190057368419558,95.38239538239539,,
714,0.09962825652905356,96.24819624819625,,
715,0.09220734608465803,97.40259740259741,,
716,0.11561529862480763,95.81529581529581,,
717,0.11276388117501951,95.67099567099567,,
718,0.10602799293277368,96.24819624819625,,
719,0.08951406327343692,96.24819624819625,,
720,0.09407226701400109,96.53679653679653,,
721,0.15875975819960408,94.51659451659452,,
722,0.10656286816920381,96.96969696969697,,
723,0.11015394878067065,96.1038961038961,,
724,0.09431975977770812,97.54689754689754,,
725,0.0861881079601089,97.40259740259741,0.4870564705365664,85.71428571428571
726,0.10297318636123924,96.68109668109668,,
727,0.10497098976496236,96.82539682539682,,
728,0.10497081087308184,95.95959595959596,,
729,0.09661419437808477,96.68109668109668,,
730,0.1231942471186664,95.52669552669553,,
731,0.11737263563907507,95.52669552669553,,
732,0.12401567652961307,95.52669552669553,,
733,0.092438714253524,96.82539682539682,,
734,0.10225128803891365,96.53679653679653,,
735,0.11378563559932627,95.0937950937951,,
736,0.09860886353864987,96.3924963924964,,
737,0.12253257305419119,95.52669552669553,,
738,0.10920992702202707,96.3924963924964,,
739,0.09954400720749411,96.24819624819625,,
740,0.10818490170850856,95.95959595959596,,
741,0.09299325688324149,97.11399711399712,,
742,0.101719155316315,97.11399711399712,,
743,0.08725052267920447,96.82539682539682,,
744,0.09567623103808875,96.24819624819625,,
745,0.08818335304356585,96.96969696969697,,
746,0.10725648931266597,96.53679653679653,,
747,0.1040396500502486,96.68109668109668,,
748,0.09783286397569796,96.24819624819625,,
749,0.11399107135047472,95.67099567099567,,
750,0.12110074448787633,95.52669552669553,0.5704353405283643,84.41558441558442
751,0.10117180657023389,96.3924963924964,,
752,0.1155315987378746,96.1038961038961,,
753,0.1015638651818166,95.52669552669553,,
754,0.13636397305892142,95.38239538239539,,
755,0.10550422048865458,96.1038961038961,,
756,0.10110259727503658,95.67099567099567,,
757,0.10367295233073173,96.24819624819625,,
758,0.12274836079038755,96.24819624819625,,
759,0.09810268878936768,96.96969696969697,,
760,0.1025806281616183,96.53679653679653,,
761,0.09847568895823684,96.3924963924964,,
762,0.08746604278447136,97.11399711399712,,
763,0.10198651882047088,96.3924963924964,,
764,0.10252641522007071,96.68109668109668,,
765,0.10626414803113428,96.96969696969697,,
766,0.08150683880399262,97.69119769119769,,
767,0.08814856661067036,96.96969696969697,,
768,0.11610712162064439,95.38239538239539,,
769,0.08905958309554607,97.25829725829726,,
770,0.11867695346926198,95.52669552669553,,
771,0.0889666084452797,97.11399711399712,,
772,0.09383829877393328,96.82539682539682,,
773,0.10271578916438558,96.1038961038961,,
774,0.15342292565890034,95.38239538239539,,
775,0.10600054798403172,95.67099567099567,0.5627071598133484,85.71428571428571
776,0.1252583276700836,95.95959595959596,,
777,0.10993357825201827,95.95959595959596,,
778,0.09559182654985618,96.3924963924964,,
779,0.10338535401728247,96.3924963924964,,
780,0.11100436637143123,96.3924963924964,,
781,0.10398600212853364,96.68109668109668,,
782,0.10259766565987902,96.1038961038961,,
783,0.10335029207954848,96.53679653679653,,
784,0.10040301717764027,96.3924963924964,,
785,0.09272927796255803,96.82539682539682,,
786,0.09934047340787679,96.96969696969697,,
787,0.0822855955766565,97.11399711399712,,
788,0.09386782717997205,96.82539682539682,,
789,0.10050900172392474,96.53679653679653,,
790,0.10757109786761443,96.53679653679653,,
791,0.09258861262431908,97.25829725829726,,
792,0.09652536861517186,96.82539682539682,,
793,0.09487059302789308,96.53679653679653,,
794,0.10216716836068193,96.3924963924964,,
795,0.09674463570010439,96.53679653679653,,
796,0.09509630102669608,96.53679653679653,,
797,0.07574105937394057,97.69119769119769,,
798,0.12059477754851096,95.81529581529581,,
799,0.08231760139481674,97.25829725829726,,
800,0.09598354693142022,97.25829725829726,0.6312785102175428,83.11688311688312
801,0.09296028999797193,96.68109668109668,,
802,0.11968117700768756,96.82539682539682,,
803,0.10590569731815681,95.81529581529581,,
804,0.09636493716362063,96.3924963924964,,
805,0.1036904367092798,96.82539682539682,,
806,0.12199409856510712,95.52669552669553,,
807,0.08903810760331532,97.11399711399712,,
808,0.08365218412308466,97.25829725829726,,
809,0.08704802303603201,96.24819624819625,,
810,0.0962617038648366,96.82539682539682,,
811,0.09941084564476668,97.11399711399712,,
812,0.1032269275700203,95.52669552669553,,
813,0.0860851039790144,97.40259740259741,,
814,0.09951184424578413,96.24819624819625,,
815,0.08071556536838262,97.25829725829726,,
816,0.09087919933025283,97.69119769119769,,
817,0.09928530247137488,96.24819624819625,,
818,0.11343581060923282,96.53679653679653,,
819,0.11792081591241803,95.23809523809524,,
820,0.09730258464684217,96.82539682539682,,
821,0.08422145356046518,96.96969696969697,,
822,0.08910553066750712,96.3924963924964,,
823,0.08553327880208454,97.25829725829726,,
824,0.10125096493318655,96.53679653679653,,
825,0.09357495843547076,96.24819624819625,0.5813208919066888,83.11688311688312
826,0.09358781650339887,96.3924963924964,,
827,0.10710324566343646,95.23809523809524,,
828,0.11987475553677991,96.1038961038961,,
829,0.0885724098049373,96.96969696969697,,
830,0.0770201873663184,97.69119769119769,,
831,0.09113142444533101,97.11399711399712,,
832,0.08595331268274853,96.82539682539682,,
833,0.0864660002353022,96.96969696969697,,
834,0.10461862264859556,96.53679653679653,,
835,0.10126889742236224,96.68109668109668,,
836,0.08731966688261404,96.82539682539682,,
837,0.09186265830482755,97.11399711399712,,
838,0.09735355220874839,96.3924963924964,,
839,0.09063407595969554,96.82539682539682,,
840,0.10629049171176222,95.81529581529581,,
841,0.08777966396815935,96.82539682539682,,
842,0.10337495725886818,96.3924963924964,,
843,0.08148145684260139,98.41269841269842,,
844,0.09079584200338368,96.96969696969697,,
845,0.07906721113048075,97.40259740259741,,
846,0.09256435008813636,95.52669552669553,,
847,0.08227817123973524,97.11399711399712,,
848,0.1173488927244452,96.82539682539682,,
849,0.10140854964492382,96.24819624819625,,
850,0.08890459214540099,97.11399711399712,0.5177412009858465,84.41558441558442
851,0.09490893886546896,96.1038961038961,,
852,0.1084353088375724,95.81529581529581,,
853,0.10926987795350054,95.52669552669553,,
854,0.080170279371446,97.40259740259741,,
855,0.08580570875480234,96.82539682539682,,
856,0.10501217163701422,96.24819624819625,,
857,0.08516000465235928,97.40259740259741,,
858,0.08980545499610673,96.68109668109668,,
859,0.08717330864497594,96.24819624819625,,
860,0.08663754190975453,96.1038961038961,,
861,0.08805283323510901,96.82539682539682,,
862,0.097963711959115,96.53679653679653,,
863,0.115310393413596,96.1038961038961,,
864,0.08295409131289862,96.53679653679653,,
865,0.07121461451397658,97.69119769119769,,
866,0.094830730497235,96.96969696969697,,
867,0.06894682152102692,97.83549783549783,,
868,0.1094396784417815,95.81529581529581,,
869,0.09635472050323696,96.24819624819625,,
870,0.07005898047286968,98.55699855699855,,
871,0.09579670713598938,97.40259740259741,,
872,0.1022533362174963,96.3924963924964,,
873,0.08589171508023405,97.25829725829726,,
874,0.08798396755628084,96.96969696969697,,
875,0.08170775734802001,97.25829725829726,0.5060940671276737,84.41558441558442
876,0.08916953916178981,96.53679653679653,,
877,0.08164758549856686,96.82539682539682,,
878,0.10013084062798457,96.53679653679653,,
879,0.08515967375465802,97.11399711399712,,
880,0.09960618410340119,96.96969696969697,,
881,0.0989016815267428,96.53679653679653,,
882,0.09473061137113714,97.83549783549783,,
883,0.08539893929571085,97.54689754689754,,
884,0.08369165215867036,96.96969696969697,,
885,0.07150172830316068,97.97979797979798,,
886,0.06726758061635374,97.54689754689754,,
887,0.10230217948233411,97.54689754689754,,
888,0.08708191335115253,97.40259740259741,,
889,0.0717878287703788,98.12409812409813,,
890,0.07638324245616987,97.11399711399712,,
891,0.09555895525483686,95.95959595959596,,
892,0.08365471421876683,96.68109668109668,,
893,0.08683616540046653,96.82539682539682,,
894,0.07344767607716254,97.97979797979798,,
895,0.06569007688980082,97.25829725829726,,
896,0.09844287008606166,96.53679653679653,,
897,0.10607641464446015,96.68109668109668,,
898,0.0741147914683664,97.25829725829726,,
899,0.09113030461392878,96.82539682539682,,
900,0.1383074794668828,96.3924963924964,0.5386151787522552,81.81818181818181
901,0.08643730030990439,96.68109668109668,,
902,0.09453894037361597,96.96969696969697,,
903,0.07268900786691801,97.54689754689754,,
904,0.06309457219099629,97.83549783549783,,
905,0.09371638017697166,96.82539682539682,,
906,0.08432045350493635,97.40259740259741,,
907,0.05967747692077879,98.41269841269842,,
908,0.07855385486547221,97.54689754689754,,
909,0.08515675384596644,97.11399711399712,,
910,0.1149619043217421,95.95959595959596,,
911,0.07171033430323112,97.69119769119769,,
912,0.0830021555579844,96.68109668109668,,
913,0.09456004270635986,96.53679653679653,,
914,0.07802107052885608,96.3924963924964,,
915,0.08551750203640258,97.54689754689754,,
916,0.09906025774760809,96.96969696969697,,
917,0.08640503165181754,97.11399711399712,,
918,0.07121176344663722,97.40259740259741,,
919,0.10457242175958201,96.24819624819625,,
920,0.08990913597849422,97.25829725829726,,
921,0.08032056939026172,97.25829725829726,,
922,0.06768009267494748,97.83549783549783,,
923,0.09604412805380415,96.96969696969697,,
924,0.08148365765594989,97.54689754689754,,
925,0.07006338559101842,97.69119769119769,0.5365206119302032,84.41558441558442
926,0.07830042466467507,98.12409812409813,,
927,0.07971348340420152,97.25829725829726,,
928,0.08741632172727654,97.69119769119769,,
929,0.0738850019248619,97.11399711399712,,
930,0.06800341520130548,97.97979797979798,,
931,0.0810655357227439,97.40259740259741,,
932,0.07534072012741329,97.40259740259741,,
933,0.06913234273033568,97.69119769119769,,
934,0.07749135872284636,97.69119769119769,,
935,0.11348959526200315,96.1038961038961,,
936,0.0838330729204683,96.96969696969697,,
937,0.09095070383700973,96.96969696969697,,
938,0.07594390422869124,97.69119769119769,,
939,0.10654289373243699,96.53679653679653,,
940,0.0584570782374682,98.55699855699855,,
941,0.09914341209856807,95.52669552669553,,
942,0.07994820791314132,96.68109668109668,,
943,0.08367625965695145,97.25829725829726,,
944,0.07282762525100557,97.40259740259741,,
945,0.07599416180832304,96.96969696969697,,
946,0.09205723596228794,97.11399711399712,,
947,0.07306892883360472,97.40259740259741,,
948,0.08164247038302483,96.82539682539682,,
949,0.095409098976328,96.68109668109668,,
950,0.09417527859216128,96.96969696969697,0.5166468473223896,84.41558441558442
951,0.09143737806773289,96.68109668109668,,
952,0.09655542885091742,96.24819624819625,,
953,0.07900088024560852,96.82539682539682,,
954,0.07587777813533683,97.69119769119769,,
955,0.0815397131795663,97.25829725829726,,
956,0.08029479445005307,97.40259740259741,,
957,0.07457396235386875,97.69119769119769,,
958,0.0903836547264031,96.24819624819625,,
959,0.07865628327040101,96.68109668109668,,
960,0.07074905867711204,97.40259740259741,,
961,0.08913371575059581,96.96969696969697,,
962,0.06158988354095993,98.12409812409813,,
963,0.07924991381296842,97.97979797979798,,
964,0.06413034498987216,97.40259740259741,,
965,0.0784125575845494,97.97979797979798,,
966,0.06842916648066233,96.96969696969697,,
967,0.08329888963252091,96.96969696969697,,
968,0.09896594016647442,97.11399711399712,,
969,0.06894351303050614,97.54689754689754,,
970,0.0704126547737125,97.54689754689754,,
971,0.0696849770612832,97.69119769119769,,
972,0.06911719016849048,97.97979797979798,,
973,0.07362037381052455,97.69119769119769,,
974,0.0958145639992186,96.24819624819625,,
975,0.07325236476261658,97.40259740259741,0.531034387938388,85.71428571428571
976,0.07709013158388296,96.1038961038961,,
977,0.07175650408902726,97.83549783549783,,
978,0.08127046468322303,96.82539682539682,,
979,0.05712310283365532,98.55699855699855,,
980,0.07343429622937848,97.11399711399712,,
981,0.07374174604770253,97.40259740259741,,
982,0.08677524010231517,96.68109668109668,,
983,0.09783532608751998,97.54689754689754,,
984,0.08941058112875509,96.1038961038961,,
985,0.07832098327587865,96.96969696969697,,
986,0.08797059548900478,96.53679653679653,,
987,0.07638112751264421,97.40259740259741,,
988,0.10483912692484573,96.82539682539682,,
989,0.06470856131800326,97.97979797979798,,
990,0.09645895581977364,97.11399711399712,,
991,0.09200115299758113,96.96969696969697,,
992,0.0722940642827474,97.69119769119769,,
993,0.06969817844992249,98.12409812409813,,
994,0.06706441559359796,97.83549783549783,,
995,0.06667961597356617,97.69119769119769,,
996,0.09093197765202406,96.24819624819625,,
997,0.10112547022115821,96.3924963924964,,
998,0.06498193106524013,97.54689754689754,,
999,0.08185184163190586,96.82539682539682,,
1000,0.06992728946915952,97.54689754689754,0.46806878161120724,80.51948051948052
