epoch,train_loss,train_acc,test_loss,test_acc
1,0.6922931807037728,50.93795093795094,0.6850627018259717,55.84415584415584
2,0.6821460254264601,56.132756132756136,,
3,0.6871428827702741,53.39105339105339,,
4,0.6856602657408941,56.70995670995671,,
5,0.6827554783607802,55.98845598845599,,
6,0.6826899652013187,54.83405483405483,,
7,0.6814025495131466,55.55555555555556,,
8,0.6787243881954947,55.98845598845599,,
9,0.6763506748459556,57.43145743145743,,
10,0.6741534001039392,55.41125541125541,,
11,0.6738306624548775,55.84415584415584,,
12,0.668575632795799,56.998556998557,,
13,0.6634237248488147,59.884559884559884,,
14,0.6546489059667051,61.03896103896104,,
15,0.6568840641479987,59.16305916305916,,
16,0.6485754430380046,61.18326118326118,,
17,0.642964608741529,65.36796536796537,,
18,0.6418612787733863,62.19336219336219,,
19,0.629034464579468,66.23376623376623,,
20,0.6228365725253051,63.78066378066378,,
21,0.6178404546059227,67.0995670995671,,
22,0.6204879435711953,65.80086580086581,,
23,0.5999166055503173,69.6969696969697,,
24,0.6051185141394149,67.67676767676768,,
25,0.5926182516897568,69.84126984126983,0.5996148640459235,64.93506493506493
26,0.5947324909689107,69.11976911976912,,
27,0.5785179121841771,71.42857142857143,,
28,0.5667009193659861,70.99567099567099,,
29,0.5737512616540102,73.44877344877345,,
30,0.56884416219648,71.71717171717172,,
31,0.5583352542026735,70.99567099567099,,
32,0.5629112476222271,71.57287157287158,,
33,0.5637044462806735,72.005772005772,,
34,0.5608250093236458,71.42857142857143,,
35,0.5437585258208656,74.02597402597402,,
36,0.5369645946297639,74.17027417027417,,
37,0.5484616289407144,71.86147186147186,,
38,0.5443000407704027,73.88167388167388,,
39,0.5254252366345338,73.16017316017316,,
40,0.5307391887963421,75.46897546897547,,
41,0.5288381425591259,74.89177489177489,,
42,0.5092971497369879,76.62337662337663,,
43,0.5087727087228673,76.76767676767676,,
44,0.5112505004691528,74.74747474747475,,
45,0.5090085720431065,75.61327561327562,,
46,0.5025216382303279,76.19047619047619,,
47,0.5033767860689204,77.92207792207792,,
48,0.48727344967758157,74.89177489177489,,
49,0.506675226562811,75.75757575757575,,
50,0.4951809656095367,75.46897546897547,0.5274709749531437,74.02597402597402
51,0.49172639631777787,76.62337662337663,,
52,0.5008040128375201,75.75757575757575,,
53,0.4946213688857284,76.33477633477634,,
54,0.48129772477679783,78.93217893217893,,
55,0.48810388580029146,76.76767676767676,,
56,0.48613621705194227,76.19047619047619,,
57,0.47941977619952797,76.76767676767676,,
58,0.48650439532976303,76.33477633477634,,
59,0.4818351152225318,76.19047619047619,,
60,0.47203032145596513,76.47907647907648,,
61,0.46450766951146755,79.36507936507937,,
62,0.4565383299948677,80.95238095238095,,
63,0.46069693771791664,78.06637806637806,,
64,0.47389347857727115,76.47907647907648,,
65,0.46083920342581614,78.4992784992785,,
66,0.46167684947429455,78.64357864357865,,
67,0.45827539267306033,78.93217893217893,,
68,0.46010174895777844,77.34487734487735,,
69,0.4512545960978168,80.37518037518038,,
70,0.42535648128343007,81.0966810966811,,
71,0.4432132541703283,79.50937950937951,,
72,0.4653073834822463,77.34487734487735,,
73,0.4397642962946348,78.64357864357865,,
74,0.4570072763754004,78.78787878787878,,
75,0.438200883879118,78.78787878787878,0.4918551313412654,81.81818181818181
76,0.46249920998472843,79.22077922077922,,
77,0.465476148572319,78.64357864357865,,
78,0.44425625733568896,80.95238095238095,,
79,0.42558899225094615,80.51948051948052,,
80,0.43632813354935307,80.08658008658008,,
81,0.4510386000894021,78.64357864357865,,
82,0.4366776721302049,80.37518037518038,,
83,0.43312341310245134,80.66378066378067,,
84,0.4245931454981216,80.51948051948052,,
85,0.4271261993080679,79.22077922077922,,
86,0.42073646510318247,80.37518037518038,,
87,0.41474924932138574,82.68398268398268,,
88,0.43724140757090085,80.51948051948052,,
89,0.42534345181989464,81.0966810966811,,
90,0.4326234119279044,78.4992784992785,,
91,0.41871881768816993,80.66378066378067,,
92,0.4214459504141952,80.51948051948052,,
93,0.4288982355921471,81.52958152958153,,
94,0.4126100818832199,81.24098124098124,,
95,0.41570477138178,81.38528138528139,,
96,0.43673269728045444,79.22077922077922,,
97,0.41502231234767906,82.3953823953824,,
98,0.418949235999395,80.51948051948052,,
99,0.4250585214486198,80.37518037518038,,
100,0.41189735891327023,82.97258297258297,0.46519125243286036,83.11688311688312
101,0.41690219588265964,81.81818181818181,,
102,0.405528507384903,81.0966810966811,,
103,0.40450354657991966,81.24098124098124,,
104,0.4201722161422388,80.8080808080808,,
105,0.41544864532063364,82.68398268398268,,
106,0.4400678378507,78.78787878787878,,
107,0.4294349856534906,81.24098124098124,,
108,0.41212880471654095,81.38528138528139,,
109,0.4166789698222327,80.37518037518038,,
110,0.4232492994350444,80.95238095238095,,
111,0.41861357239933755,81.67388167388168,,
112,0.4172126783265008,81.96248196248196,,
113,0.41203192177444997,81.38528138528139,,
114,0.40186915941224644,83.69408369408369,,
115,0.4136021866168811,82.53968253968254,,
116,0.39939889298889025,82.82828282828282,,
117,0.40683019152623406,81.81818181818181,,
118,0.3915025204377085,80.95238095238095,,
119,0.3853145407735871,82.25108225108225,,
120,0.3911828880358224,82.53968253968254,,
121,0.41187456710342035,82.1067821067821,,
122,0.40559449882218335,81.81818181818181,,
123,0.4101812777151105,81.24098124098124,,
124,0.3929776158855763,81.67388167388168,,
125,0.39286489313815065,82.25108225108225,0.4734417231051953,80.51948051948052
126,0.4022021121190912,81.81818181818181,,
127,0.3862503498233586,82.82828282828282,,
128,0.38839248631251666,82.82828282828282,,
129,0.38629866609669694,81.52958152958153,,
130,0.3739989470007788,86.002886002886,,
131,0.3980601603248591,81.81818181818181,,
132,0.40939121470822915,81.38528138528139,,
133,0.3971022626796326,81.81818181818181,,
134,0.3931744032435947,81.52958152958153,,
135,0.40264705240640464,81.67388167388168,,
136,0.3719371777420264,84.55988455988457,,
137,0.3956551688574093,82.3953823953824,,
138,0.38739605880144873,83.11688311688312,,
139,0.3992212156282703,81.81818181818181,,
140,0.3908796771436199,80.95238095238095,,
141,0.374445163326346,85.13708513708514,,
142,0.37228710758049594,84.84848484848484,,
143,0.36945911330234094,83.98268398268398,,
144,0.37057577307950196,83.69408369408369,,
145,0.3697159235267584,84.41558441558442,,
146,0.39055022945651763,82.68398268398268,,
147,0.3963964224764795,81.52958152958153,,
148,0.35736187909760686,84.99278499278499,,
149,0.36212109530298914,83.83838383838383,,
150,0.3935055859591194,82.53968253968254,0.4641948102356552,81.81818181818181
151,0.36531821228725053,85.13708513708514,,
152,0.3696311590131399,84.41558441558442,,
153,0.3825675764297166,83.26118326118326,,
154,0.39278166454075736,81.96248196248196,,
155,0.3771508787187491,83.54978354978356,,
156,0.39623110617738094,80.95238095238095,,
157,0.3767415359508768,83.11688311688312,,
158,0.3569240343003046,84.41558441558442,,
159,0.36553441411661036,83.69408369408369,,
160,0.3629714981216029,85.28138528138528,,
161,0.3814440781591947,81.24098124098124,,
162,0.3879965736408426,82.82828282828282,,
163,0.37537131177914607,82.97258297258297,,
164,0.3765287622056826,83.69408369408369,,
165,0.38387423568817786,83.11688311688312,,
166,0.36721770665346287,84.27128427128427,,
167,0.34882111944161454,86.002886002886,,
168,0.3661903267965516,83.69408369408369,,
169,0.35802753280423594,83.40548340548341,,
170,0.36257690680448457,83.69408369408369,,
171,0.3510044834658525,85.85858585858585,,
172,0.3621858403538213,83.83838383838383,,
173,0.37092669579115783,84.12698412698413,,
174,0.361222099948239,85.28138528138528,,
175,0.35082420943275333,83.40548340548341,0.4734223763664047,80.51948051948052
176,0.3693315132613822,83.98268398268398,,
177,0.34989016654687527,85.28138528138528,,
178,0.37137644661625396,83.98268398268398,,
179,0.3591261443078604,84.7041847041847,,
180,0.3441262005641519,84.7041847041847,,
181,0.34511178134151693,84.99278499278499,,
182,0.34923660213297064,84.41558441558442,,
183,0.34272789705711354,83.40548340548341,,
184,0.3466732827529935,85.85858585858585,,
185,0.36661546553712215,82.53968253968254,,
186,0.3552012587178493,84.12698412698413,,
187,0.35248660249971553,84.41558441558442,,
188,0.3369470091394188,84.84848484848484,,
189,0.3366446549564729,86.72438672438672,,
190,0.3400737440259254,84.99278499278499,,
191,0.3351343473658761,84.41558441558442,,
192,0.326631296571199,85.85858585858585,,
193,0.3574093586266643,84.12698412698413,,
194,0.33721858865082865,85.28138528138528,,
195,0.3341064293899749,85.56998556998558,,
196,0.3396130391701647,85.13708513708514,,
197,0.35504972384261535,84.99278499278499,,
198,0.35319113318538253,83.26118326118326,,
199,0.3550951521935057,84.99278499278499,,
200,0.3350653923069588,85.28138528138528,0.47557421396305033,80.51948051948052
201,0.3296483174116925,86.14718614718615,,
202,0.34579698975812134,84.12698412698413,,
203,0.34899226947006207,84.7041847041847,,
204,0.349837791137021,84.99278499278499,,
205,0.34383806323936317,84.12698412698413,,
206,0.33434808531622867,85.85858585858585,,
207,0.3394138262127385,85.85858585858585,,
208,0.33773190372261996,84.99278499278499,,
209,0.3316677582771403,85.42568542568543,,
210,0.33408508508924456,84.84848484848484,,
211,0.3290270987957243,86.2914862914863,,
212,0.3363454552611919,85.71428571428571,,
213,0.32737413695966355,86.72438672438672,,
214,0.3433116412954069,84.84848484848484,,
215,0.327322144249473,85.71428571428571,,
216,0.3248568084440362,85.28138528138528,,
217,0.3377233583689768,85.85858585858585,,
218,0.31832480086564674,86.002886002886,,
219,0.3256530505410177,87.01298701298701,,
220,0.33142041745037915,87.01298701298701,,
221,0.33164057552728476,84.41558441558442,,
222,0.3364412330230765,85.42568542568543,,
223,0.3117424834944297,87.5901875901876,,
224,0.3194069264599083,86.72438672438672,,
225,0.3588585065943854,84.99278499278499,0.5092666296215801,76.62337662337663
226,0.3349193442951549,84.84848484848484,,
227,0.3285243907704154,84.41558441558442,,
228,0.33975671651043415,84.27128427128427,,
229,0.3209677500298185,85.85858585858585,,
230,0.33271492609127945,86.2914862914863,,
231,0.3278116572642911,84.41558441558442,,
232,0.34839310141180846,84.84848484848484,,
233,0.34916508933166407,85.13708513708514,,
234,0.33687196863334073,85.71428571428571,,
235,0.34077996540207195,84.55988455988457,,
236,0.3409216637907262,84.99278499278499,,
237,0.330031239711189,85.85858585858585,,
238,0.3248442453997476,85.42568542568543,,
239,0.33800555707572344,85.56998556998558,,
240,0.324068855048086,86.002886002886,,
241,0.3255011738206745,85.85858585858585,,
242,0.3313559524252645,86.58008658008659,,
243,0.3346097965175111,85.56998556998558,,
244,0.2967665530042387,87.5901875901876,,
245,0.31863897911999994,86.43578643578644,,
246,0.31089744755587023,87.15728715728716,,
247,0.31717776736139736,87.01298701298701,,
248,0.32025861458430904,86.72438672438672,,
249,0.3345887620985766,86.43578643578644,,
250,0.33500893048479785,85.71428571428571,0.48880837644849506,83.11688311688312
251,0.297804727757949,87.01298701298701,,
252,0.32223857188809657,86.002886002886,,
253,0.30497512311646435,87.3015873015873,,
254,0.30654185586763494,86.58008658008659,,
255,0.3105779086571579,86.72438672438672,,
256,0.33522852036086,86.2914862914863,,
257,0.3224649956560066,84.84848484848484,,
258,0.2878261249818843,87.87878787878788,,
259,0.3047566697711036,86.86868686868686,,
260,0.31927746009689045,86.86868686868686,,
261,0.327729359312147,86.002886002886,,
262,0.328822520323646,87.01298701298701,,
263,0.3188415808552099,86.58008658008659,,
264,0.3151255065056497,86.43578643578644,,
265,0.2992335475798465,87.15728715728716,,
266,0.31308154862852494,86.43578643578644,,
267,0.3326879930380103,83.98268398268398,,
268,0.3140089869456202,88.02308802308802,,
269,0.29438320071064206,86.86868686868686,,
270,0.29371580245002865,88.16738816738817,,
271,0.3001416294605701,87.44588744588745,,
272,0.31462254049458027,86.2914862914863,,
273,0.31303974017393366,84.84848484848484,,
274,0.30602282165276884,86.43578643578644,,
275,0.29623534170236077,87.5901875901876,0.538583768265588,81.81818181818181
276,0.29479473106788867,87.01298701298701,,
277,0.2901130721596584,87.5901875901876,,
278,0.3139028177632914,88.16738816738817,,
279,0.3142968744340569,86.14718614718615,,
280,0.3023194760127157,85.85858585858585,,
281,0.30565512197530287,86.58008658008659,,
282,0.321015133400156,86.14718614718615,,
283,0.31978295685408953,86.2914862914863,,
284,0.3287287554011544,84.84848484848484,,
285,0.3062132468170246,86.72438672438672,,
286,0.29731397864020404,87.87878787878788,,
287,0.2766513479994489,89.03318903318903,,
288,0.31041616278809386,87.01298701298701,,
289,0.3326756138822217,85.42568542568543,,
290,0.29114956145334725,87.01298701298701,,
291,0.2992952320224795,87.15728715728716,,
292,0.31283935255130474,85.85858585858585,,
293,0.28847821575050575,87.5901875901876,,
294,0.3065355420972706,86.002886002886,,
295,0.2924462216241019,87.73448773448773,,
296,0.30336147654280177,87.01298701298701,,
297,0.2835803065572638,87.73448773448773,,
298,0.30262706711522774,87.73448773448773,,
299,0.2995761125032692,87.44588744588745,,
300,0.3097416099273797,86.14718614718615,0.5290838607719967,83.11688311688312
301,0.2976408390298722,87.3015873015873,,
302,0.2970569348540614,86.72438672438672,,
303,0.31692355600270355,86.72438672438672,,
304,0.2898210978611207,87.5901875901876,,
305,0.2961857223353775,87.73448773448773,,
306,0.2677024684169076,89.03318903318903,,
307,0.30183842305153136,88.60028860028861,,
308,0.2941043381653135,87.3015873015873,,
309,0.318056180653892,85.85858585858585,,
310,0.30337130382635547,86.002886002886,,
311,0.3135905055084614,86.2914862914863,,
312,0.274977040196222,89.17748917748918,,
313,0.2922854181083422,86.86868686868686,,
314,0.30174292965884847,86.58008658008659,,
315,0.30966287499769424,85.56998556998558,,
316,0.28892362677904776,88.16738816738817,,
317,0.30407100098817724,88.16738816738817,,
318,0.3035817789222943,86.14718614718615,,
319,0.2873419454001417,87.5901875901876,,
320,0.2958516407150555,88.02308802308802,,
321,0.30440455575138975,88.16738816738817,,
322,0.29041253533456235,88.88888888888889,,
323,0.28137145416131093,88.02308802308802,,
324,0.29774369826220504,87.01298701298701,,
325,0.28193324780653395,88.74458874458874,0.5247736987355468,83.11688311688312
326,0.29444232026133876,87.73448773448773,,
327,0.28443664733809654,87.73448773448773,,
328,0.2867623306112028,86.72438672438672,,
329,0.29126514354653515,86.58008658008659,,
330,0.2780297828668898,88.60028860028861,,
331,0.29003733304069845,88.02308802308802,,
332,0.30639905780338794,86.002886002886,,
333,0.282822840055518,89.32178932178932,,
334,0.282513751225038,88.60028860028861,,
335,0.2710168454554174,88.88888888888889,,
336,0.2951912052531607,88.16738816738817,,
337,0.27904801219056696,88.60028860028861,,
338,0.2945823400223582,88.16738816738817,,
339,0.2906190048134516,88.02308802308802,,
340,0.27214817481295545,89.75468975468975,,
341,0.30901995761397943,86.58008658008659,,
342,0.301536146707263,87.73448773448773,,
343,0.2786431307615484,88.02308802308802,,
344,0.2880157879076651,88.02308802308802,,
345,0.2915356149534126,87.73448773448773,,
346,0.2712776679411251,87.01298701298701,,
347,0.2723717319242882,87.73448773448773,,
348,0.2712008051283948,88.45598845598846,,
349,0.28993454037978705,88.16738816738817,,
350,0.28940517424160955,88.02308802308802,0.5896080082113092,81.81818181818181
351,0.28541821249979743,87.73448773448773,,
352,0.27738594866934274,87.5901875901876,,
353,0.27838988083953636,87.3015873015873,,
354,0.26218636761840114,89.17748917748918,,
355,0.30467858643930884,86.43578643578644,,
356,0.27993571950716717,88.02308802308802,,
357,0.3030225232050016,86.2914862914863,,
358,0.2636419079262457,88.31168831168831,,
359,0.29766814081699816,87.44588744588745,,
360,0.28123608158705127,88.31168831168831,,
361,0.27928902929135385,88.31168831168831,,
362,0.28143195775680213,88.02308802308802,,
363,0.2929049845123704,87.5901875901876,,
364,0.2730454427081269,87.73448773448773,,
365,0.2725308181403519,88.45598845598846,,
366,0.2762239266504113,87.73448773448773,,
367,0.2922122326785696,87.3015873015873,,
368,0.29567082831031316,86.58008658008659,,
369,0.27695481927492915,88.45598845598846,,
370,0.2877801171521432,88.02308802308802,,
371,0.28172649888249185,88.45598845598846,,
372,0.2738848256342339,88.02308802308802,,
373,0.28855376157366697,88.31168831168831,,
374,0.2757180312065163,87.87878787878788,,
375,0.27592907491184415,88.02308802308802,0.6309754569809158,77.92207792207792
376,0.281719166780103,88.31168831168831,,
377,0.2708815298383198,88.88888888888889,,
378,0.27112301992733584,87.87878787878788,,
379,0.2757982266757739,87.15728715728716,,
380,0.27134942552572033,87.3015873015873,,
381,0.28833124045857794,88.45598845598846,,
382,0.25591169192333413,89.32178932178932,,
383,0.29580366875960196,86.2914862914863,,
384,0.2821919056244227,88.02308802308802,,
385,0.27722281755135003,86.58008658008659,,
386,0.24628748062025074,88.88888888888889,,
387,0.27237547764186393,87.73448773448773,,
388,0.2670890029632684,88.45598845598846,,
389,0.2867056776434828,89.17748917748918,,
390,0.2484421788528024,89.6103896103896,,
391,0.27684344583517545,87.5901875901876,,
392,0.28048350792082527,87.87878787878788,,
393,0.24809436656502418,89.8989898989899,,
394,0.2743131806926122,87.44588744588745,,
395,0.2676727707359354,89.6103896103896,,
396,0.2827740747476209,87.73448773448773,,
397,0.27948687126669186,90.47619047619048,,
398,0.2571489035997212,89.46608946608947,,
399,0.2730092789875653,88.88888888888889,,
400,0.2932755565015441,86.58008658008659,0.5745836039642235,83.11688311688312
401,0.29485996512623575,89.32178932178932,,
402,0.2614413369097579,89.8989898989899,,
403,0.2658847246593211,88.74458874458874,,
404,0.28799491763803003,86.58008658008659,,
405,0.26665391931028076,88.74458874458874,,
406,0.27255788239049705,88.88888888888889,,
407,0.25573263548497344,89.46608946608947,,
408,0.2771595787864399,89.03318903318903,,
409,0.24656218165615076,90.33189033189034,,
410,0.26797030648971876,88.45598845598846,,
411,0.28801356215153595,86.43578643578644,,
412,0.25186549765723093,90.18759018759019,,
413,0.27059643318900817,89.6103896103896,,
414,0.2751817283305255,86.86868686868686,,
415,0.2742420786300951,88.74458874458874,,
416,0.2563038914777543,88.88888888888889,,
417,0.2757631323124251,87.73448773448773,,
418,0.285960080478378,87.3015873015873,,
419,0.2648850351701051,88.74458874458874,,
420,0.2688582807908326,89.17748917748918,,
421,0.26167198804893876,89.17748917748918,,
422,0.26391848560535547,88.45598845598846,,
423,0.26011698973643316,89.17748917748918,,
424,0.25087272222079926,88.74458874458874,,
425,0.27466105645009103,88.88888888888889,0.6221137186149498,76.62337662337663
426,0.27375128628715634,88.16738816738817,,
427,0.25317486815294316,89.17748917748918,,
428,0.2740496066741613,89.46608946608947,,
429,0.2749541665966291,88.74458874458874,,
430,0.2617465046921162,89.03318903318903,,
431,0.24216986020750125,90.9090909090909,,
432,0.26764132875900765,89.03318903318903,,
433,0.27346246497111576,88.88888888888889,,
434,0.2567309976527185,88.45598845598846,,
435,0.25507787334454524,88.88888888888889,,
436,0.2876880296303059,87.5901875901876,,
437,0.27016191208173357,90.62049062049061,,
438,0.27271975948869065,88.31168831168831,,
439,0.29709424112868343,87.44588744588745,,
440,0.2678357462088267,88.60028860028861,,
441,0.26101715361745154,89.03318903318903,,
442,0.2712919853122375,88.16738816738817,,
443,0.23951529506137018,90.04329004329004,,
444,0.2668357512995622,86.72438672438672,,
445,0.24971890062480778,90.76479076479076,,
446,0.23855801462095022,90.18759018759019,,
447,0.2496707888070123,90.76479076479076,,
448,0.25712249117324193,88.60028860028861,,
449,0.27345672628236195,88.60028860028861,,
450,0.263223511617077,89.8989898989899,0.6036841304271252,80.51948051948052
451,0.26146398351392014,89.6103896103896,,
452,0.23234407081232442,90.18759018759019,,
453,0.2932085774591647,86.86868686868686,,
454,0.2529266259887002,89.17748917748918,,
455,0.3006521668957081,86.002886002886,,
456,0.2678788137846609,87.73448773448773,,
457,0.2680804486054535,89.46608946608947,,
458,0.24608051026452327,90.33189033189034,,
459,0.2597650521976435,88.88888888888889,,
460,0.2594481726831516,89.8989898989899,,
461,0.2613317031536955,89.17748917748918,,
462,0.2503870231936676,89.75468975468975,,
463,0.29085000321634574,86.72438672438672,,
464,0.2628855293275302,90.04329004329004,,
465,0.2619846702310086,90.33189033189034,,
466,0.24778964577987253,90.04329004329004,,
467,0.24100230528850747,90.76479076479076,,
468,0.23825840413312374,90.04329004329004,,
469,0.23935482551009107,89.32178932178932,,
470,0.23709126120005852,90.04329004329004,,
471,0.24508298290584338,89.46608946608947,,
472,0.25904521819749715,88.74458874458874,,
473,0.24812210685590988,89.6103896103896,,
474,0.247310217840847,89.32178932178932,,
475,0.2637748434860125,89.75468975468975,0.6137584416897266,81.81818181818181
476,0.25619787277726386,89.32178932178932,,
477,0.24026527123533803,90.18759018759019,,
478,0.22750641498042737,90.33189033189034,,
479,0.27289818343404054,88.88888888888889,,
480,0.25297298996802015,88.16738816738817,,
481,0.24490139889161264,89.32178932178932,,
482,0.2596627167852066,88.45598845598846,,
483,0.25185573472497613,89.32178932178932,,
484,0.2515038814809587,90.33189033189034,,
485,0.2479743269442824,88.74458874458874,,
486,0.2493201233607866,89.8989898989899,,
487,0.2623493741837587,88.60028860028861,,
488,0.26599937135523016,88.45598845598846,,
489,0.27599789969848865,88.88888888888889,,
490,0.23798624620723174,90.18759018759019,,
491,0.253162591413072,89.8989898989899,,
492,0.2417505323486389,90.47619047619048,,
493,0.2452919739493388,89.75468975468975,,
494,0.238419306226623,89.46608946608947,,
495,0.2497713899113571,88.16738816738817,,
496,0.2629391074524641,88.45598845598846,,
497,0.23488146262875023,91.34199134199135,,
498,0.2585997936701534,88.88888888888889,,
499,0.25898393604253966,89.17748917748918,,
500,0.2442242997828844,90.33189033189034,0.6499846786647648,79.22077922077922
501,0.23178412676029564,90.47619047619048,,
502,0.2546608810989028,89.46608946608947,,
503,0.24317645544957633,89.46608946608947,,
504,0.25881419142689366,88.45598845598846,,
505,0.23580710093180338,90.33189033189034,,
506,0.2545244852013746,89.32178932178932,,
507,0.26582644858315563,90.04329004329004,,
508,0.25518352765197533,89.32178932178932,,
509,0.24033077858915233,90.62049062049061,,
510,0.24051715184169759,90.04329004329004,,
511,0.26318440970146295,89.6103896103896,,
512,0.23160861056260387,90.33189033189034,,
513,0.25992671719619204,89.32178932178932,,
514,0.23052157850836608,90.62049062049061,,
515,0.2532538381360826,90.04329004329004,,
516,0.246179107893769,90.33189033189034,,
517,0.26342720285724597,90.04329004329004,,
518,0.23104869717299337,91.34199134199135,,
519,0.2262661438569706,90.9090909090909,,
520,0.22981376470769466,90.62049062049061,,
521,0.2493031317365462,89.03318903318903,,
522,0.23606712352833878,90.33189033189034,,
523,0.2491203827775402,90.04329004329004,,
524,0.23354696001841393,89.46608946608947,,
525,0.2650679957987082,88.31168831168831,0.6376387836871209,83.11688311688312
526,0.24199661849574608,89.46608946608947,,
527,0.26291882985340054,88.88888888888889,,
528,0.2607942269994067,89.17748917748918,,
529,0.23295437522006757,89.17748917748918,,
530,0.25782136105183745,90.04329004329004,,
531,0.22924063121429597,90.18759018759019,,
532,0.2585613663304291,89.32178932178932,,
533,0.24183976198687698,89.6103896103896,,
534,0.25203148584173185,91.34199134199135,,
535,0.24309803040168673,90.9090909090909,,
536,0.23665497149911965,90.62049062049061,,
537,0.2421204676047978,89.32178932178932,,
538,0.26766970139238744,88.88888888888889,,
539,0.2413653279795791,89.8989898989899,,
540,0.24784462695771997,89.75468975468975,,
541,0.2157974989888558,91.05339105339105,,
542,0.2445569427369477,90.47619047619048,,
543,0.25337450647078896,89.17748917748918,,
544,0.23560195316091545,89.8989898989899,,
545,0.23893258762566041,89.6103896103896,,
546,0.25924985461248806,88.45598845598846,,
547,0.26712472721783803,88.02308802308802,,
548,0.2630544024026411,89.03318903318903,,
549,0.2608749584374146,89.03318903318903,,
550,0.21098916498678072,91.05339105339105,0.6453156784757391,79.22077922077922
551,0.22770672615128335,90.62049062049061,,
552,0.24006662890852615,89.6103896103896,,
553,0.23912493215838895,88.60028860028861,,
554,0.22903380610726096,90.18759018759019,,
555,0.2455659212832155,90.33189033189034,,
556,0.23137078217054685,91.05339105339105,,
557,0.24490593117896955,90.33189033189034,,
558,0.2732565995375659,88.74458874458874,,
559,0.2314165069427325,89.75468975468975,,
560,0.2359412716752695,89.6103896103896,,
561,0.2223260414075714,92.35209235209236,,
562,0.25571150834770257,88.02308802308802,,
563,0.2040625394766809,91.1976911976912,,
564,0.2351466627176018,89.32178932178932,,
565,0.25621165169609916,90.04329004329004,,
566,0.23547967649125434,89.8989898989899,,
567,0.23774124328235183,90.76479076479076,,
568,0.2609365696052538,89.75468975468975,,
569,0.233524041935737,89.46608946608947,,
570,0.23905139529343808,89.75468975468975,,
571,0.2192368341386748,91.63059163059162,,
572,0.21985474370774769,90.76479076479076,,
573,0.2600363426738315,89.46608946608947,,
574,0.2377633195461821,89.8989898989899,,
575,0.2414986574847633,89.6103896103896,0.6786705034893828,80.51948051948052
576,0.2339094373119342,91.05339105339105,,
577,0.2184281972886035,91.05339105339105,,
578,0.2193072713685758,90.62049062049061,,
579,0.2356354481558091,90.47619047619048,,
580,0.24532244970530143,90.76479076479076,,
581,0.24913196079701744,88.60028860028861,,
582,0.24885438643073365,89.32178932178932,,
583,0.2391813959802728,90.62049062049061,,
584,0.2388956110822346,90.04329004329004,,
585,0.24431208649066963,89.46608946608947,,
586,0.2243388332157768,90.62049062049061,,
587,0.20057519513463218,92.06349206349206,,
588,0.21598127914369536,91.48629148629149,,
589,0.2621105486502895,88.88888888888889,,
590,0.2391896779403026,89.75468975468975,,
591,0.2511479236604847,89.03318903318903,,
592,0.22645444097198966,91.05339105339105,,
593,0.25452749549396453,89.32178932178932,,
594,0.24241743375470629,89.17748917748918,,
595,0.24267103614401164,89.46608946608947,,
596,0.24495312328548485,90.04329004329004,,
597,0.24328439689172812,88.60028860028861,,
598,0.25460715060798295,89.03318903318903,,
599,0.22037164258406447,89.75468975468975,,
600,0.23019684281356062,90.18759018759019,0.6819971072209345,83.11688311688312
601,0.24347965526804435,90.9090909090909,,
602,0.2127053448003092,90.9090909090909,,
603,0.26342465665089276,88.88888888888889,,
604,0.19719391936519617,92.06349206349206,,
605,0.21746489637857908,90.76479076479076,,
606,0.2384918618941892,89.32178932178932,,
607,0.22904344687902223,91.48629148629149,,
608,0.23061004417584227,90.76479076479076,,
609,0.2324774365920525,90.33189033189034,,
610,0.21115844915009507,90.9090909090909,,
611,0.23777911504582752,90.18759018759019,,
612,0.22289885410670765,91.63059163059162,,
613,0.21763009538210143,92.20779220779221,,
614,0.24645010874341922,89.8989898989899,,
615,0.22988072456993583,89.17748917748918,,
616,0.22971222393784516,89.8989898989899,,
617,0.22880798947566,90.04329004329004,,
618,0.2325270017246147,90.18759018759019,,
619,0.23212287419114105,89.75468975468975,,
620,0.2270285085080162,90.33189033189034,,
621,0.230498767007696,89.32178932178932,,
622,0.23929715468339935,90.04329004329004,,
623,0.22497316274636064,90.47619047619048,,
624,0.24778833301552447,90.76479076479076,,
625,0.24311637667694477,90.18759018759019,0.6582347762275051,83.11688311688312
626,0.21932310872263722,90.9090909090909,,
627,0.219336161000216,90.33189033189034,,
628,0.21275530695313155,90.62049062049061,,
629,0.21562107380420442,91.91919191919192,,
630,0.2400359082993921,91.05339105339105,,
631,0.21250107569396925,91.48629148629149,,
632,0.2165433582547423,90.47619047619048,,
633,0.22750907097802017,91.1976911976912,,
634,0.21367265783454606,91.05339105339105,,
635,0.22979256155407446,89.75468975468975,,
636,0.2086829539028253,91.63059163059162,,
637,0.23179562731738731,89.6103896103896,,
638,0.23279640031239343,90.62049062049061,,
639,0.20349838271532825,91.1976911976912,,
640,0.21438465063415824,90.04329004329004,,
641,0.2086454060944644,91.91919191919192,,
642,0.22968520486423635,90.9090909090909,,
643,0.22480709855088596,90.33189033189034,,
644,0.22451262823258988,91.34199134199135,,
645,0.24371903210147292,90.04329004329004,,
646,0.2243406056583702,90.76479076479076,,
647,0.22642147067993407,90.18759018759019,,
648,0.24646385919308078,88.74458874458874,,
649,0.2353458050840022,90.04329004329004,,
650,0.2320377150225261,90.18759018759019,0.6891014119247337,79.22077922077922
651,0.23343872228398124,91.34199134199135,,
652,0.22376552940189065,92.20779220779221,,
653,0.22000289548183072,90.9090909090909,,
654,0.23586563213391049,90.18759018759019,,
655,0.21086858004374592,89.6103896103896,,
656,0.20251439993564055,92.64069264069263,,
657,0.25611392828981255,89.03318903318903,,
658,0.21511011025606297,90.9090909090909,,
659,0.22528794328285673,90.76479076479076,,
660,0.2337372133140096,90.9090909090909,,
661,0.2241576062824475,90.76479076479076,,
662,0.20765901577335072,91.1976911976912,,
663,0.23204188536943984,90.04329004329004,,
664,0.23758940269678702,90.18759018759019,,
665,0.19791873862690051,92.20779220779221,,
666,0.23160892848629627,91.05339105339105,,
667,0.22554464847881556,91.05339105339105,,
668,0.22923995612503648,90.62049062049061,,
669,0.21761056720608413,91.34199134199135,,
670,0.21408197110516125,90.76479076479076,,
671,0.19943752959048078,92.78499278499278,,
672,0.203615056487905,90.76479076479076,,
673,0.2179237538558924,90.18759018759019,,
674,0.20823833779640183,91.34199134199135,,
675,0.20245807644780753,91.48629148629149,0.758125113589423,80.51948051948052
676,0.2090917903967578,92.35209235209236,,
677,0.20471321972030582,92.06349206349206,,
678,0.24206431712122017,90.04329004329004,,
679,0.22703964363186907,90.18759018759019,,
680,0.19493924573730426,91.91919191919192,,
681,0.21728112543214106,90.47619047619048,,
682,0.20736794347886917,92.4963924963925,,
683,0.2339689772667479,91.1976911976912,,
684,0.20795262853304544,91.63059163059162,,
685,0.23065269139593986,90.47619047619048,,
686,0.21073359345632886,92.35209235209236,,
687,0.21735724788508545,91.34199134199135,,
688,0.20842132414187187,91.77489177489177,,
689,0.22152700542887568,91.63059163059162,,
690,0.219509317503347,90.62049062049061,,
691,0.22674710517493848,90.62049062049061,,
692,0.22947128630991795,91.1976911976912,,
693,0.22397538892182953,91.1976911976912,,
694,0.21026817415699814,90.9090909090909,,
695,0.21421364416377714,90.76479076479076,,
696,0.20076256217421562,92.64069264069263,,
697,0.2124347234357143,91.1976911976912,,
698,0.22509908770758008,89.8989898989899,,
699,0.20611161001101888,92.64069264069263,,
700,0.2213973488986578,92.4963924963925,0.6962733845432083,83.11688311688312
701,0.2245132794434374,90.9090909090909,,
702,0.21292050283880634,91.48629148629149,,
703,0.20592737741466655,91.05339105339105,,
704,0.23357685634928177,89.8989898989899,,
705,0.21792853351623293,91.05339105339105,,
706,0.20759689648774107,90.76479076479076,,
707,0.2156248474318916,91.63059163059162,,
708,0.2339226207863889,90.18759018759019,,
709,0.24590381082217241,90.33189033189034,,
710,0.2211290384181822,90.9090909090909,,
711,0.22998826371298897,90.47619047619048,,
712,0.2072194970359362,91.1976911976912,,
713,0.2157924413132719,90.62049062049061,,
714,0.20599533760487432,92.35209235209236,,
715,0.21248458629046685,92.06349206349206,,
716,0.21294616904609648,89.75468975468975,,
717,0.202658262130674,91.91919191919192,,
718,0.20627938736697812,91.91919191919192,,
719,0.2132728613300241,91.48629148629149,,
720,0.20783001675255716,90.47619047619048,,
721,0.2029638435815234,91.77489177489177,,
722,0.20826557459253253,91.48629148629149,,
723,0.20573278601465458,90.62049062049061,,
724,0.20786022692703754,90.9090909090909,,
725,0.2075183576169124,91.91919191919192,0.7026008592023478,84.41558441558442
726,0.22033120844443296,91.05339105339105,,
727,0.20781840454964412,90.76479076479076,,
728,0.22327190706396172,91.34199134199135,,
729,0.20458669645488692,90.76479076479076,,
730,0.19652807549136714,92.35209235209236,,
731,0.21881001628666558,90.33189033189034,,
732,0.20973655121054227,91.34199134199135,,
733,0.21259123067577163,92.35209235209236,,
734,0.2251077283598472,90.47619047619048,,
735,0.2045834640747885,91.77489177489177,,
736,0.2139211076084648,91.1976911976912,,
737,0.20993721206681898,92.06349206349206,,
738,0.2374042762177331,89.75468975468975,,
739,0.2019558164034399,91.1976911976912,,
740,0.20451818233487581,91.77489177489177,,
741,0.20624003584078723,91.63059163059162,,
742,0.22012319329798136,90.76479076479076,,
743,0.2155602563651007,90.76479076479076,,
744,0.2278192893509225,89.75468975468975,,
745,0.21357340523690888,90.62049062049061,,
746,0.20306848223935303,91.1976911976912,,
747,0.20492678951859422,91.63059163059162,,
748,0.23243779008522694,90.62049062049061,,
749,0.20043270087237827,91.63059163059162,,
750,0.17082796797349856,91.77489177489177,0.6907183969175661,87.01298701298701
751,0.20890021324426494,91.91919191919192,,
752,0.20072547925843132,91.48629148629149,,
753,0.21736529207160807,91.48629148629149,,
754,0.22923360352134292,89.75468975468975,,
755,0.20806622253341162,90.76479076479076,,
756,0.20515405890917537,92.35209235209236,,
757,0.20543330553300884,91.1976911976912,,
758,0.2096781451765765,92.35209235209236,,
759,0.20648109386063584,91.34199134199135,,
760,0.2116995339226757,91.91919191919192,,
761,0.2084875897669689,91.05339105339105,,
762,0.21542198143222116,92.4963924963925,,
763,0.19619678083973874,90.62049062049061,,
764,0.19348687156067265,92.78499278499278,,
765,0.1969199909964337,91.77489177489177,,
766,0.2179514023046645,90.62049062049061,,
767,0.21875828289538407,91.1976911976912,,
768,0.21535163326524898,91.34199134199135,,
769,0.20740009209982416,91.34199134199135,,
770,0.19555239882562067,92.20779220779221,,
771,0.22608911320244596,89.6103896103896,,
772,0.20537003208204438,91.1976911976912,,
773,0.2078723402164371,90.9090909090909,,
774,0.21585167793914525,91.91919191919192,,
775,0.19497481149770482,91.77489177489177,0.7046920800363863,84.41558441558442
776,0.2120402611114762,91.34199134199135,,
777,0.20604918112314452,90.76479076479076,,
778,0.21065085614570464,89.46608946608947,,
779,0.2220773682707832,90.76479076479076,,
780,0.2042132384677298,92.64069264069263,,
781,0.21435234294653283,91.77489177489177,,
782,0.18317946417507155,92.64069264069263,,
783,0.2013026662117131,91.91919191919192,,
784,0.2364613384997518,90.18759018759019,,
785,0.19326929921152616,91.77489177489177,,
786,0.21391600297298954,91.1976911976912,,
787,0.21913005427751706,89.8989898989899,,
788,0.20449108342286657,92.06349206349206,,
789,0.2009785809214153,90.9090909090909,,
790,0.19844512489770808,92.35209235209236,,
791,0.20683432279039082,91.77489177489177,,
792,0.21621458370555702,91.34199134199135,,
793,0.20337312506218838,90.9090909090909,,
794,0.17617461881983332,93.21789321789322,,
795,0.17941743273067612,92.78499278499278,,
796,0.20971938115134728,91.48629148629149,,
797,0.20753280661494872,90.47619047619048,,
798,0.22227843417577758,90.76479076479076,,
799,0.19432325522559138,92.92929292929293,,
800,0.2014169030934357,92.4963924963925,0.7518996441519106,81.81818181818181
801,0.21370758221607017,90.47619047619048,,
802,0.19862646049944868,92.06349206349206,,
803,0.21464008326718817,90.47619047619048,,
804,0.20272810071233718,90.76479076479076,,
805,0.19554720689444488,92.78499278499278,,
806,0.22576627001357177,91.05339105339105,,
807,0.1862700561338345,92.92929292929293,,
808,0.20129222077724737,91.1976911976912,,
809,0.21529844953728272,91.05339105339105,,
810,0.18690240589571205,92.06349206349206,,
811,0.1797872990111768,92.4963924963925,,
812,0.21363561198351874,91.91919191919192,,
813,0.208446235797794,90.9090909090909,,
814,0.2042654018746998,92.06349206349206,,
815,0.19516416783155646,90.76479076479076,,
816,0.1841863271649954,92.4963924963925,,
817,0.1883728083594021,92.20779220779221,,
818,0.19977930282789563,92.06349206349206,,
819,0.1864320222680789,91.91919191919192,,
820,0.21557745857844277,90.62049062049061,,
821,0.20180677948318002,91.48629148629149,,
822,0.1867130622375235,92.64069264069263,,
823,0.18704792628707137,92.4963924963925,,
824,0.19873011606768268,92.20779220779221,,
825,0.2010607642657829,91.77489177489177,0.802854925007015,77.92207792207792
826,0.22502471574328162,91.77489177489177,,
827,0.21670653038855756,91.1976911976912,,
828,0.1959857145945231,92.92929292929293,,
829,0.19138552975258957,91.91919191919192,,
830,0.19985019491950498,92.4963924963925,,
831,0.2050748375038822,91.34199134199135,,
832,0.19291073812808826,92.20779220779221,,
833,0.17678723719997755,93.07359307359307,,
834,0.18411360373572697,92.06349206349206,,
835,0.19461794126601445,91.63059163059162,,
836,0.2295103246429438,89.8989898989899,,
837,0.21490856037511455,90.9090909090909,,
838,0.20089581271319032,92.20779220779221,,
839,0.1881504477704586,91.91919191919192,,
840,0.21586203347208868,90.9090909090909,,
841,0.19480686701973968,91.48629148629149,,
842,0.2110869822349039,91.77489177489177,,
843,0.1772649267105141,92.4963924963925,,
844,0.18662267010578346,91.91919191919192,,
845,0.1996004516084129,92.4963924963925,,
846,0.18555861284679492,92.64069264069263,,
847,0.21116412408424146,91.48629148629149,,
848,0.18863796972781205,92.64069264069263,,
849,0.17672590078170508,92.4963924963925,,
850,0.20347034728388377,92.06349206349206,0.7810050581956839,77.92207792207792
851,0.18754071381055948,92.20779220779221,,
852,0.17346441144228497,92.78499278499278,,
853,0.19845666600092923,92.35209235209236,,
854,0.20130076421717716,90.76479076479076,,
855,0.18200719646819227,93.21789321789322,,
856,0.22198573467664387,90.62049062049061,,
857,0.189557573754034,92.4963924963925,,
858,0.19497404801209078,92.06349206349206,,
859,0.20053304046994508,91.48629148629149,,
860,0.20238758561243053,90.9090909090909,,
861,0.189846937382032,92.4963924963925,,
862,0.18973357397068458,92.4963924963925,,
863,0.19356549035591136,91.1976911976912,,
864,0.18645164680171322,92.4963924963925,,
865,0.20634608824359735,91.34199134199135,,
866,0.2145980652018543,91.34199134199135,,
867,0.22230912407411296,90.04329004329004,,
868,0.2018031689296725,91.1976911976912,,
869,0.19235190289017098,91.48629148629149,,
870,0.19565455770337736,91.63059163059162,,
871,0.19288642513115511,91.48629148629149,,
872,0.17537091517603243,93.50649350649351,,
873,0.19201487777983128,91.63059163059162,,
874,0.18908575805062683,92.35209235209236,,
875,0.197730932228837,91.48629148629149,0.8359179129074146,81.81818181818181
876,0.18883871666624777,92.06349206349206,,
877,0.20114233960836997,90.76479076479076,,
878,0.1971834080473857,92.64069264069263,,
879,0.18003011288451942,92.35209235209236,,
880,0.19138976548829292,93.07359307359307,,
881,0.21398128988422874,90.9090909090909,,
882,0.19790731596224237,91.1976911976912,,
883,0.1867024071116812,91.77489177489177,,
884,0.17900689370516273,93.36219336219337,,
885,0.20626447366988676,92.4963924963925,,
886,0.2096245562789416,89.6103896103896,,
887,0.21063359750738478,90.9090909090909,,
888,0.19415025807605332,91.48629148629149,,
889,0.17619007113046978,92.78499278499278,,
890,0.19875421531466178,91.34199134199135,,
891,0.1830470758083063,92.64069264069263,,
892,0.18123741824217518,92.35209235209236,,
893,0.19642783905692604,92.20779220779221,,
894,0.18028248233645403,92.4963924963925,,
895,0.18680888560061676,91.77489177489177,,
896,0.19125216365032555,92.64069264069263,,
897,0.21397721173959378,91.48629148629149,,
898,0.19289494144581096,91.34199134199135,,
899,0.20457793129298937,91.48629148629149,,
900,0.1784300460529878,93.36219336219337,0.8133223234833061,80.51948051948052
901,0.1737235967516039,92.20779220779221,,
902,0.1902773453817739,91.48629148629149,,
903,0.1796208569256879,92.06349206349206,,
904,0.1805195233221522,92.35209235209236,,
905,0.18496834711422996,92.64069264069263,,
906,0.19363729343957886,92.20779220779221,,
907,0.19487167755074658,92.92929292929293,,
908,0.18730122777720723,91.77489177489177,,
909,0.18287677381289813,92.4963924963925,,
910,0.18039074979862266,91.77489177489177,,
911,0.1734838830562467,92.92929292929293,,
912,0.19835526160196998,92.20779220779221,,
913,0.18211125910368145,92.78499278499278,,
914,0.1690566231258762,93.50649350649351,,
915,0.1953107232676784,91.77489177489177,,
916,0.19087031867736776,91.91919191919192,,
917,0.18824394348293844,92.20779220779221,,
918,0.17458221467929486,92.06349206349206,,
919,0.20309468396384306,92.06349206349206,,
920,0.18431254395674834,92.64069264069263,,
921,0.19461687380101259,92.35209235209236,,
922,0.18014476884796163,92.78499278499278,,
923,0.16617669012736191,93.07359307359307,,
924,0.18139965468842917,92.64069264069263,,
925,0.15801923908562027,93.65079365079364,0.7948948137171856,83.11688311688312
926,0.20486498089751812,92.20779220779221,,
927,0.21050755681757632,91.05339105339105,,
928,0.2036269179842345,91.34199134199135,,
929,0.19156336674700566,91.77489177489177,,
930,0.19239457155890968,91.05339105339105,,
931,0.16237576905783122,93.93939393939394,,
932,0.20199151083956032,91.05339105339105,,
933,0.20007687679143868,93.65079365079364,,
934,0.17204721215010377,92.92929292929293,,
935,0.19484481103664525,92.64069264069263,,
936,0.16950411224821085,93.50649350649351,,
937,0.18792917313857857,91.63059163059162,,
938,0.19152766565051774,92.4963924963925,,
939,0.18144884795853586,92.78499278499278,,
940,0.20684884916480314,91.34199134199135,,
941,0.1805570310930497,92.20779220779221,,
942,0.19099494780468906,92.64069264069263,,
943,0.19001237183680267,91.05339105339105,,
944,0.1561321708633098,94.51659451659452,,
945,0.20682413082618217,92.20779220779221,,
946,0.20202228151165047,91.63059163059162,,
947,0.1738862070009048,93.07359307359307,,
948,0.1979456598538513,90.47619047619048,,
949,0.17826908762320812,92.06349206349206,,
950,0.18119379761931184,93.21789321789322,0.7766262857944934,80.51948051948052
951,0.19872125151095452,92.4963924963925,,
952,0.20354113180571992,91.63059163059162,,
953,0.20322391695059394,91.91919191919192,,
954,0.20616395582282354,91.05339105339105,,
955,0.17013273885659067,93.93939393939394,,
956,0.18761223954555792,92.20779220779221,,
957,0.18104696032976864,93.36219336219337,,
958,0.18217932746824936,93.07359307359307,,
959,0.19999641455269135,91.77489177489177,,
960,0.20011444709668255,92.4963924963925,,
961,0.18943667766593753,92.4963924963925,,
962,0.1698185695284201,92.92929292929293,,
963,0.18653975150307364,91.91919191919192,,
964,0.18458481354996412,92.64069264069263,,
965,0.1882944737935995,92.64069264069263,,
966,0.17718659920824897,92.92929292929293,,
967,0.188336971561286,92.20779220779221,,
968,0.17786392251306454,92.35209235209236,,
969,0.19451616718440518,92.06349206349206,,
970,0.1723976403657578,93.79509379509379,,
971,0.17073030936468558,92.78499278499278,,
972,0.17643942592281198,93.07359307359307,,
973,0.1942083594344911,91.91919191919192,,
974,0.17205637512785016,92.35209235209236,,
975,0.1778360153904553,92.35209235209236,0.8889089071905458,77.92207792207792
976,0.1784805055804454,91.91919191919192,,
977,0.18693055283455623,92.20779220779221,,
978,0.18076571038941627,92.4963924963925,,
979,0.18123307531702226,92.20779220779221,,
980,0.19205062342928603,91.63059163059162,,
981,0.20956104745198723,90.62049062049061,,
982,0.18224713657841538,93.07359307359307,,
983,0.17606060441266236,92.64069264069263,,
984,0.17662460374152678,93.50649350649351,,
985,0.17141395478279559,92.20779220779221,,
986,0.19033085216175427,91.77489177489177,,
987,0.1783310772708656,91.34199134199135,,
988,0.18354151951092662,92.4963924963925,,
989,0.1875240808583979,91.63059163059162,,
990,0.1875178021570993,93.21789321789322,,
991,0.1827936534935133,93.65079365079364,,
992,0.1597433335014752,93.36219336219337,,
993,0.18087437216187108,91.63059163059162,,
994,0.17704874954440378,92.64069264069263,,
995,0.16338967650720224,93.65079365079364,,
996,0.2014814250676491,91.77489177489177,,
997,0.17490646475321286,93.36219336219337,,
998,0.16593358327041974,92.78499278499278,,
999,0.18656005872706485,91.91919191919192,,
1000,0.16807527668118305,92.78499278499278,0.8086387917592928,79.22077922077922
