epoch,train_loss,train_acc,test_loss,test_acc
1,0.6935268403131725,50.505050505050505,0.6830607598478143,55.84415584415584
2,0.6882599799491971,55.98845598845599,,
3,0.6839149821372259,55.55555555555556,,
4,0.6824869784441862,55.84415584415584,,
5,0.6761046531052473,56.70995670995671,,
6,0.6752398918889474,55.699855699855696,,
7,0.6709141089630677,56.998556998557,,
8,0.6670575879869007,56.85425685425685,,
9,0.661290234817571,58.297258297258296,,
10,0.6566676448433946,58.297258297258296,,
11,0.6469752267325596,62.04906204906205,,
12,0.6482420894834731,62.77056277056277,,
13,0.6417164943606994,63.05916305916306,,
14,0.6370005856172691,63.924963924963926,,
15,0.6289413056160292,64.93506493506493,,
16,0.6250264312625792,68.3982683982684,,
17,0.611075925706613,68.3982683982684,,
18,0.6065972171304546,70.85137085137085,,
19,0.6126995506826761,69.6969696969697,,
20,0.5912096502546969,70.99567099567099,,
21,0.5855974022616212,69.84126984126983,,
22,0.582085120041477,69.6969696969697,,
23,0.5809965106143924,71.42857142857143,,
24,0.576404595787907,70.99567099567099,,
25,0.5659303747730338,70.70707070707071,0.6026690308149759,68.83116883116882
26,0.556525790201121,72.58297258297259,,
27,0.5664729318577489,70.56277056277057,,
28,0.555584410224298,73.16017316017316,,
29,0.5597071121265362,72.15007215007215,,
30,0.5548325761572107,71.86147186147186,,
31,0.5291215152107448,74.60317460317461,,
32,0.5303413111066061,72.58297258297259,,
33,0.5399755638571184,75.46897546897547,,
34,0.5266499149506915,74.31457431457432,,
35,0.5237775484118798,74.31457431457432,,
36,0.5282649394839701,74.45887445887446,,
37,0.5142558014926112,74.45887445887446,,
38,0.5227974457142157,74.02597402597402,,
39,0.5253542765738473,74.31457431457432,,
40,0.5157697268722722,75.18037518037518,,
41,0.5048176533560044,75.46897546897547,,
42,0.4953961568907398,77.92207792207792,,
43,0.5043667972861946,77.05627705627705,,
44,0.5120426572934546,74.45887445887446,,
45,0.5056835584138207,73.73737373737374,,
46,0.4902057354412382,76.47907647907648,,
47,0.49376367335711724,77.2005772005772,,
48,0.49220495697911854,78.21067821067821,,
49,0.4934828429769128,77.92207792207792,,
50,0.4871179373749407,77.92207792207792,0.5425296534191478,71.42857142857143
51,0.48281945599966064,76.04617604617604,,
52,0.48072191195570546,77.92207792207792,,
53,0.47884769847382713,78.35497835497836,,
54,0.4698296763852217,78.06637806637806,,
55,0.46759444380563403,78.64357864357865,,
56,0.47329541769894684,78.93217893217893,,
57,0.4697667405890868,78.35497835497836,,
58,0.4533036141340523,78.64357864357865,,
59,0.46156290960518315,78.64357864357865,,
60,0.45928511758903406,79.22077922077922,,
61,0.46140500401048606,78.78787878787878,,
62,0.44106876187854344,80.23088023088023,,
63,0.44368548396689894,79.36507936507937,,
64,0.44253705044157404,80.51948051948052,,
65,0.4401147522107519,78.35497835497836,,
66,0.4388730999453243,81.38528138528139,,
67,0.449841517562646,77.4891774891775,,
68,0.43891800120795443,80.51948051948052,,
69,0.45413336703959656,80.37518037518038,,
70,0.45498839596993307,80.51948051948052,,
71,0.42375795257211935,81.81818181818181,,
72,0.4342958408946771,80.51948051948052,,
73,0.4210956044183321,82.1067821067821,,
74,0.4232577926238722,80.66378066378067,,
75,0.43776014249390166,81.24098124098124,0.5162441614386323,76.62337662337663
76,0.4268575726563452,80.8080808080808,,
77,0.438160989621673,79.22077922077922,,
78,0.4282406629163982,80.23088023088023,,
79,0.4218130088901795,80.51948051948052,,
80,0.43908612655870843,78.93217893217893,,
81,0.4264970521562199,80.37518037518038,,
82,0.39699969164392823,85.42568542568543,,
83,0.45014156631233027,79.36507936507937,,
84,0.4201354709538547,82.1067821067821,,
85,0.43035632217085207,80.66378066378067,,
86,0.4125612774624625,83.26118326118326,,
87,0.4110594359999267,82.82828282828282,,
88,0.40842463865252626,82.53968253968254,,
89,0.40770144315509055,81.81818181818181,,
90,0.40409906283773556,81.24098124098124,,
91,0.414454274363332,82.68398268398268,,
92,0.38766352834467593,82.3953823953824,,
93,0.38762544222380346,83.54978354978356,,
94,0.3957424004270573,81.96248196248196,,
95,0.384132799906132,82.1067821067821,,
96,0.3943096604010071,81.0966810966811,,
97,0.38673324465837655,83.83838383838383,,
98,0.4076785320499415,81.0966810966811,,
99,0.4064574623950804,81.67388167388168,,
100,0.39184400022115884,82.25108225108225,0.4543485656961218,77.92207792207792
101,0.36069802813027674,86.14718614718615,,
102,0.3983035508172337,82.25108225108225,,
103,0.40197312814676744,80.95238095238095,,
104,0.38846156805280657,83.11688311688312,,
105,0.3766796678562701,82.68398268398268,,
106,0.3874259539066799,81.38528138528139,,
107,0.3814135418739842,81.24098124098124,,
108,0.3705390173549432,83.69408369408369,,
109,0.3745382936915966,84.84848484848484,,
110,0.3841972021657495,83.54978354978356,,
111,0.378945654002791,83.26118326118326,,
112,0.3775984960760045,82.3953823953824,,
113,0.38327877027819857,83.40548340548341,,
114,0.3784426684245403,82.3953823953824,,
115,0.36418698502309393,84.99278499278499,,
116,0.38477389101600235,83.83838383838383,,
117,0.37956524617744214,83.26118326118326,,
118,0.36380654242303634,86.14718614718615,,
119,0.4009137941688342,82.97258297258297,,
120,0.38132918848619834,82.53968253968254,,
121,0.3708217959383349,84.12698412698413,,
122,0.35930327733529765,85.13708513708514,,
123,0.3512764090798462,84.7041847041847,,
124,0.36701942868476994,85.28138528138528,,
125,0.3448029647958915,84.99278499278499,0.442896924235604,79.22077922077922
126,0.35787682987824837,83.54978354978356,,
127,0.35474228041856665,82.68398268398268,,
128,0.3587976223634607,84.7041847041847,,
129,0.3611712536598525,84.7041847041847,,
130,0.3596413236159783,83.26118326118326,,
131,0.3531374639762945,85.42568542568543,,
132,0.3832758448770724,83.83838383838383,,
133,0.36583386983018246,83.69408369408369,,
134,0.36131017849730895,84.55988455988457,,
135,0.36271084808511994,82.3953823953824,,
136,0.3532568975788518,85.71428571428571,,
137,0.3392851224537364,86.002886002886,,
138,0.3473197523004565,86.002886002886,,
139,0.3222876768962387,85.56998556998558,,
140,0.3295336886272802,86.002886002886,,
141,0.34745767729794996,84.7041847041847,,
142,0.3385352615756218,85.71428571428571,,
143,0.3439498217870491,84.7041847041847,,
144,0.3633247269653483,84.27128427128427,,
145,0.3236780199524644,86.86868686868686,,
146,0.3445849624203053,84.55988455988457,,
147,0.3289423229718449,85.28138528138528,,
148,0.34721390758930004,84.7041847041847,,
149,0.33581501783058587,85.13708513708514,,
150,0.3347976729381308,85.28138528138528,0.44366013771527774,80.51948051948052
151,0.3316474537570755,85.28138528138528,,
152,0.34746713418121117,83.40548340548341,,
153,0.31709362708386923,86.86868686868686,,
154,0.3281312941386758,85.56998556998558,,
155,0.313644008891063,87.01298701298701,,
156,0.33374181411311055,85.56998556998558,,
157,0.3476407001114855,84.27128427128427,,
158,0.3330681601601074,85.71428571428571,,
159,0.33318166260595444,84.99278499278499,,
160,0.33408937793531457,85.85858585858585,,
161,0.3321134046816723,88.45598845598846,,
162,0.3391846315599279,87.15728715728716,,
163,0.32301400079355613,86.86868686868686,,
164,0.34395066733656166,86.14718614718615,,
165,0.344564777862114,84.41558441558442,,
166,0.32616593595190996,84.41558441558442,,
167,0.33095267621469704,85.71428571428571,,
168,0.3292254139420618,84.84848484848484,,
169,0.3146175376823626,86.002886002886,,
170,0.3100519391021343,86.86868686868686,,
171,0.30625562204254997,86.43578643578644,,
172,0.33417620674356235,85.56998556998558,,
173,0.3269571851170252,87.01298701298701,,
174,0.30745699386748054,87.3015873015873,,
175,0.3081725878804965,87.15728715728716,0.4439595326200708,81.81818181818181
176,0.3202720754074328,86.002886002886,,
177,0.30608458007439904,88.16738816738817,,
178,0.322113321113036,85.13708513708514,,
179,0.332764684766918,85.71428571428571,,
180,0.337206398683881,85.71428571428571,,
181,0.33513775648492755,86.58008658008659,,
182,0.30784425070619514,86.72438672438672,,
183,0.32003775084173525,86.86868686868686,,
184,0.3016782631347706,87.3015873015873,,
185,0.3260901768787255,85.42568542568543,,
186,0.3038211954276455,86.43578643578644,,
187,0.30891097452045346,87.15728715728716,,
188,0.2936862891628629,86.58008658008659,,
189,0.30062291858258183,87.01298701298701,,
190,0.2997422796307188,86.72438672438672,,
191,0.2880523820847144,88.16738816738817,,
192,0.3165337692994576,86.86868686868686,,
193,0.30296698552361473,86.14718614718615,,
194,0.2982933472675334,86.72438672438672,,
195,0.29452036399646925,86.58008658008659,,
196,0.2885883722083393,88.16738816738817,,
197,0.30461595248307327,88.16738816738817,,
198,0.31370371029662536,87.73448773448773,,
199,0.32260003354814315,86.002886002886,,
200,0.29549392956761916,87.5901875901876,0.4156892539618851,84.41558441558442
201,0.29372055860824914,86.43578643578644,,
202,0.2727835474248228,89.32178932178932,,
203,0.2707886097235081,88.02308802308802,,
204,0.2785087830963589,88.31168831168831,,
205,0.3012965531404228,86.2914862914863,,
206,0.3198909526005452,86.58008658008659,,
207,0.2899922024765056,87.73448773448773,,
208,0.28293595212534567,87.87878787878788,,
209,0.27319958474900985,88.16738816738817,,
210,0.2856197551989452,89.03318903318903,,
211,0.2836205592489174,87.3015873015873,,
212,0.2866835362381405,87.44588744588745,,
213,0.2720616858715963,89.32178932178932,,
214,0.3028855829527884,86.86868686868686,,
215,0.2988479049690874,87.3015873015873,,
216,0.30278336687865537,87.15728715728716,,
217,0.27921110228198603,88.45598845598846,,
218,0.2806746770142649,89.17748917748918,,
219,0.27589533292025886,89.32178932178932,,
220,0.2608598859451206,89.03318903318903,,
221,0.28156970933746295,88.31168831168831,,
222,0.29701252176304055,87.44588744588745,,
223,0.2811947694588533,88.45598845598846,,
224,0.2899746180956842,87.3015873015873,,
225,0.3058414099708436,87.5901875901876,0.43195530888322115,83.11688311688312
226,0.27498875502470077,88.45598845598846,,
227,0.28209111236390616,87.5901875901876,,
228,0.2913075131599349,88.02308802308802,,
229,0.27978455694593907,88.88888888888889,,
230,0.27018636569359256,88.74458874458874,,
231,0.28172753443793647,87.73448773448773,,
232,0.27692500831932904,88.88888888888889,,
233,0.2944167002196952,88.45598845598846,,
234,0.2697573374059121,89.46608946608947,,
235,0.25784785177929576,89.8989898989899,,
236,0.269133623931315,88.31168831168831,,
237,0.2828495427751094,87.5901875901876,,
238,0.2733443786227514,89.17748917748918,,
239,0.2768581851908311,87.87878787878788,,
240,0.28003564132928505,87.87878787878788,,
241,0.2761811778314874,88.02308802308802,,
242,0.30288592101347567,87.3015873015873,,
243,0.2557136326125174,90.18759018759019,,
244,0.27245137669565356,89.17748917748918,,
245,0.28374392060834436,88.45598845598846,,
246,0.2621792431431587,89.32178932178932,,
247,0.28218436312107814,87.44588744588745,,
248,0.27673412797082897,87.44588744588745,,
249,0.24392575305089634,91.05339105339105,,
250,0.2831371937479292,87.15728715728716,0.44812478570194986,80.51948051948052
251,0.26277821593814427,89.46608946608947,,
252,0.2577071546820163,89.17748917748918,,
253,0.2615395374542363,89.03318903318903,,
254,0.2732939805088277,88.16738816738817,,
255,0.2705649762786656,88.60028860028861,,
256,0.2746852763631471,88.16738816738817,,
257,0.300534281121704,88.45598845598846,,
258,0.26102177882607364,87.87878787878788,,
259,0.27002193231517274,88.60028860028861,,
260,0.25896080021046286,88.60028860028861,,
261,0.2815203226317919,87.73448773448773,,
262,0.24411134204651197,89.03318903318903,,
263,0.250116821706381,89.46608946608947,,
264,0.2423274836584947,90.33189033189034,,
265,0.2695414014106877,89.03318903318903,,
266,0.24556441525532224,89.8989898989899,,
267,0.25009594649119465,89.03318903318903,,
268,0.26723221295968796,88.60028860028861,,
269,0.2412324780020406,90.33189033189034,,
270,0.25558317227969096,89.46608946608947,,
271,0.2606632114048042,89.32178932178932,,
272,0.2700766071483686,89.75468975468975,,
273,0.2638883093347797,90.18759018759019,,
274,0.270428987980577,89.03318903318903,,
275,0.24572501040210284,90.76479076479076,0.48497816107489844,84.41558441558442
276,0.24140513323860252,89.75468975468975,,
277,0.25251274552696196,89.6103896103896,,
278,0.24289820221767452,89.46608946608947,,
279,0.2560414567396238,89.03318903318903,,
280,0.2605626673624457,88.60028860028861,,
281,0.2577529164705786,88.31168831168831,,
282,0.24670552153780004,88.45598845598846,,
283,0.2723150070794303,89.46608946608947,,
284,0.2440006013040419,89.17748917748918,,
285,0.24268480068849452,89.75468975468975,,
286,0.23255405750281538,91.48629148629149,,
287,0.2522610886637955,89.6103896103896,,
288,0.2554078173069727,89.46608946608947,,
289,0.23667609515300217,91.48629148629149,,
290,0.2637758158674144,88.88888888888889,,
291,0.23795289558077615,90.9090909090909,,
292,0.24944177121569067,89.46608946608947,,
293,0.2393314547697015,89.46608946608947,,
294,0.23101898795598513,91.34199134199135,,
295,0.23119229518016868,89.75468975468975,,
296,0.22858747590499867,90.18759018759019,,
297,0.24895915247145153,89.32178932178932,,
298,0.2472503169360443,89.03318903318903,,
299,0.22686166431308652,90.76479076479076,,
300,0.25548295220857403,89.6103896103896,0.49154477227817883,84.41558441558442
301,0.23979850967037042,90.04329004329004,,
302,0.23641702177978696,90.47619047619048,,
303,0.23471554240795098,89.8989898989899,,
304,0.25010441542531847,88.74458874458874,,
305,0.24301630205879307,90.18759018759019,,
306,0.24405428597335346,89.32178932178932,,
307,0.25436903896484886,89.75468975468975,,
308,0.25885557027434203,89.32178932178932,,
309,0.25535691605845917,89.03318903318903,,
310,0.2525404534728668,88.60028860028861,,
311,0.23623830715428182,89.6103896103896,,
312,0.22852118577792016,91.05339105339105,,
313,0.24488485953938566,90.33189033189034,,
314,0.23892051316959,89.32178932178932,,
315,0.2335182874749749,90.33189033189034,,
316,0.2433173975559196,89.32178932178932,,
317,0.24434059203574152,89.75468975468975,,
318,0.2431714137825271,90.62049062049061,,
319,0.2372528806135252,90.76479076479076,,
320,0.22058304492787364,90.04329004329004,,
321,0.22300504476993116,91.1976911976912,,
322,0.24924973896227529,88.88888888888889,,
323,0.22999586539093034,91.91919191919192,,
324,0.22883863830979254,90.47619047619048,,
325,0.21635616885721254,90.76479076479076,0.48659161623422204,83.11688311688312
326,0.2386417779130767,90.47619047619048,,
327,0.22944210628840486,90.47619047619048,,
328,0.23581279892592677,90.62049062049061,,
329,0.22390586466758283,91.05339105339105,,
330,0.22419265196436927,90.33189033189034,,
331,0.23028938728149492,90.76479076479076,,
332,0.22276472632503097,90.9090909090909,,
333,0.21334002023995524,91.48629148629149,,
334,0.23402139820658413,90.04329004329004,,
335,0.23818284789205113,88.88888888888889,,
336,0.21321493064686334,91.1976911976912,,
337,0.2204018085119872,91.63059163059162,,
338,0.23684475294611326,92.06349206349206,,
339,0.23087455684918518,90.04329004329004,,
340,0.22438388067320483,89.6103896103896,,
341,0.2265237994588815,90.18759018759019,,
342,0.23111083303695118,91.77489177489177,,
343,0.2343987501716889,90.62049062049061,,
344,0.2259201459898405,90.76479076479076,,
345,0.22241113516589436,89.46608946608947,,
346,0.21735776197514664,90.62049062049061,,
347,0.20811171812498552,90.33189033189034,,
348,0.2226098192396102,91.05339105339105,,
349,0.23375848868880608,89.46608946608947,,
350,0.2114263977667298,90.9090909090909,0.5092408703519152,87.01298701298701
351,0.21812745391204416,91.05339105339105,,
352,0.23502189996094586,90.76479076479076,,
353,0.21635765819924563,91.48629148629149,,
354,0.2216289114814472,91.77489177489177,,
355,0.2137450093744809,90.62049062049061,,
356,0.21675893159053713,90.9090909090909,,
357,0.23510252199475729,91.34199134199135,,
358,0.21158705236763836,91.63059163059162,,
359,0.22210761646687727,91.1976911976912,,
360,0.2184612714022957,91.34199134199135,,
361,0.19928189348577272,92.4963924963925,,
362,0.24203673319307842,89.46608946608947,,
363,0.23784265906951815,90.47619047619048,,
364,0.22452914258962414,91.05339105339105,,
365,0.20709350300901724,90.62049062049061,,
366,0.22415869947506753,91.48629148629149,,
367,0.23847545887119154,87.87878787878788,,
368,0.2282075502225675,91.05339105339105,,
369,0.2086479498710467,91.77489177489177,,
370,0.23106734471833723,89.6103896103896,,
371,0.23604728206239564,90.47619047619048,,
372,0.20568385827764976,92.20779220779221,,
373,0.19683052588410105,91.77489177489177,,
374,0.19983935619544502,90.9090909090909,,
375,0.2165419529010723,91.48629148629149,0.5345283777682812,81.81818181818181
376,0.20134943518868256,91.91919191919192,,
377,0.20173395333696065,91.1976911976912,,
378,0.22277239936942833,90.47619047619048,,
379,0.21735230954780552,90.76479076479076,,
380,0.21097588863809733,92.35209235209236,,
381,0.22428855876213888,90.62049062049061,,
382,0.19756662856362772,91.63059163059162,,
383,0.20145360908294996,91.48629148629149,,
384,0.22317577169571087,90.04329004329004,,
385,0.22034668161777018,90.76479076479076,,
386,0.23859693185247557,91.63059163059162,,
387,0.17553204534545777,94.37229437229438,,
388,0.2203901969487705,91.1976911976912,,
389,0.2194490892460508,91.1976911976912,,
390,0.21478138550105377,91.63059163059162,,
391,0.2202248682589156,90.76479076479076,,
392,0.2163262235008793,91.34199134199135,,
393,0.2174222223772459,91.1976911976912,,
394,0.22135903265913157,90.9090909090909,,
395,0.22659477149640328,91.63059163059162,,
396,0.21840383533877555,91.1976911976912,,
397,0.19034513968216393,92.20779220779221,,
398,0.1978100702962146,92.06349206349206,,
399,0.22345549010095142,91.77489177489177,,
400,0.2043603603199963,91.77489177489177,0.5249035830621596,81.81818181818181
401,0.21406787449512818,90.9090909090909,,
402,0.20912013868404844,90.62049062049061,,
403,0.21383985391082874,91.1976911976912,,
404,0.2005720468719112,91.77489177489177,,
405,0.20700779007841844,91.63059163059162,,
406,0.20552214321614515,92.78499278499278,,
407,0.18933620186681183,92.06349206349206,,
408,0.21070476729976495,91.1976911976912,,
409,0.1981922620275793,91.77489177489177,,
410,0.214622082034177,91.1976911976912,,
411,0.21465357865003967,91.05339105339105,,
412,0.21009343767923022,92.78499278499278,,
413,0.1856284269641058,92.20779220779221,,
414,0.21433421935009922,91.63059163059162,,
415,0.1832377085405769,93.50649350649351,,
416,0.20427774361631743,92.06349206349206,,
417,0.19390490160876023,92.64069264069263,,
418,0.1896077710570711,92.20779220779221,,
419,0.1995995830943402,92.20779220779221,,
420,0.18316516895142812,92.92929292929293,,
421,0.24606095983352497,89.46608946608947,,
422,0.21501321312238988,92.92929292929293,,
423,0.19803942565794114,92.4963924963925,,
424,0.20910793037555606,91.63059163059162,,
425,0.17762900086880418,93.93939393939394,0.5102902217344805,87.01298701298701
426,0.19204871046852756,91.77489177489177,,
427,0.1932090347119396,91.63059163059162,,
428,0.1971393016316158,92.92929292929293,,
429,0.21700783208829671,90.76479076479076,,
430,0.17799143056945627,92.78499278499278,,
431,0.20444482483217039,92.20779220779221,,
432,0.22192720743635344,92.35209235209236,,
433,0.20768165313148224,91.1976911976912,,
434,0.2032076797460194,90.18759018759019,,
435,0.1998752367616904,92.20779220779221,,
436,0.19790361911558357,92.4963924963925,,
437,0.19721483463934833,92.06349206349206,,
438,0.1699234948185787,92.92929292929293,,
439,0.18773269870494524,91.77489177489177,,
440,0.18673902025384476,92.06349206349206,,
441,0.179865230697316,93.36219336219337,,
442,0.19663599782863908,90.62049062049061,,
443,0.183533589846171,92.06349206349206,,
444,0.19652972361247606,92.78499278499278,,
445,0.20829911714938468,90.33189033189034,,
446,0.18434701061136965,92.35209235209236,,
447,0.18273420969473164,93.21789321789322,,
448,0.21435119799764296,91.77489177489177,,
449,0.17664561324993425,92.78499278499278,,
450,0.2224121530678709,90.76479076479076,0.5065217381948001,87.01298701298701
451,0.2015090221471945,90.9090909090909,,
452,0.18392287867753881,93.65079365079364,,
453,0.21446155289034824,91.05339105339105,,
454,0.19462198363603622,93.65079365079364,,
455,0.1660610585591741,93.50649350649351,,
456,0.19429959004145508,92.78499278499278,,
457,0.19744798885107384,92.06349206349206,,
458,0.2009484140473871,91.91919191919192,,
459,0.18327895499239064,93.21789321789322,,
460,0.18603576558492915,92.92929292929293,,
461,0.18868769436515598,92.20779220779221,,
462,0.21822956906467633,91.77489177489177,,
463,0.1770053529765183,92.78499278499278,,
464,0.2145787307409325,91.34199134199135,,
465,0.19853330527205143,91.48629148629149,,
466,0.18284659438147002,93.07359307359307,,
467,0.18575650917212944,92.4963924963925,,
468,0.19351529324639583,93.50649350649351,,
469,0.18967632476299529,92.4963924963925,,
470,0.18399357873123962,92.64069264069263,,
471,0.20593755901891947,92.06349206349206,,
472,0.19135829234364057,92.4963924963925,,
473,0.21705396187425863,90.76479076479076,,
474,0.19295241205293207,94.37229437229438,,
475,0.18997502449528997,91.63059163059162,0.5314134274210248,88.31168831168831
476,0.16735219792026118,93.21789321789322,,
477,0.19332461797163256,91.34199134199135,,
478,0.17724143762093086,92.92929292929293,,
479,0.2319083550748715,91.48629148629149,,
480,0.178216907154086,93.36219336219337,,
481,0.1936918819003334,92.20779220779221,,
482,0.1717849082728743,92.06349206349206,,
483,0.1980163153250195,92.4963924963925,,
484,0.1745020445721146,92.64069264069263,,
485,0.1838207467637881,92.92929292929293,,
486,0.18610544733885906,91.63059163059162,,
487,0.19398735087327282,92.78499278499278,,
488,0.2151788179164626,92.20779220779221,,
489,0.1853340133960113,92.64069264069263,,
490,0.1838156543080769,92.92929292929293,,
491,0.17132459144399623,92.20779220779221,,
492,0.19806613736015893,91.91919191919192,,
493,0.1902833545276785,92.35209235209236,,
494,0.18084830494562612,93.65079365079364,,
495,0.18063282996717125,92.78499278499278,,
496,0.19540669137953337,92.92929292929293,,
497,0.17767774252406446,93.79509379509379,,
498,0.20219846861100987,91.63059163059162,,
499,0.1729345555601354,93.07359307359307,,
500,0.17410517911847365,93.36219336219337,0.5360668804738429,85.71428571428571
501,0.15654781520699956,94.66089466089466,,
502,0.18080403332156364,92.64069264069263,,
503,0.18657083420182374,92.35209235209236,,
504,0.16639406538284873,92.64069264069263,,
505,0.18311055127160375,92.35209235209236,,
506,0.20546354654461446,91.1976911976912,,
507,0.206277497166507,91.63059163059162,,
508,0.19406299798347562,92.06349206349206,,
509,0.16255564508155998,93.36219336219337,,
510,0.18713994787583962,92.64069264069263,,
511,0.1905696935854949,92.20779220779221,,
512,0.1946079293212183,92.78499278499278,,
513,0.19124538577222205,91.48629148629149,,
514,0.19316857109252164,91.91919191919192,,
515,0.17996387080454723,93.07359307359307,,
516,0.18569616591732568,93.36219336219337,,
517,0.1821321765979561,92.64069264069263,,
518,0.1804112293374487,93.07359307359307,,
519,0.17414474444299893,93.79509379509379,,
520,0.20937966212393747,91.05339105339105,,
521,0.18248729551853385,93.36219336219337,,
522,0.17726325396378492,93.36219336219337,,
523,0.18114174751922338,91.1976911976912,,
524,0.1588912836314968,93.93939393939394,,
525,0.1555714305506382,93.79509379509379,0.5604438448881174,87.01298701298701
526,0.1805474256604781,92.4963924963925,,
527,0.17558502312346455,92.64069264069263,,
528,0.18118410272601707,92.35209235209236,,
529,0.1680078227852416,92.92929292929293,,
530,0.19231816567211785,90.9090909090909,,
531,0.18519179396127036,92.06349206349206,,
532,0.1721077271257386,93.21789321789322,,
533,0.17383685471519592,92.78499278499278,,
534,0.16550545684702986,93.21789321789322,,
535,0.1805383256632528,93.07359307359307,,
536,0.18059810141872878,92.35209235209236,,
537,0.207836778756516,91.34199134199135,,
538,0.18244062073819048,92.78499278499278,,
539,0.1841497653813073,91.91919191919192,,
540,0.14737062106744894,95.0937950937951,,
541,0.1717242437373164,94.08369408369408,,
542,0.16977177809757243,93.65079365079364,,
543,0.1769721686160044,92.92929292929293,,
544,0.1995362873541253,91.63059163059162,,
545,0.18730644906453067,92.78499278499278,,
546,0.15907573234424274,93.65079365079364,,
547,0.17145098818931057,93.07359307359307,,
548,0.1712826065246075,93.36219336219337,,
549,0.17161386932043457,93.79509379509379,,
550,0.15312599963784046,92.92929292929293,0.5020530030324861,87.01298701298701
551,0.1780671172413819,93.07359307359307,,
552,0.18221076247840046,92.06349206349206,,
553,0.16316683336683854,92.92929292929293,,
554,0.1736446615163382,93.21789321789322,,
555,0.1822548739149801,92.35209235209236,,
556,0.19769613517913295,93.21789321789322,,
557,0.16933293565892726,93.36219336219337,,
558,0.16062115741864083,93.79509379509379,,
559,0.1551757412297385,94.08369408369408,,
560,0.20134532798624571,91.77489177489177,,
561,0.1690921556812,92.92929292929293,,
562,0.17248871673065175,92.78499278499278,,
563,0.17150966295217196,93.07359307359307,,
564,0.16520802382094862,93.21789321789322,,
565,0.15854075139262117,93.93939393939394,,
566,0.16683866114800455,93.07359307359307,,
567,0.16642077691842294,93.21789321789322,,
568,0.16727422429369643,93.21789321789322,,
569,0.1607102116927354,93.21789321789322,,
570,0.19135662285452454,93.21789321789322,,
571,0.17929391478273002,92.92929292929293,,
572,0.16954012428011214,93.07359307359307,,
573,0.1669846462169165,92.92929292929293,,
574,0.15609406689679167,94.51659451659452,,
575,0.17532615327043793,92.4963924963925,0.5479927047506555,88.31168831168831
576,0.17881766378927927,92.64069264069263,,
577,0.17045218483538166,94.51659451659452,,
578,0.16967288681008943,92.20779220779221,,
579,0.15904419507944223,93.50649350649351,,
580,0.15311849545445536,93.21789321789322,,
581,0.16845941230719225,93.07359307359307,,
582,0.17259249826530357,93.50649350649351,,
583,0.16206629955966406,93.21789321789322,,
584,0.16319495022382915,94.08369408369408,,
585,0.1607446585275222,94.08369408369408,,
586,0.15945398386078652,93.50649350649351,,
587,0.18218368432695559,92.20779220779221,,
588,0.16859862267497985,92.78499278499278,,
589,0.16653589343095754,93.36219336219337,,
590,0.15601484729098036,94.08369408369408,,
591,0.15713729775573892,93.50649350649351,,
592,0.17549774846301278,93.21789321789322,,
593,0.18275727181121557,92.4963924963925,,
594,0.16117765544812918,93.93939393939394,,
595,0.16505834808597317,92.92929292929293,,
596,0.16563116996663302,92.4963924963925,,
597,0.16916499089067977,92.20779220779221,,
598,0.15293199850668296,94.51659451659452,,
599,0.15749600478333742,93.07359307359307,,
600,0.176871349973252,92.92929292929293,0.5521685434626294,87.01298701298701
601,0.1621358915565409,93.93939393939394,,
602,0.1422790889702146,95.0937950937951,,
603,0.16727145639762905,92.20779220779221,,
604,0.1562584228867404,93.65079365079364,,
605,0.17913105989259387,93.50649350649351,,
606,0.1562999418115547,94.22799422799423,,
607,0.15631870811463777,93.79509379509379,,
608,0.16434405045247868,93.79509379509379,,
609,0.1591390890390498,93.79509379509379,,
610,0.14227452727900158,95.81529581529581,,
611,0.17096721775518006,92.92929292929293,,
612,0.1404903925320975,94.8051948051948,,
613,0.1685372752770459,92.92929292929293,,
614,0.15781719516022036,93.93939393939394,,
615,0.13610647588667243,95.23809523809524,,
616,0.17525150694899141,92.4963924963925,,
617,0.16665151332535957,93.65079365079364,,
618,0.1980117613457756,93.07359307359307,,
619,0.1405359043015374,94.51659451659452,,
620,0.17464593932312117,93.21789321789322,,
621,0.1618377057160822,94.08369408369408,,
622,0.15132448739475673,94.22799422799423,,
623,0.15927553175804762,93.93939393939394,,
624,0.15196080544552246,93.79509379509379,,
625,0.15583511263072963,95.0937950937951,0.5442611466754567,88.31168831168831
626,0.17708340528035404,92.78499278499278,,
627,0.17143992387285137,92.20779220779221,,
628,0.15226784077675243,94.22799422799423,,
629,0.15201277833050292,93.65079365079364,,
630,0.16356122120677308,93.79509379509379,,
631,0.16363017741606864,94.37229437229438,,
632,0.16769898790344703,93.93939393939394,,
633,0.13820734409370808,94.22799422799423,,
634,0.14317545806518708,93.50649350649351,,
635,0.1855141491149411,92.20779220779221,,
636,0.15200632753611298,94.51659451659452,,
637,0.15956145006770867,94.51659451659452,,
638,0.1617148228279956,93.07359307359307,,
639,0.16153050419400092,93.21789321789322,,
640,0.1349608360602914,95.81529581529581,,
641,0.17271741751640562,92.92929292929293,,
642,0.15231479997887756,93.21789321789322,,
643,0.17595276167726448,92.4963924963925,,
644,0.17466359173752702,93.36219336219337,,
645,0.15260588248699775,93.65079365079364,,
646,0.16579075628544862,93.36219336219337,,
647,0.15450739914290662,93.93939393939394,,
648,0.15083595507739253,94.51659451659452,,
649,0.15471545729952801,93.79509379509379,,
650,0.14298020677659848,94.37229437229438,0.5669277658710232,87.01298701298701
651,0.15261523174001024,93.50649350649351,,
652,0.14949706854758324,94.08369408369408,,
653,0.17406980210611486,92.35209235209236,,
654,0.15447370120973297,93.79509379509379,,
655,0.14100079532997606,95.0937950937951,,
656,0.1466645888882067,93.65079365079364,,
657,0.1289048913925413,94.8051948051948,,
658,0.1565950278294895,93.21789321789322,,
659,0.14653341608689116,94.51659451659452,,
660,0.15522790797226788,93.50649350649351,,
661,0.1632490809603687,93.65079365079364,,
662,0.17134630645680393,93.07359307359307,,
663,0.15945784642238808,94.08369408369408,,
664,0.18022939730785023,92.78499278499278,,
665,0.14618048704031741,94.22799422799423,,
666,0.13473410579721304,95.38239538239539,,
667,0.1386623340746197,94.51659451659452,,
668,0.15635839106802646,94.37229437229438,,
669,0.15019042807137983,93.21789321789322,,
670,0.15846477998864084,93.65079365079364,,
671,0.1461905657298981,94.8051948051948,,
672,0.14286611348519593,94.94949494949495,,
673,0.15852017141609825,93.65079365079364,,
674,0.14936019926403163,94.37229437229438,,
675,0.13671993829772242,94.51659451659452,0.5558949089669561,88.31168831168831
676,0.15704831650848858,92.78499278499278,,
677,0.12514030787163827,95.67099567099567,,
678,0.15051787663761843,93.36219336219337,,
679,0.1706645048571506,93.79509379509379,,
680,0.15116692491448222,93.65079365079364,,
681,0.16347651318532735,93.36219336219337,,
682,0.15334780741090553,93.65079365079364,,
683,0.13325226520864134,95.81529581529581,,
684,0.16202387527641968,93.07359307359307,,
685,0.13270451003768916,95.38239538239539,,
686,0.15557191222583577,93.36219336219337,,
687,0.14843327331680584,93.36219336219337,,
688,0.15469752648821125,94.08369408369408,,
689,0.13185037905820693,95.0937950937951,,
690,0.1583211287684083,92.78499278499278,,
691,0.15882616306280162,93.21789321789322,,
692,0.153374263003447,94.37229437229438,,
693,0.14610562256361326,94.51659451659452,,
694,0.15303386242530734,93.50649350649351,,
695,0.16010362002326642,93.36219336219337,,
696,0.13734015923975812,94.8051948051948,,
697,0.1576061366827457,92.35209235209236,,
698,0.12880480059383578,95.23809523809524,,
699,0.13447398502073246,95.23809523809524,,
700,0.1605439531424689,93.93939393939394,0.6144114361180888,88.31168831168831
701,0.16482524068496615,93.21789321789322,,
702,0.15677768294665892,94.51659451659452,,
703,0.1477473530633453,94.37229437229438,,
704,0.16149908749314099,92.4963924963925,,
705,0.14611388319326513,93.50649350649351,,
706,0.1387792851071681,94.94949494949495,,
707,0.14882813744558746,94.22799422799423,,
708,0.16047621345279192,93.50649350649351,,
709,0.1555593308883828,93.79509379509379,,
710,0.15497996994599292,93.36219336219337,,
711,0.1680731720480568,93.93939393939394,,
712,0.13720517849595343,95.23809523809524,,
713,0.15109172086587544,94.22799422799423,,
714,0.151020572339366,93.36219336219337,,
715,0.14312752052432015,95.81529581529581,,
716,0.16011181994358784,93.93939393939394,,
717,0.14711205683874362,93.50649350649351,,
718,0.1449400797314286,94.51659451659452,,
719,0.16561361495808605,94.08369408369408,,
720,0.13469106135258255,94.94949494949495,,
721,0.1473878420577593,93.93939393939394,,
722,0.14931136242841056,93.79509379509379,,
723,0.13551789996298877,94.66089466089466,,
724,0.15534019302496146,94.08369408369408,,
725,0.13228100033216234,95.0937950937951,0.6011267188307526,88.31168831168831
726,0.13639842696530907,95.38239538239539,,
727,0.1543479517510787,94.51659451659452,,
728,0.12025385024227621,95.81529581529581,,
729,0.1503722702850511,93.93939393939394,,
730,0.1406145060991312,94.66089466089466,,
731,0.14936197531633993,93.93939393939394,,
732,0.14763841372719747,94.51659451659452,,
733,0.1355862382800731,95.0937950937951,,
734,0.13582396728737875,95.52669552669553,,
735,0.13508989109320385,95.38239538239539,,
736,0.13841569916080432,94.51659451659452,,
737,0.13602999748506223,94.94949494949495,,
738,0.13817335255134952,94.22799422799423,,
739,0.14020178747641576,93.79509379509379,,
740,0.12129631723998945,94.51659451659452,,
741,0.14182930991247103,94.08369408369408,,
742,0.13774141797212638,94.37229437229438,,
743,0.13504725954835378,93.93939393939394,,
744,0.10582279787139502,95.95959595959596,,
745,0.12064267636893632,94.8051948051948,,
746,0.1354238890315719,94.08369408369408,,
747,0.15030676186686814,94.66089466089466,,
748,0.13772668858014403,93.50649350649351,,
749,0.1337164266607462,95.38239538239539,,
750,0.16375919333880856,93.07359307359307,0.6322044180585192,87.01298701298701
751,0.12884407714654356,95.52669552669553,,
752,0.13845347646424952,94.22799422799423,,
753,0.13584146000079347,94.37229437229438,,
754,0.13030368140206536,95.38239538239539,,
755,0.13511080616577106,95.0937950937951,,
756,0.13496234269025179,94.66089466089466,,
757,0.12854465809052684,94.08369408369408,,
758,0.1329477762462085,95.23809523809524,,
759,0.13612392789873726,95.0937950937951,,
760,0.1431784744442993,93.93939393939394,,
761,0.1292844766933702,94.8051948051948,,
762,0.1345970287682518,95.67099567099567,,
763,0.142504942365539,94.22799422799423,,
764,0.1381958003544274,94.08369408369408,,
765,0.11623873625052784,95.23809523809524,,
766,0.13843793817627825,94.94949494949495,,
767,0.13861985797059828,94.8051948051948,,
768,0.16015114808189018,93.79509379509379,,
769,0.11750453246641812,96.1038961038961,,
770,0.16337298344912124,93.36219336219337,,
771,0.12180746859544284,95.67099567099567,,
772,0.13824678606973237,94.37229437229438,,
773,0.1597523249330975,94.22799422799423,,
774,0.1266576556534564,95.81529581529581,,
775,0.12820029117887327,94.37229437229438,0.652872855013067,88.31168831168831
776,0.11711000845852224,95.67099567099567,,
777,0.14725915113434432,94.8051948051948,,
778,0.12386641855664755,95.23809523809524,,
779,0.15612097522096027,94.08369408369408,,
780,0.13120408379842366,95.0937950937951,,
781,0.1288240352943862,95.38239538239539,,
782,0.1431956562021422,94.37229437229438,,
783,0.1255180804115353,94.94949494949495,,
784,0.12516949207461164,94.66089466089466,,
785,0.13042390138491408,94.51659451659452,,
786,0.14269331552916104,94.66089466089466,,
787,0.1354226455872564,94.51659451659452,,
788,0.13192717987952637,94.51659451659452,,
789,0.1260924819846131,95.67099567099567,,
790,0.11917776191905463,95.95959595959596,,
791,0.14451118452745942,94.8051948051948,,
792,0.16692683784476606,92.92929292929293,,
793,0.13662470723697204,94.22799422799423,,
794,0.15314356941853421,93.93939393939394,,
795,0.12565567360822685,95.52669552669553,,
796,0.14694913215451427,94.22799422799423,,
797,0.13870419005068452,94.08369408369408,,
798,0.14062295190205135,94.66089466089466,,
799,0.12086167757387285,95.23809523809524,,
800,0.12125312505507624,95.95959595959596,0.6317615168435233,88.31168831168831
801,0.12029382385431774,95.52669552669553,,
802,0.13202708895072277,94.51659451659452,,
803,0.13402373467344914,95.38239538239539,,
804,0.14357005882723334,93.93939393939394,,
805,0.15313290805699678,95.23809523809524,,
806,0.13667513842964585,94.08369408369408,,
807,0.12472194611682176,95.95959595959596,,
808,0.13224449659150744,94.66089466089466,,
809,0.12588868746036747,94.51659451659452,,
810,0.12123887202182373,95.95959595959596,,
811,0.15880866296062565,93.50649350649351,,
812,0.12128392305940089,95.38239538239539,,
813,0.14415112377008663,93.36219336219337,,
814,0.13904521384775037,94.37229437229438,,
815,0.13898922665337635,94.94949494949495,,
816,0.127816279827648,94.66089466089466,,
817,0.11702529186165178,95.81529581529581,,
818,0.12221114464308448,94.94949494949495,,
819,0.11531142828096387,96.1038961038961,,
820,0.12853908761368169,94.22799422799423,,
821,0.1410678838410591,93.93939393939394,,
822,0.15022715801456446,93.79509379509379,,
823,0.11793922091072256,96.3924963924964,,
824,0.13553998025314287,94.94949494949495,,
825,0.13785711994117816,95.0937950937951,0.641429624000153,87.01298701298701
826,0.11567693389683403,96.1038961038961,,
827,0.13247443428115238,95.0937950937951,,
828,0.13069739811455705,95.23809523809524,,
829,0.14194958109790284,93.79509379509379,,
830,0.13400203836772692,94.66089466089466,,
831,0.1262374443538261,95.23809523809524,,
832,0.14587256085520012,94.94949494949495,,
833,0.14333183781753198,94.8051948051948,,
834,0.11884991811187924,96.24819624819625,,
835,0.11759917250959388,95.81529581529581,,
836,0.13464103936934024,94.94949494949495,,
837,0.13129414278277415,94.51659451659452,,
838,0.12742701937037307,94.66089466089466,,
839,0.1372866372955482,94.08369408369408,,
840,0.13926216556783363,94.66089466089466,,
841,0.12437926638403754,95.52669552669553,,
842,0.13434882750694369,94.51659451659452,,
843,0.15974036340761666,93.50649350649351,,
844,0.12780061394277245,95.81529581529581,,
845,0.13146061907168935,94.8051948051948,,
846,0.13782608571958233,94.8051948051948,,
847,0.11938434082364278,94.94949494949495,,
848,0.1285582836206685,94.37229437229438,,
849,0.1252609769643041,96.3924963924964,,
850,0.1302279962433709,94.66089466089466,0.6333811677895583,88.31168831168831
851,0.13228631957096798,94.51659451659452,,
852,0.13554304979021242,94.94949494949495,,
853,0.12688113972450596,95.52669552669553,,
854,0.13563225761292472,94.22799422799423,,
855,0.12626131072446897,94.51659451659452,,
856,0.13560036065333764,94.37229437229438,,
857,0.13141302160198381,94.8051948051948,,
858,0.13329819016809302,94.51659451659452,,
859,0.13789178241812994,94.08369408369408,,
860,0.11379716439981653,95.38239538239539,,
861,0.10937633313786932,95.81529581529581,,
862,0.12672282602707888,93.65079365079364,,
863,0.1020715870554485,96.1038961038961,,
864,0.14089740490242517,94.51659451659452,,
865,0.13062615498018815,94.37229437229438,,
866,0.11524112812346882,95.81529581529581,,
867,0.12089351860303728,95.52669552669553,,
868,0.13463022427238297,95.38239538239539,,
869,0.13252857827526365,93.79509379509379,,
870,0.10480538096606817,95.81529581529581,,
871,0.13341259217214962,95.0937950937951,,
872,0.12727362101878784,95.23809523809524,,
873,0.12959090647694868,95.23809523809524,,
874,0.14541768395808266,93.79509379509379,,
875,0.1323374275650297,94.51659451659452,0.6278182662926711,88.31168831168831
876,0.15480294030208092,93.93939393939394,,
877,0.12303559027321927,95.0937950937951,,
878,0.13112864470241045,95.0937950937951,,
879,0.12004596776561476,95.38239538239539,,
880,0.1325246932920375,94.22799422799423,,
881,0.13422577368017571,95.52669552669553,,
882,0.1324585255176302,94.8051948051948,,
883,0.11839791736733518,96.3924963924964,,
884,0.11805163545353932,96.68109668109668,,
885,0.12071152441579887,94.8051948051948,,
886,0.13043705749219286,94.94949494949495,,
887,0.14401745256493445,93.79509379509379,,
888,0.1418335915020362,94.94949494949495,,
889,0.13285204482198965,94.08369408369408,,
890,0.1074216833598858,95.38239538239539,,
891,0.14035058214529425,93.79509379509379,,
892,0.14932941920614518,94.08369408369408,,
893,0.11764197629402039,96.1038961038961,,
894,0.11304464272369898,95.67099567099567,,
895,0.11655932061586188,95.38239538239539,,
896,0.11769291547813801,94.8051948051948,,
897,0.11416833866575751,95.67099567099567,,
898,0.15469402199527746,93.65079365079364,,
899,0.12470942333577172,95.38239538239539,,
900,0.14790233610463993,94.51659451659452,0.6593958170383007,87.01298701298701
901,0.09891622318096008,96.3924963924964,,
902,0.1394408049618269,94.8051948051948,,
903,0.13668359445964362,95.23809523809524,,
904,0.0986176720717223,96.68109668109668,,
905,0.12713966252010794,95.23809523809524,,
906,0.13792195389367112,94.51659451659452,,
907,0.11280007612680502,96.82539682539682,,
908,0.13275699473427466,94.51659451659452,,
909,0.12262050154878291,94.22799422799423,,
910,0.09955370510037327,96.1038961038961,,
911,0.12312737153507071,95.0937950937951,,
912,0.14685195225759975,94.51659451659452,,
913,0.09906824829236942,95.95959595959596,,
914,0.11697817053833995,95.95959595959596,,
915,0.1301645009777096,94.94949494949495,,
916,0.13899809177991804,95.23809523809524,,
917,0.12256300088131067,95.95959595959596,,
918,0.12315716150433126,95.52669552669553,,
919,0.13629545894159814,94.8051948051948,,
920,0.1357087568846272,94.66089466089466,,
921,0.12196978221648785,95.52669552669553,,
922,0.12613810102682438,94.8051948051948,,
923,0.126138883794713,95.0937950937951,,
924,0.09788141813543108,95.81529581529581,,
925,0.125483152330255,95.0937950937951,0.642311087676457,87.01298701298701
926,0.12658290611244039,94.66089466089466,,
927,0.11773446827997892,96.53679653679653,,
928,0.12774206332937635,94.8051948051948,,
929,0.11978791401994349,95.38239538239539,,
930,0.14171563785571556,94.94949494949495,,
931,0.1337693254819508,94.94949494949495,,
932,0.12132355365445259,94.66089466089466,,
933,0.13194836532054696,94.8051948051948,,
934,0.12809699016904075,95.38239538239539,,
935,0.09379481623946416,96.3924963924964,,
936,0.11895259002070406,94.66089466089466,,
937,0.13935151679003221,95.23809523809524,,
938,0.13875022732602663,93.79509379509379,,
939,0.10233976726365124,96.1038961038961,,
940,0.10034287174652777,96.53679653679653,,
941,0.10633522801606514,96.68109668109668,,
942,0.12170818246884908,95.38239538239539,,
943,0.12355262787225099,95.95959595959596,,
944,0.11127625691904693,95.67099567099567,,
945,0.1057024590542048,95.52669552669553,,
946,0.11117799541392884,95.67099567099567,,
947,0.11800941690523042,95.38239538239539,,
948,0.11822122573573007,94.94949494949495,,
949,0.10168071037956647,95.95959595959596,,
950,0.127697266369499,95.0937950937951,0.7184121988036416,87.01298701298701
951,0.13051903963863076,94.8051948051948,,
952,0.11658676795414172,95.23809523809524,,
953,0.10945820948176226,96.3924963924964,,
954,0.10066129602871507,95.95959595959596,,
955,0.12224526865129637,95.38239538239539,,
956,0.11910706609057485,95.67099567099567,,
957,0.11132425957857961,96.24819624819625,,
958,0.11952747628200278,95.67099567099567,,
959,0.10443344333815197,96.53679653679653,,
960,0.11932532429093062,96.24819624819625,,
961,0.11670375874462238,95.67099567099567,,
962,0.11132370265977508,95.23809523809524,,
963,0.10522564902665123,96.3924963924964,,
964,0.11189239088333014,95.0937950937951,,
965,0.10860367924577058,96.24819624819625,,
966,0.1216164929510066,94.8051948051948,,
967,0.13730016475460058,96.1038961038961,,
968,0.12221999361057474,94.8051948051948,,
969,0.1255219183693235,96.1038961038961,,
970,0.11282820602365558,95.81529581529581,,
971,0.13582237388449486,94.66089466089466,,
972,0.11971981312628045,95.52669552669553,,
973,0.10460496455441735,95.67099567099567,,
974,0.11020031536984409,96.68109668109668,,
975,0.11003199604059023,95.67099567099567,0.6548961362281402,88.31168831168831
976,0.10602407630473848,96.24819624819625,,
977,0.11555797322874978,94.8051948051948,,
978,0.11690450849987212,95.95959595959596,,
979,0.12230378597931772,95.38239538239539,,
980,0.10421432165528445,95.0937950937951,,
981,0.11343670237277236,95.67099567099567,,
982,0.12164849788756855,95.0937950937951,,
983,0.09934777674005833,96.68109668109668,,
984,0.13527009693145065,94.66089466089466,,
985,0.1256517276737683,95.67099567099567,,
986,0.11894787192575816,95.0937950937951,,
987,0.10082043736667774,95.67099567099567,,
988,0.12196839265364073,95.0937950937951,,
989,0.11119657698454279,95.52669552669553,,
990,0.09744662817293431,96.53679653679653,,
991,0.10690678761462973,96.53679653679653,,
992,0.11885928350949625,95.67099567099567,,
993,0.13335451376214516,94.37229437229438,,
994,0.12369603871718629,94.51659451659452,,
995,0.12354263641251974,94.37229437229438,,
996,0.13045595850779382,94.8051948051948,,
997,0.1251227157607051,94.66089466089466,,
998,0.11529168650802912,95.52669552669553,,
999,0.08922405071653329,97.54689754689754,,
1000,0.10039864302059154,96.24819624819625,0.758936460916098,88.31168831168831
