epoch,train_loss,train_acc,test_loss,test_acc
1,2.2910141750009276,12.77139208173691,2.277909588267785,14.50381679389313
2,2.134768186705627,28.863346104725416,,
3,1.953775981529158,34.22733077905492,,
4,1.809769147048356,42.017879948914434,,
5,1.628017083590667,53.12899106002554,,
6,1.5106352287538511,56.57726692209451,,
7,1.3902887821502004,60.15325670498084,,
8,1.2797806523312096,63.85696040868455,,
9,1.182428627939821,66.02809706257982,,
10,1.1018819284469537,68.5823754789272,,
11,1.0388488907314657,71.26436781609195,,
12,0.992941168989715,73.9463601532567,,
13,0.9299937584467166,75.35121328224777,,
14,0.8797744954835105,75.2234993614304,,
15,0.8385371697512318,77.77777777777777,,
16,0.7985020509015859,77.77777777777777,,
17,0.7948489967129392,79.05491698595146,,
18,0.7186447860789634,82.24776500638569,,
19,0.7033675835963866,82.24776500638569,,
20,0.685197790920506,80.5874840357599,,
21,0.6847543049589427,80.45977011494253,,
22,0.6409570185008482,83.65261813537676,,
23,0.6450456916753056,82.24776500638569,,
24,0.571030929551423,86.33461047254151,,
25,0.5618259561929666,85.44061302681992,0.6162859632541206,85.1145038167939
26,0.5435310395893618,85.56832694763729,,
27,0.5277446286127181,86.97318007662835,,
28,0.5047165356376618,87.35632183908046,,
29,0.5198013248875984,86.07918263090677,,
30,0.4719655073008775,88.63346104725414,,
31,0.5206047252372459,86.07918263090677,,
32,0.45747042493954165,86.33461047254151,,
33,0.4653274931517902,87.9948914431673,,
34,0.45471276809124805,87.86717752234993,,
35,0.43985002426047587,88.76117496807151,,
36,0.41368883577952137,89.272030651341,,
37,0.4039572765087259,89.39974457215837,,
38,0.405164477354722,88.76117496807151,,
39,0.396045271007494,89.65517241379311,,
40,0.3928529488286753,89.91060025542784,,
41,0.4130762223996422,89.272030651341,,
42,0.38020623468652387,88.25031928480205,,
43,0.3636105584116274,90.54916985951469,,
44,0.3347478710866675,90.03831417624521,,
45,0.3514913833232675,91.06002554278416,,
46,0.3331861741850355,91.3154533844189,,
47,0.3004015666619419,93.10344827586206,,
48,0.333999411013848,90.29374201787995,,
49,0.2970111896099563,92.9757343550447,,
50,0.30420122342243655,92.5925925925926,0.4435515330947992,88.54961832061069
