epoch,train_loss,train_acc,test_loss,test_acc
1,0.6896105980632281,55.98845598845599,0.6868806194949459,55.84415584415584
2,0.6861227331911502,55.98845598845599,,
3,0.686577323023203,55.98845598845599,,
4,0.6838843777754262,55.98845598845599,,
5,0.6804528413568912,55.98845598845599,,
6,0.6807356543011136,55.98845598845599,,
7,0.6759397541461741,55.98845598845599,,
8,0.6699224879043271,55.266955266955264,,
9,0.6665099561644495,58.58585858585859,,
10,0.6579790695061071,55.98845598845599,,
11,0.650563383945311,58.73015873015873,,
12,0.6414012601021221,61.76046176046176,,
13,0.636914579727261,63.924963924963926,,
14,0.6307055506355319,63.2034632034632,,
15,0.6149093459694932,64.93506493506493,,
16,0.6162925387529756,64.93506493506493,,
17,0.6068790524036853,70.41847041847042,,
18,0.6024015883862714,67.82106782106783,,
19,0.5832680967807081,71.13997113997114,,
20,0.5745978257356784,72.58297258297259,,
21,0.5676451390783852,69.26406926406926,,
22,0.5586874343960144,73.3044733044733,,
23,0.558841636686614,73.5930735930736,,
24,0.5556493390346158,72.87157287157287,,
25,0.5469148521127467,72.58297258297259,0.5670076569953522,72.72727272727273
26,0.5208855474322045,75.46897546897547,,
27,0.5331187682578402,71.71717171717172,,
28,0.530978953081464,74.45887445887446,,
29,0.5195267607295324,75.75757575757575,,
30,0.513752774629758,74.31457431457432,,
31,0.506662171726447,75.75757575757575,,
32,0.510061287432694,75.46897546897547,,
33,0.5144986644451752,74.60317460317461,,
34,0.5043455665503745,76.47907647907648,,
35,0.48552817669609755,75.61327561327562,,
36,0.48593160845500566,77.63347763347764,,
37,0.47973369008190875,77.34487734487735,,
38,0.47892706519769557,76.47907647907648,,
39,0.47612434161173833,76.91197691197691,,
40,0.48495492377838534,77.4891774891775,,
41,0.4714521972992031,76.19047619047619,,
42,0.4699277568603147,77.2005772005772,,
43,0.4644386141331165,78.64357864357865,,
44,0.4619634768147489,77.05627705627705,,
45,0.4662300924546103,78.21067821067821,,
46,0.4568409309070692,78.4992784992785,,
47,0.45762792070534664,78.4992784992785,,
48,0.43916849037269495,79.65367965367966,,
49,0.4444459578906647,79.79797979797979,,
50,0.45936360340269783,77.05627705627705,0.5129730283439934,74.02597402597402
51,0.46039443889909665,77.4891774891775,,
52,0.4417890622502282,77.92207792207792,,
53,0.4281212573099618,78.78787878787878,,
54,0.4358744649229972,79.65367965367966,,
55,0.4505523841016392,77.4891774891775,,
56,0.4349942652005998,80.66378066378067,,
57,0.4215697320164712,81.24098124098124,,
58,0.43674480288274703,79.07647907647907,,
59,0.43578516361861347,80.51948051948052,,
60,0.45823581815626024,78.21067821067821,,
61,0.4284107473505524,79.94227994227994,,
62,0.43159683863665976,79.22077922077922,,
63,0.44026896516654057,78.06637806637806,,
64,0.4531128495114534,78.06637806637806,,
65,0.43958654290153865,77.4891774891775,,
66,0.426425703676232,79.94227994227994,,
67,0.44025149782326656,78.06637806637806,,
68,0.41583696115240565,80.08658008658008,,
69,0.43954906701869606,80.08658008658008,,
70,0.42250077858631746,80.8080808080808,,
71,0.414557351608469,80.66378066378067,,
72,0.41678831613425055,81.0966810966811,,
73,0.4063708804558538,81.52958152958153,,
74,0.41023847994006213,80.66378066378067,,
75,0.40465974179869263,80.37518037518038,0.48179439058551543,77.92207792207792
76,0.4126969056384044,79.79797979797979,,
77,0.39984192197112983,81.67388167388168,,
78,0.4002529914244945,80.37518037518038,,
79,0.42433035150062814,79.50937950937951,,
80,0.4151390946616686,80.08658008658008,,
81,0.4091450956046667,80.8080808080808,,
82,0.4169821697697151,81.52958152958153,,
83,0.40661892152967904,81.24098124098124,,
84,0.38927115884866204,80.95238095238095,,
85,0.3827939567627845,81.81818181818181,,
86,0.3967909194625817,80.08658008658008,,
87,0.41011321110298793,80.8080808080808,,
88,0.4090876562942846,80.23088023088023,,
89,0.39540260015284,81.67388167388168,,
90,0.4123690336039572,80.37518037518038,,
91,0.39404045127084936,81.52958152958153,,
92,0.39851532599110623,81.52958152958153,,
93,0.4034365260755861,81.24098124098124,,
94,0.379057740150248,81.81818181818181,,
95,0.4053717659407364,81.67388167388168,,
96,0.35894880459938217,82.82828282828282,,
97,0.39342946510810356,81.52958152958153,,
98,0.40268069239061804,79.65367965367966,,
99,0.37381305176802354,82.53968253968254,,
100,0.40463289786210827,80.37518037518038,0.46358988695330433,79.22077922077922
101,0.3667477595513689,84.55988455988457,,
102,0.4027201122191733,80.95238095238095,,
103,0.3916074711867053,82.3953823953824,,
104,0.37833035555580824,83.40548340548341,,
105,0.39018741933814377,81.38528138528139,,
106,0.3883470774212957,81.0966810966811,,
107,0.3773015948257061,82.3953823953824,,
108,0.39401829930783006,81.96248196248196,,
109,0.3738130149989245,83.11688311688312,,
110,0.37239623293388113,83.83838383838383,,
111,0.3711161615184547,83.69408369408369,,
112,0.3769200420138812,82.1067821067821,,
113,0.38793420193859335,81.96248196248196,,
114,0.3872040854215966,81.52958152958153,,
115,0.37823916126639295,82.3953823953824,,
116,0.3767039134216859,82.25108225108225,,
117,0.3754707444109786,83.11688311688312,,
118,0.39379976218913026,81.38528138528139,,
119,0.370680628594382,81.81818181818181,,
120,0.35729539824426604,83.83838383838383,,
121,0.3838836561141248,82.68398268398268,,
122,0.3902720981647098,83.40548340548341,,
123,0.3649866844152475,83.69408369408369,,
124,0.3867925246384581,81.96248196248196,,
125,0.34806351964650906,84.41558441558442,0.4804076471111991,80.51948051948052
126,0.34918648582946343,84.99278499278499,,
127,0.3872236553337667,81.96248196248196,,
128,0.3679987276228303,82.97258297258297,,
129,0.36171694235368207,84.27128427128427,,
130,0.35562352666263114,84.84848484848484,,
131,0.3745325126861253,81.81818181818181,,
132,0.3862933854090015,82.97258297258297,,
133,0.3723104028044669,82.68398268398268,,
134,0.351927168914594,84.12698412698413,,
135,0.38278657827972506,83.69408369408369,,
136,0.3824656644854883,83.54978354978356,,
137,0.3379714202141177,84.12698412698413,,
138,0.36185982672855105,83.54978354978356,,
139,0.3706288735931914,83.11688311688312,,
140,0.36576461723184517,82.53968253968254,,
141,0.35634705893061036,83.40548340548341,,
142,0.3614158630908654,83.40548340548341,,
143,0.3721422226118491,83.54978354978356,,
144,0.35317352943090136,84.12698412698413,,
145,0.37166260038791454,83.69408369408369,,
146,0.3293906511553438,86.2914862914863,,
147,0.35348292778838764,83.26118326118326,,
148,0.35711840276766305,84.12698412698413,,
149,0.35513012689601464,85.28138528138528,,
150,0.35450387768673175,83.11688311688312,0.47449975973599917,79.22077922077922
151,0.36495202799122056,84.55988455988457,,
152,0.3618534631371326,85.13708513708514,,
153,0.3290663495724335,86.14718614718615,,
154,0.3351477974378013,85.28138528138528,,
155,0.35607475459489646,83.26118326118326,,
156,0.3424847515630516,83.83838383838383,,
157,0.35875880984860925,84.7041847041847,,
158,0.35182040671765547,85.13708513708514,,
159,0.3340251345999141,85.56998556998558,,
160,0.3571448004434979,84.27128427128427,,
161,0.34529280539972956,84.41558441558442,,
162,0.34074128263268466,85.42568542568543,,
163,0.3635928981963002,84.12698412698413,,
164,0.3387110446610664,84.55988455988457,,
165,0.36330093557356413,83.11688311688312,,
166,0.34446642520967846,85.56998556998558,,
167,0.327667520331786,85.56998556998558,,
168,0.33624325058332943,85.56998556998558,,
169,0.3301954614737677,85.13708513708514,,
170,0.33675585156051285,84.41558441558442,,
171,0.3498815710066373,82.68398268398268,,
172,0.3386641861964958,83.83838383838383,,
173,0.3718391022124848,82.68398268398268,,
174,0.3303849638196469,84.27128427128427,,
175,0.32431034926556235,86.002886002886,0.49136170435261417,80.51948051948052
176,0.31422104528456024,86.2914862914863,,
177,0.33833208349015975,84.12698412698413,,
178,0.3636653439651148,83.98268398268398,,
179,0.35267256215365245,83.98268398268398,,
180,0.33846676487255234,82.82828282828282,,
181,0.34824339918587977,84.12698412698413,,
182,0.32699098550912103,85.13708513708514,,
183,0.3410063304254331,85.56998556998558,,
184,0.35521443164537825,82.1067821067821,,
185,0.3192076924301329,84.55988455988457,,
186,0.3297364085611671,84.99278499278499,,
187,0.3571254918069551,84.12698412698413,,
188,0.35447852900533966,84.12698412698413,,
189,0.33805959229861504,84.84848484848484,,
190,0.34252053834659196,86.86868686868686,,
191,0.3294952688537119,84.55988455988457,,
192,0.3297897536431212,85.42568542568543,,
193,0.3236226280358275,85.42568542568543,,
194,0.31226056951809067,86.14718614718615,,
195,0.3094316537117029,85.85858585858585,,
196,0.3681878639764084,83.11688311688312,,
197,0.32866703603862857,84.12698412698413,,
198,0.33332024409313393,84.84848484848484,,
199,0.3102491163846218,87.01298701298701,,
200,0.32390570883541053,86.002886002886,0.5097799990084264,83.11688311688312
201,0.3270565009693391,85.28138528138528,,
202,0.3265670661372368,85.56998556998558,,
203,0.32650568259914886,86.72438672438672,,
204,0.3450840997145461,84.12698412698413,,
205,0.31179320124148635,87.3015873015873,,
206,0.32495804752450314,85.56998556998558,,
207,0.33244225563425006,84.84848484848484,,
208,0.32030648601605605,86.72438672438672,,
209,0.3472728238563345,84.27128427128427,,
210,0.31744495434162423,84.99278499278499,,
211,0.3040946829757649,86.72438672438672,,
212,0.31792118943270836,85.85858585858585,,
213,0.32038605428189254,86.86868686868686,,
214,0.3531138412708156,83.83838383838383,,
215,0.323228458305458,85.28138528138528,,
216,0.3093813845691571,86.58008658008659,,
217,0.32709913930894663,85.28138528138528,,
218,0.2981715701187156,85.71428571428571,,
219,0.3301314679317144,84.55988455988457,,
220,0.3204096724288632,86.14718614718615,,
221,0.3305554525848763,85.56998556998558,,
222,0.32546366357700135,86.2914862914863,,
223,0.3095997449811575,86.14718614718615,,
224,0.30605685315262876,86.86868686868686,,
225,0.3162345455752479,85.71428571428571,0.5090322227447064,84.41558441558442
226,0.30364450464000947,86.002886002886,,
227,0.3273273103078894,84.84848484848484,,
228,0.3538006223297394,83.40548340548341,,
229,0.30993108793254537,86.2914862914863,,
230,0.33506664242407286,85.13708513708514,,
231,0.3220271360220503,85.13708513708514,,
232,0.2991107657530263,87.15728715728716,,
233,0.3017927480896486,87.3015873015873,,
234,0.3011860237020091,86.86868686868686,,
235,0.32123575700395895,87.01298701298701,,
236,0.3021519085201522,85.42568542568543,,
237,0.3057566255890102,86.86868686868686,,
238,0.3282881364075824,85.56998556998558,,
239,0.29810262545620725,86.2914862914863,,
240,0.30354501749960033,87.5901875901876,,
241,0.31746787374669855,86.58008658008659,,
242,0.301525401927176,86.86868686868686,,
243,0.3171369159462476,86.002886002886,,
244,0.3343796303433945,85.42568542568543,,
245,0.29491163031191364,87.5901875901876,,
246,0.31729182381650584,86.58008658008659,,
247,0.31051560743976636,86.72438672438672,,
248,0.3111502504753,87.01298701298701,,
249,0.2924702640563723,86.43578643578644,,
250,0.29718968199101015,87.3015873015873,0.5401316974070165,80.51948051948052
251,0.32658152280087765,85.42568542568543,,
252,0.3064497804744935,87.15728715728716,,
253,0.2945392040205208,86.86868686868686,,
254,0.31204121472773616,85.71428571428571,,
255,0.3041294279036584,85.71428571428571,,
256,0.284878849424153,87.44588744588745,,
257,0.2924617990786895,87.3015873015873,,
258,0.3153651315627504,85.42568542568543,,
259,0.2953946737930028,87.01298701298701,,
260,0.3118899910136907,87.44588744588745,,
261,0.29278883909938314,87.5901875901876,,
262,0.32462336864822355,85.28138528138528,,
263,0.2873645808445599,87.3015873015873,,
264,0.29000575128743833,88.31168831168831,,
265,0.32230012136018293,86.58008658008659,,
266,0.3401915109884343,84.12698412698413,,
267,0.2996288453259681,87.5901875901876,,
268,0.29038788988906755,87.15728715728716,,
269,0.27555278388710763,86.58008658008659,,
270,0.3169589366059627,85.71428571428571,,
271,0.3167427386040295,86.58008658008659,,
272,0.29014690157999035,86.58008658008659,,
273,0.2892211904859474,87.73448773448773,,
274,0.30185638099349765,88.45598845598846,,
275,0.30263651971951194,86.002886002886,0.5582300351037608,84.41558441558442
276,0.2838525523957064,88.02308802308802,,
277,0.2954763000747686,87.15728715728716,,
278,0.2881372987707972,87.01298701298701,,
279,0.2847438733514081,89.03318903318903,,
280,0.27935915312381704,89.6103896103896,,
281,0.2718014802789103,87.5901875901876,,
282,0.286642094732707,88.02308802308802,,
283,0.3071181820584582,86.43578643578644,,
284,0.2927724597774027,87.87878787878788,,
285,0.29710885637250295,86.58008658008659,,
286,0.29362332362891275,88.02308802308802,,
287,0.29960868553853826,86.72438672438672,,
288,0.2997867623921941,87.3015873015873,,
289,0.29222031604245974,86.72438672438672,,
290,0.27635632715527975,89.17748917748918,,
291,0.2821418494201154,87.15728715728716,,
292,0.28258651533684176,87.44588744588745,,
293,0.2944584921066895,87.15728715728716,,
294,0.293300637413585,87.15728715728716,,
295,0.2691011397063216,88.74458874458874,,
296,0.2797122870559816,87.3015873015873,,
297,0.25081439305521536,89.17748917748918,,
298,0.2888357477614718,87.87878787878788,,
299,0.262063625377494,89.03318903318903,,
300,0.2806276251571347,86.86868686868686,0.5780461879519673,83.11688311688312
301,0.28431171574461855,88.16738816738817,,
302,0.2780846419487509,87.73448773448773,,
303,0.2765539539668811,89.17748917748918,,
304,0.3039287208199157,87.01298701298701,,
305,0.2874530598542735,87.44588744588745,,
306,0.27935245233180717,88.60028860028861,,
307,0.2710832357406616,87.5901875901876,,
308,0.2681793285181684,89.03318903318903,,
309,0.2788735952276688,87.44588744588745,,
310,0.28856171970759636,88.02308802308802,,
311,0.2671472282507719,88.60028860028861,,
312,0.26531790009824746,87.15728715728716,,
313,0.2813569665342182,88.16738816738817,,
314,0.27768702590018296,88.31168831168831,,
315,0.29275438142201254,87.5901875901876,,
316,0.2736865635988172,87.15728715728716,,
317,0.26480627735111795,88.60028860028861,,
318,0.2568903943203916,89.8989898989899,,
319,0.29546929385733467,86.86868686868686,,
320,0.28064427712951046,87.44588744588745,,
321,0.26922918823890357,89.6103896103896,,
322,0.27186897343285327,87.87878787878788,,
323,0.27457623572920653,88.02308802308802,,
324,0.2529245626401764,88.74458874458874,,
325,0.2757959196620861,88.02308802308802,0.5918303933236506,77.92207792207792
326,0.2743183514385512,87.3015873015873,,
327,0.2784971921646922,89.03318903318903,,
328,0.27611113308484075,88.45598845598846,,
329,0.24920268922313124,89.8989898989899,,
330,0.26650381698924913,88.45598845598846,,
331,0.27653591199354693,89.32178932178932,,
332,0.2761125692944506,89.6103896103896,,
333,0.2665431560548009,89.46608946608947,,
334,0.28171427003921024,88.31168831168831,,
335,0.2732485805626039,87.44588744588745,,
336,0.2592834363275572,88.31168831168831,,
337,0.26194198810176933,88.16738816738817,,
338,0.2714389678020928,88.74458874458874,,
339,0.28415674809769637,88.74458874458874,,
340,0.27052410486628653,88.31168831168831,,
341,0.26703724682782637,89.46608946608947,,
342,0.25032073435673297,89.03318903318903,,
343,0.24506630917304179,89.75468975468975,,
344,0.26526523094414634,88.16738816738817,,
345,0.272725719673637,88.88888888888889,,
346,0.29438571629758176,87.01298701298701,,
347,0.2599417410715662,89.46608946608947,,
348,0.26763779879648447,87.87878787878788,,
349,0.26034746709324064,88.16738816738817,,
350,0.26289336231750843,87.3015873015873,0.5607610677743887,79.22077922077922
351,0.232339394551636,90.9090909090909,,
352,0.2618000727109235,88.60028860028861,,
353,0.25144959291682445,90.47619047619048,,
354,0.24362914575986877,89.46608946608947,,
355,0.24926275771761697,89.32178932178932,,
356,0.2355370695284779,90.18759018759019,,
357,0.2710670379634199,88.02308802308802,,
358,0.2700541270587695,88.02308802308802,,
359,0.2569607752140122,89.03318903318903,,
360,0.2658319778063081,90.18759018759019,,
361,0.2450263427105473,90.04329004329004,,
362,0.27425834852637665,88.31168831168831,,
363,0.2552756621122016,88.45598845598846,,
364,0.2772318321303028,88.02308802308802,,
365,0.2534636995966128,89.32178932178932,,
366,0.24626303566310656,88.45598845598846,,
367,0.26234146389266283,87.44588744588745,,
368,0.2612926640143298,88.16738816738817,,
369,0.25547865072929155,88.88888888888889,,
370,0.23384617847306646,90.33189033189034,,
371,0.23032362047383967,89.8989898989899,,
372,0.26607131566664183,88.45598845598846,,
373,0.26360280788134016,89.8989898989899,,
374,0.252995317266961,87.44588744588745,,
375,0.2375714099424398,90.04329004329004,0.5707115484522535,79.22077922077922
376,0.2355251544911796,90.33189033189034,,
377,0.23981957387012492,89.75468975468975,,
378,0.2562774553099408,88.74458874458874,,
379,0.2593559608573005,88.45598845598846,,
380,0.26266970136034884,88.60028860028861,,
381,0.24321195070361679,88.88888888888889,,
382,0.25913896025689304,88.88888888888889,,
383,0.24072355814654417,90.04329004329004,,
384,0.2646818406998165,89.32178932178932,,
385,0.261398372583059,88.02308802308802,,
386,0.2440562511204297,89.8989898989899,,
387,0.25194931516227614,89.75468975468975,,
388,0.25039260642009037,89.75468975468975,,
389,0.24345500020022687,90.04329004329004,,
390,0.23429398597748938,91.34199134199135,,
391,0.2536013351288365,90.33189033189034,,
392,0.23043302429401857,90.18759018759019,,
393,0.25191249351136785,89.6103896103896,,
394,0.22825586284049834,90.62049062049061,,
395,0.23586538945785676,90.33189033189034,,
396,0.2569185346472487,88.60028860028861,,
397,0.24603942761259506,90.04329004329004,,
398,0.23086163375800822,91.34199134199135,,
399,0.24392150106475638,89.46608946608947,,
400,0.23426907347222256,90.18759018759019,0.5843919711066531,79.22077922077922
401,0.25403059219127094,88.60028860028861,,
402,0.23897656359713831,89.8989898989899,,
403,0.2650723003313311,88.60028860028861,,
404,0.25302037003236416,88.60028860028861,,
405,0.25391694851767965,88.60028860028861,,
406,0.22400062667773055,90.9090909090909,,
407,0.24676464087347275,89.6103896103896,,
408,0.24632830399627464,89.32178932178932,,
409,0.2376334099542527,88.88888888888889,,
410,0.2595538951209269,88.60028860028861,,
411,0.22930519393555185,90.18759018759019,,
412,0.2306153267019927,89.8989898989899,,
413,0.245296959409122,89.17748917748918,,
414,0.23674042907800166,89.17748917748918,,
415,0.2545741187545644,89.8989898989899,,
416,0.2529156735277107,89.46608946608947,,
417,0.23466630987446718,91.1976911976912,,
418,0.22014348385223922,90.9090909090909,,
419,0.2511695714998039,89.32178932178932,,
420,0.2420961187042371,89.6103896103896,,
421,0.23505091959607893,90.04329004329004,,
422,0.24241811935863797,89.75468975468975,,
423,0.2389111842040892,90.47619047619048,,
424,0.22550220974596033,90.47619047619048,,
425,0.232228649997866,90.76479076479076,0.5993325365828229,83.11688311688312
426,0.22778716702739915,90.33189033189034,,
427,0.25721852472764245,88.74458874458874,,
428,0.23754024297310763,89.75468975468975,,
429,0.22316993349386327,90.76479076479076,,
430,0.2447840031693336,89.17748917748918,,
431,0.2266363421989898,91.34199134199135,,
432,0.22865361689145086,90.18759018759019,,
433,0.25458866848058,89.8989898989899,,
434,0.2277844465548686,90.47619047619048,,
435,0.24247653726461474,89.46608946608947,,
436,0.2383607081950657,90.62049062049061,,
437,0.24449419650057005,88.74458874458874,,
438,0.22102581803158763,91.05339105339105,,
439,0.23516710870193713,89.17748917748918,,
440,0.21574785243209135,91.05339105339105,,
441,0.25585595934421984,88.31168831168831,,
442,0.21035483178466258,91.77489177489177,,
443,0.2396056807907715,90.04329004329004,,
444,0.2628673169261965,88.88888888888889,,
445,0.23127973114085232,90.18759018759019,,
446,0.2176339996798558,90.33189033189034,,
447,0.22489850822981303,91.48629148629149,,
448,0.2466179630027017,89.03318903318903,,
449,0.23535668357540174,90.33189033189034,,
450,0.23636510756947263,90.04329004329004,0.5942294551180555,81.81818181818181
451,0.2388226023484102,88.74458874458874,,
452,0.20698868871423245,90.9090909090909,,
453,0.21166990959713125,91.48629148629149,,
454,0.2469660909738913,90.04329004329004,,
455,0.2527439284096721,88.74458874458874,,
456,0.20424439290385227,91.34199134199135,,
457,0.2248861256443921,89.75468975468975,,
458,0.22828539397465375,89.46608946608947,,
459,0.21773880070766158,90.9090909090909,,
460,0.21374656137449916,92.06349206349206,,
461,0.22330083247559068,91.63059163059162,,
462,0.22033326299847633,90.47619047619048,,
463,0.23585684388918965,90.04329004329004,,
464,0.24854794806904262,88.45598845598846,,
465,0.23161486348118446,90.47619047619048,,
466,0.2373795306785798,89.17748917748918,,
467,0.23377903794915472,90.18759018759019,,
468,0.23555487669563568,90.76479076479076,,
469,0.2414913864061774,89.17748917748918,,
470,0.24259773238654778,89.46608946608947,,
471,0.23099740559415297,91.63059163059162,,
472,0.21651193340447386,90.76479076479076,,
473,0.24330412098683665,89.6103896103896,,
474,0.22574443756071863,90.62049062049061,,
475,0.20822531083789567,91.63059163059162,0.6372967432071637,83.11688311688312
476,0.2056077311264316,92.4963924963925,,
477,0.21497870768819535,90.9090909090909,,
478,0.22634292672378847,90.47619047619048,,
479,0.22357021075435532,90.9090909090909,,
480,0.22519520023087788,89.8989898989899,,
481,0.2424428120233968,90.18759018759019,,
482,0.21474114898995403,91.77489177489177,,
483,0.23406090816378078,89.8989898989899,,
484,0.22139283799677872,90.33189033189034,,
485,0.22160161246813048,89.46608946608947,,
486,0.2412265231254985,90.04329004329004,,
487,0.23867587378573796,90.47619047619048,,
488,0.21130812845446847,91.91919191919192,,
489,0.21550898323800485,90.04329004329004,,
490,0.2173234246574439,90.62049062049061,,
491,0.18950210761112224,92.92929292929293,,
492,0.21799485843418998,90.62049062049061,,
493,0.2327712696868104,91.34199134199135,,
494,0.23396863041158017,91.34199134199135,,
495,0.2070231797203185,90.9090909090909,,
496,0.25026076196721103,90.33189033189034,,
497,0.21460213588515745,91.48629148629149,,
498,0.20351234233224547,91.34199134199135,,
499,0.21935954373894315,90.33189033189034,,
500,0.20078733086069941,91.77489177489177,0.6264573498205706,81.81818181818181
501,0.21032861412689627,92.35209235209236,,
502,0.22110167606417924,91.63059163059162,,
503,0.2261233034652549,90.33189033189034,,
504,0.2083516592565725,91.77489177489177,,
505,0.18389150182599628,91.91919191919192,,
506,0.20360424119070666,90.62049062049061,,
507,0.209808166109262,90.9090909090909,,
508,0.2205827706647986,90.47619047619048,,
509,0.2108724428203715,91.05339105339105,,
510,0.23286097338705353,89.75468975468975,,
511,0.2117502720755072,91.05339105339105,,
512,0.1849193861613972,91.34199134199135,,
513,0.19984344609114,92.64069264069263,,
514,0.2044050216158747,91.34199134199135,,
515,0.2059731452012217,90.62049062049061,,
516,0.2201594008296771,90.9090909090909,,
517,0.2376198775281466,91.34199134199135,,
518,0.2059766932741388,91.63059163059162,,
519,0.21432076303172765,91.77489177489177,,
520,0.21775795912308266,90.47619047619048,,
521,0.20537025626603658,91.05339105339105,,
522,0.217319233076913,89.75468975468975,,
523,0.20494023373976758,91.63059163059162,,
524,0.2133045205779234,91.77489177489177,,
525,0.2281791041585016,90.04329004329004,0.6401832525606279,80.51948051948052
526,0.23329209406224508,90.47619047619048,,
527,0.23806927344005174,89.75468975468975,,
528,0.21099704053537843,91.48629148629149,,
529,0.2153693919445013,90.04329004329004,,
530,0.19396516123805382,92.4963924963925,,
531,0.21522548730239208,91.48629148629149,,
532,0.20464583855084698,92.35209235209236,,
533,0.22002262311408358,89.8989898989899,,
534,0.19345469981388957,92.78499278499278,,
535,0.18734093913526245,92.4963924963925,,
536,0.20912186271399474,91.34199134199135,,
537,0.20814439480180863,91.91919191919192,,
538,0.21429627041452032,90.47619047619048,,
539,0.22381100408507115,91.63059163059162,,
540,0.21437090299862288,90.18759018759019,,
541,0.2382093675509848,88.60028860028861,,
542,0.19693918940093783,91.77489177489177,,
543,0.1941629338144052,91.1976911976912,,
544,0.18857750129545964,93.65079365079364,,
545,0.22927094230490158,91.34199134199135,,
546,0.2132408053413958,90.76479076479076,,
547,0.2142931144485656,90.76479076479076,,
548,0.20678378682459933,90.47619047619048,,
549,0.211171207575915,91.05339105339105,,
550,0.18957556116503554,93.50649350649351,0.6865563593901597,79.22077922077922
551,0.1853730785640287,90.47619047619048,,
552,0.22307701680805395,89.8989898989899,,
553,0.212505953265475,89.75468975468975,,
554,0.21581332383389767,91.1976911976912,,
555,0.1984458819440261,91.48629148629149,,
556,0.21705319507727547,90.62049062049061,,
557,0.18947019510798985,90.76479076479076,,
558,0.21230968639448092,91.05339105339105,,
559,0.18906342510730673,90.9090909090909,,
560,0.1888234071315281,91.63059163059162,,
561,0.21097567682873464,90.76479076479076,,
562,0.1953299129637117,92.4963924963925,,
563,0.20428655265923187,91.48629148629149,,
564,0.19437653940133373,92.35209235209236,,
565,0.209723695854604,89.6103896103896,,
566,0.20258015001792068,91.77489177489177,,
567,0.2090236602450518,91.34199134199135,,
568,0.2115010649804429,90.33189033189034,,
569,0.18647208476565444,92.20779220779221,,
570,0.192193229931365,92.20779220779221,,
571,0.20123175154325873,91.91919191919192,,
572,0.2159281625032081,90.04329004329004,,
573,0.20344276139230438,90.47619047619048,,
574,0.20540295810066433,91.63059163059162,,
575,0.19631159931292266,91.48629148629149,0.66789824622018,80.51948051948052
576,0.19814275182557828,91.91919191919192,,
577,0.18490575464686962,92.4963924963925,,
578,0.18248988012816827,92.78499278499278,,
579,0.2173295033851055,90.9090909090909,,
580,0.20849948841944058,90.9090909090909,,
581,0.207418649297471,91.05339105339105,,
582,0.18685831477889767,92.64069264069263,,
583,0.2179631364207935,90.18759018759019,,
584,0.20078731649709813,91.91919191919192,,
585,0.2036851215328145,91.1976911976912,,
586,0.18929852534510183,92.92929292929293,,
587,0.18181319680994895,92.35209235209236,,
588,0.2069819462935818,91.91919191919192,,
589,0.2178881743339577,91.77489177489177,,
590,0.20889572733623468,91.91919191919192,,
591,0.2072655325500136,91.05339105339105,,
592,0.18645975988460395,92.35209235209236,,
593,0.2047042408843846,91.63059163059162,,
594,0.19987655124623022,91.05339105339105,,
595,0.20861023002200657,90.76479076479076,,
596,0.18053266085673547,92.35209235209236,,
597,0.19794237222334352,91.05339105339105,,
598,0.18706063932401878,92.4963924963925,,
599,0.2016995314395789,92.20779220779221,,
600,0.19554815672520778,91.91919191919192,0.7172934710979462,80.51948051948052
601,0.21012557293644543,90.76479076479076,,
602,0.1962287382990079,92.06349206349206,,
603,0.17934900214747776,92.64069264069263,,
604,0.20120009943348333,92.20779220779221,,
605,0.182875778053015,93.21789321789322,,
606,0.17574288583163059,92.4963924963925,,
607,0.20605431026194518,91.91919191919192,,
608,0.2037842208774919,91.1976911976912,,
609,0.19079162436571043,92.92929292929293,,
610,0.1990868490603235,91.34199134199135,,
611,0.2113019766401591,91.77489177489177,,
612,0.19194531525131772,91.77489177489177,,
613,0.19098500654767947,92.06349206349206,,
614,0.17641390219309286,92.35209235209236,,
615,0.1812701677261149,93.07359307359307,,
616,0.18708956749064237,93.79509379509379,,
617,0.20776528010378667,91.34199134199135,,
618,0.20902921885122985,90.62049062049061,,
619,0.19744074757481034,92.64069264069263,,
620,0.19327057837837874,92.92929292929293,,
621,0.21992733322008692,90.62049062049061,,
622,0.19048627922889302,92.35209235209236,,
623,0.18454407471599002,92.06349206349206,,
624,0.18636256447774163,92.35209235209236,,
625,0.20065923729672233,91.48629148629149,0.7058497454438891,79.22077922077922
626,0.19829933020631643,91.05339105339105,,
627,0.2065475391490119,91.63059163059162,,
628,0.18232174674089338,92.92929292929293,,
629,0.20083796401732584,91.48629148629149,,
630,0.17262506912883055,93.50649350649351,,
631,0.19250945123329136,90.76479076479076,,
632,0.18061530212152743,91.77489177489177,,
633,0.20527762541759753,91.34199134199135,,
634,0.171057264526169,93.36219336219337,,
635,0.16589978484579324,92.64069264069263,,
636,0.19316672143482028,92.64069264069263,,
637,0.17589702215287592,93.07359307359307,,
638,0.2057957686430104,91.34199134199135,,
639,0.18155117782335434,92.64069264069263,,
640,0.20878833798963098,90.9090909090909,,
641,0.17869341197123947,91.63059163059162,,
642,0.17635913405562031,92.78499278499278,,
643,0.18745654793442756,91.1976911976912,,
644,0.1832431767130483,93.07359307359307,,
645,0.1848066659888836,92.78499278499278,,
646,0.18293145200046798,90.76479076479076,,
647,0.18364285084742832,92.92929292929293,,
648,0.18879564560164966,92.35209235209236,,
649,0.19980719517835807,91.91919191919192,,
650,0.16747563974165813,93.65079365079364,0.6896729082256169,81.81818181818181
651,0.17831068882694492,92.20779220779221,,
652,0.21679023256549587,90.33189033189034,,
653,0.18449150778428472,92.4963924963925,,
654,0.1810930935507385,92.64069264069263,,
655,0.16725516874036747,93.50649350649351,,
656,0.2117920999575143,91.91919191919192,,
657,0.16060910753443472,93.79509379509379,,
658,0.16634830535748305,92.78499278499278,,
659,0.19695995337347275,92.4963924963925,,
660,0.16216079604746114,92.35209235209236,,
661,0.18811202531446627,92.06349206349206,,
662,0.16577824741644948,93.21789321789322,,
663,0.1800624867538353,92.06349206349206,,
664,0.17174393930815127,93.07359307359307,,
665,0.19183007570744248,91.1976911976912,,
666,0.17614132131504978,92.4963924963925,,
667,0.18511225044469296,92.92929292929293,,
668,0.17337693643862379,93.50649350649351,,
669,0.1729845217984132,92.35209235209236,,
670,0.1597240176723805,92.64069264069263,,
671,0.18482677442858916,91.48629148629149,,
672,0.17145618482413574,91.91919191919192,,
673,0.20021230992988762,92.64069264069263,,
674,0.17860283752604997,92.64069264069263,,
675,0.18284077913611912,92.4963924963925,0.7598943981257352,80.51948051948052
676,0.17624049069303455,91.34199134199135,,
677,0.18216870423046197,92.78499278499278,,
678,0.18340512551098503,92.06349206349206,,
679,0.17667318050565486,93.93939393939394,,
680,0.18503112112901685,93.07359307359307,,
681,0.19378573773764773,92.06349206349206,,
682,0.16920722287798684,93.07359307359307,,
683,0.1834651545485721,92.4963924963925,,
684,0.1941794061342531,93.07359307359307,,
685,0.17726777582113534,91.91919191919192,,
686,0.16273587649690813,93.79509379509379,,
687,0.19316225525792716,92.06349206349206,,
688,0.16959709823561608,92.92929292929293,,
689,0.17214079079732922,93.07359307359307,,
690,0.17766472941847763,92.35209235209236,,
691,0.16218324584018273,92.4963924963925,,
692,0.1862018360376014,92.06349206349206,,
693,0.1783117623986276,92.78499278499278,,
694,0.18528472403169194,91.48629148629149,,
695,0.19555292905323088,92.64069264069263,,
696,0.17191033119075055,93.65079365079364,,
697,0.17087848050167723,92.92929292929293,,
698,0.1753886023060584,92.35209235209236,,
699,0.18328148816089976,92.06349206349206,,
700,0.15972440957507014,92.92929292929293,0.7934584695023376,81.81818181818181
701,0.1839702659989418,91.1976911976912,,
702,0.18489949453573723,92.92929292929293,,
703,0.16405377507446303,93.07359307359307,,
704,0.16842241035868424,93.21789321789322,,
705,0.17464026907649735,92.4963924963925,,
706,0.1710678157900577,92.64069264069263,,
707,0.15177688286418006,93.36219336219337,,
708,0.18504649116879418,91.91919191919192,,
709,0.1696636937101725,92.92929292929293,,
710,0.17473391070961952,91.77489177489177,,
711,0.19001089539620783,91.34199134199135,,
712,0.15867981966181752,93.36219336219337,,
713,0.1639821378011552,93.50649350649351,,
714,0.15953950860778146,93.36219336219337,,
715,0.19043489482151654,91.63059163059162,,
716,0.15240352494376047,93.07359307359307,,
717,0.16351563753331722,92.78499278499278,,
718,0.16673342399782948,92.4963924963925,,
719,0.15697853809053247,93.07359307359307,,
720,0.18840566721528468,92.64069264069263,,
721,0.15579032004524618,92.4963924963925,,
722,0.17200805855347825,92.06349206349206,,
723,0.1620045201355675,93.50649350649351,,
724,0.17414226478656478,92.64069264069263,,
725,0.14895865451248866,93.50649350649351,0.7737854297284956,79.22077922077922
726,0.15251459626408367,93.07359307359307,,
727,0.16739002447494697,93.36219336219337,,
728,0.16599848651438737,92.78499278499278,,
729,0.1788465010612386,92.4963924963925,,
730,0.1698609047856929,93.07359307359307,,
731,0.17174492466490593,93.21789321789322,,
732,0.16833389824603026,93.07359307359307,,
733,0.1849179695350955,92.35209235209236,,
734,0.16180153313653295,92.64069264069263,,
735,0.16020585480448488,93.36219336219337,,
736,0.1601742710407506,93.21789321789322,,
737,0.1825347284733991,92.4963924963925,,
738,0.15248449359621322,93.65079365079364,,
739,0.1755891406443642,92.35209235209236,,
740,0.18627736408903142,91.63059163059162,,
741,0.1563033326965734,94.08369408369408,,
742,0.18548749871068188,91.34199134199135,,
743,0.1727940608756711,93.07359307359307,,
744,0.153956034235538,93.36219336219337,,
745,0.162362506121268,93.65079365079364,,
746,0.15585553130030116,93.07359307359307,,
747,0.1608042475293037,93.36219336219337,,
748,0.1744681094459985,92.92929292929293,,
749,0.1761432308139223,92.64069264069263,,
750,0.16628296404517917,92.20779220779221,0.776693187363736,79.22077922077922
751,0.15220089226660102,93.36219336219337,,
752,0.17021241277714314,92.4963924963925,,
753,0.16144177937425921,92.92929292929293,,
754,0.15627416482122689,93.79509379509379,,
755,0.1562738497922947,92.78499278499278,,
756,0.14433272626428378,94.37229437229438,,
757,0.15559428998015143,93.50649350649351,,
758,0.15597581540867364,93.65079365079364,,
759,0.14338853606795637,94.37229437229438,,
760,0.1548844754351854,93.50649350649351,,
761,0.15391164720273465,92.78499278499278,,
762,0.15701586846665386,92.64069264069263,,
763,0.1331159897030346,94.08369408369408,,
764,0.16506222091496936,92.92929292929293,,
765,0.17555139420315835,92.78499278499278,,
766,0.14527873139059733,93.93939393939394,,
767,0.1652621000905724,91.77489177489177,,
768,0.16789374535992033,92.78499278499278,,
769,0.1791357138499209,92.4963924963925,,
770,0.16437380185987785,92.64069264069263,,
771,0.1553204009419611,93.36219336219337,,
772,0.1491700993396589,93.79509379509379,,
773,0.172201399851327,92.35209235209236,,
774,0.13464304865008653,95.0937950937951,,
775,0.17475159055570846,92.78499278499278,0.7468019658094877,80.51948051948052
776,0.15472058715328338,92.78499278499278,,
777,0.17451768629199155,93.07359307359307,,
778,0.14748758533472278,93.79509379509379,,
779,0.1738736991908987,91.91919191919192,,
780,0.15592404897895898,94.08369408369408,,
781,0.14498559470086197,94.66089466089466,,
782,0.14141538236048315,94.08369408369408,,
783,0.1720980435803339,92.4963924963925,,
784,0.1443743346982016,93.36219336219337,,
785,0.15510398669310807,94.22799422799423,,
786,0.15725265941239927,93.07359307359307,,
787,0.1450552304757794,94.51659451659452,,
788,0.13672381244911605,94.66089466089466,,
789,0.14544570968522655,93.65079365079364,,
790,0.14775479966599875,94.22799422799423,,
791,0.16508351642541685,93.07359307359307,,
792,0.15060026660120762,94.22799422799423,,
793,0.16019457966777326,93.79509379509379,,
794,0.14971235104195482,93.50649350649351,,
795,0.13588128336752303,94.66089466089466,,
796,0.16269560495840352,92.4963924963925,,
797,0.18077263849401715,91.91919191919192,,
798,0.14681638719199538,93.93939393939394,,
799,0.16723279788294568,94.08369408369408,,
800,0.17048582660295014,93.21789321789322,0.7384458718361793,77.92207792207792
801,0.16340066781764767,92.64069264069263,,
802,0.16684612628572432,93.65079365079364,,
803,0.17974891123317538,92.35209235209236,,
804,0.15042412014406653,92.92929292929293,,
805,0.16492167196920596,91.77489177489177,,
806,0.15493342682482705,93.21789321789322,,
807,0.15181557380447827,93.65079365079364,,
808,0.16804338881979772,93.50649350649351,,
809,0.15746750009567362,94.8051948051948,,
810,0.1398789735355053,94.66089466089466,,
811,0.16766100915210674,93.36219336219337,,
812,0.156702334101582,93.65079365079364,,
813,0.15963643462454946,93.50649350649351,,
814,0.14794787027285813,94.22799422799423,,
815,0.1497962845524324,93.93939393939394,,
816,0.13180639834410657,95.0937950937951,,
817,0.16200187023390422,92.92929292929293,,
818,0.13606914553205343,94.37229437229438,,
819,0.17120497171668952,93.21789321789322,,
820,0.14485405636937887,93.21789321789322,,
821,0.15094571555245662,94.37229437229438,,
822,0.14049153436313977,93.93939393939394,,
823,0.14518253456849556,94.8051948051948,,
824,0.1534729961945553,93.36219336219337,,
825,0.1569436425275961,94.08369408369408,0.7985695492137562,81.81818181818181
826,0.15717210103509058,93.21789321789322,,
827,0.12650182059983497,94.51659451659452,,
828,0.15032305616837044,93.65079365079364,,
829,0.17078239813683524,92.4963924963925,,
830,0.1613986516387496,92.92929292929293,,
831,0.14423611323640803,94.22799422799423,,
832,0.138677976219169,94.94949494949495,,
833,0.16185542132065753,92.64069264069263,,
834,0.14957714521609689,93.93939393939394,,
835,0.14794464110468028,94.08369408369408,,
836,0.13977401697682956,94.08369408369408,,
837,0.139001954403339,93.93939393939394,,
838,0.15697121104658252,93.50649350649351,,
839,0.12685131388051168,94.51659451659452,,
840,0.1368334453558337,93.93939393939394,,
841,0.1528760323309021,94.37229437229438,,
842,0.13651915469769962,93.79509379509379,,
843,0.1522898886024866,93.36219336219337,,
844,0.13718046052287322,93.93939393939394,,
845,0.15095440439428343,93.36219336219337,,
846,0.16117124775529423,93.93939393939394,,
847,0.1502829287254922,94.22799422799423,,
848,0.1353561399560986,94.22799422799423,,
849,0.14675697018788836,94.8051948051948,,
850,0.15254441254690268,94.37229437229438,0.8284038320764319,80.51948051948052
851,0.15137997924378424,93.07359307359307,,
852,0.16140054586688848,94.08369408369408,,
853,0.14837061648739536,93.50649350649351,,
854,0.1577823463918757,92.78499278499278,,
855,0.1745363243924075,92.64069264069263,,
856,0.14565372181327915,94.8051948051948,,
857,0.16836373798258894,93.65079365079364,,
858,0.13573451430508585,93.50649350649351,,
859,0.1580570718760012,92.92929292929293,,
860,0.1280886943695306,94.22799422799423,,
861,0.1292699645441375,95.23809523809524,,
862,0.14564780179212275,93.36219336219337,,
863,0.15814913912510975,94.08369408369408,,
864,0.15566314974044482,93.36219336219337,,
865,0.14553100455546963,93.50649350649351,,
866,0.15562395917044747,93.79509379509379,,
867,0.14595143524943321,93.79509379509379,,
868,0.13939998676250506,93.36219336219337,,
869,0.1412722043918841,93.93939393939394,,
870,0.14003194664829394,95.23809523809524,,
871,0.14262194675057427,94.94949494949495,,
872,0.1337520478933836,94.37229437229438,,
873,0.12259730420909919,94.8051948051948,,
874,0.150507268612777,93.07359307359307,,
875,0.13475848254875358,94.08369408369408,0.8169891304009921,79.22077922077922
876,0.13711879872764,94.37229437229438,,
877,0.16626799570512119,93.79509379509379,,
878,0.13023632816422037,95.23809523809524,,
879,0.14065717967041644,94.66089466089466,,
880,0.1248674951977544,95.38239538239539,,
881,0.142666471855981,94.08369408369408,,
882,0.16116508402865687,92.4963924963925,,
883,0.15713721822307566,93.21789321789322,,
884,0.13745097852544524,93.93939393939394,,
885,0.1250473547291446,95.23809523809524,,
886,0.14021520050878208,94.08369408369408,,
887,0.13754263303066572,95.52669552669553,,
888,0.12571090395316417,94.94949494949495,,
889,0.16139636973448604,93.50649350649351,,
890,0.14306220562502334,93.50649350649351,,
891,0.11842179488831484,94.66089466089466,,
892,0.13995915458874958,94.08369408369408,,
893,0.13842395139377012,94.08369408369408,,
894,0.1494677894537755,94.37229437229438,,
895,0.12122637713475833,95.23809523809524,,
896,0.13152230341756155,94.8051948051948,,
897,0.12739239302483987,94.51659451659452,,
898,0.15223030703515888,92.64069264069263,,
899,0.1494845649574226,94.94949494949495,,
900,0.13689547834157256,94.37229437229438,0.8666322223551861,80.51948051948052
901,0.14223179158796306,94.22799422799423,,
902,0.15080875177930875,94.08369408369408,,
903,0.15983529618980222,92.78499278499278,,
904,0.12626752434204322,94.51659451659452,,
905,0.14053933580324032,94.37229437229438,,
906,0.1485764208433862,94.37229437229438,,
907,0.12444200408665133,94.94949494949495,,
908,0.13765846177785082,94.22799422799423,,
909,0.13199064722566894,94.94949494949495,,
910,0.12722037584234624,94.94949494949495,,
911,0.13789888314397475,94.8051948051948,,
912,0.14726879579938335,94.08369408369408,,
913,0.1224616515069856,94.94949494949495,,
914,0.14492723680118805,94.22799422799423,,
915,0.1362176300342293,95.38239538239539,,
916,0.12794095072707143,95.23809523809524,,
917,0.13430170658948962,94.51659451659452,,
918,0.1509489088143191,93.07359307359307,,
919,0.1215151616010659,95.95959595959596,,
920,0.12455727012685539,94.22799422799423,,
921,0.1406137506984185,93.36219336219337,,
922,0.14324997248286636,94.08369408369408,,
923,0.15596589712697534,94.08369408369408,,
924,0.14174000225412897,94.51659451659452,,
925,0.12448830041136663,94.66089466089466,0.8073169306501166,81.81818181818181
926,0.12341535473605256,94.22799422799423,,
927,0.125734229925563,95.0937950937951,,
928,0.11822874846224489,95.0937950937951,,
929,0.16646290246080098,92.4963924963925,,
930,0.15204182563518936,93.79509379509379,,
931,0.12491899711035546,95.23809523809524,,
932,0.11634433256599294,95.52669552669553,,
933,0.13776698137914378,94.94949494949495,,
934,0.13006628039165322,94.08369408369408,,
935,0.13716470302871467,94.08369408369408,,
936,0.12279434384399163,95.67099567099567,,
937,0.13490173267939734,94.22799422799423,,
938,0.14706964666107172,93.36219336219337,,
939,0.1285356165650388,94.37229437229438,,
940,0.13989389470602354,93.36219336219337,,
941,0.1282836567357849,95.0937950937951,,
942,0.12407472914603537,95.38239538239539,,
943,0.13004424691221758,94.51659451659452,,
944,0.14604085081755513,94.37229437229438,,
945,0.12791068021955257,94.51659451659452,,
946,0.14926759901115183,93.65079365079364,,
947,0.1316999638880486,95.38239538239539,,
948,0.1358923295037055,95.23809523809524,,
949,0.13675013191132535,93.79509379509379,,
950,0.12392699873023821,96.1038961038961,0.8793467352916668,79.22077922077922
951,0.15377164548105046,93.79509379509379,,
952,0.13469229331092228,94.22799422799423,,
953,0.15466936573407694,93.21789321789322,,
954,0.15248488245093805,94.51659451659452,,
955,0.1342139712586585,95.95959595959596,,
956,0.12318821391157946,94.51659451659452,,
957,0.14389610124152546,93.65079365079364,,
958,0.12126334048108793,95.0937950937951,,
959,0.14298146943767348,93.79509379509379,,
960,0.1508184701229834,93.50649350649351,,
961,0.16053831505536775,92.64069264069263,,
962,0.13276354132104573,93.93939393939394,,
963,0.12311110903023813,95.38239538239539,,
964,0.11338332813625555,95.52669552669553,,
965,0.13502673703698712,93.79509379509379,,
966,0.12858697174125033,95.23809523809524,,
967,0.1363651483638204,95.0937950937951,,
968,0.15138557766165053,93.36219336219337,,
969,0.09980119048775017,96.53679653679653,,
970,0.1286294778800888,95.38239538239539,,
971,0.10935519572245266,95.81529581529581,,
972,0.13356590630086126,94.08369408369408,,
973,0.13137456267255038,95.52669552669553,,
974,0.13880327547675947,94.8051948051948,,
975,0.12655983056770947,95.0937950937951,0.9364052190409078,80.51948051948052
976,0.15224364690729894,94.08369408369408,,
977,0.11439116451819394,95.52669552669553,,
978,0.1385880315415615,94.08369408369408,,
979,0.13001027475359808,94.51659451659452,,
980,0.12954523226227424,95.52669552669553,,
981,0.1353169906707037,94.66089466089466,,
982,0.13416584565009906,94.22799422799423,,
983,0.11682465263409876,95.0937950937951,,
984,0.1385768208797876,94.22799422799423,,
985,0.13741690610652363,95.52669552669553,,
986,0.11811914306784434,94.94949494949495,,
987,0.1370211559983473,94.8051948051948,,
988,0.12934085868653797,94.08369408369408,,
989,0.15840899191721522,93.65079365079364,,
990,0.130801470129795,94.37229437229438,,
991,0.11204284666076539,94.8051948051948,,
992,0.15027929167296808,94.51659451659452,,
993,0.11826827027398185,96.1038961038961,,
994,0.13214834206462078,95.0937950937951,,
995,0.11874675385191671,94.8051948051948,,
996,0.0967757035944541,97.40259740259741,,
997,0.1269394379071515,95.23809523809524,,
998,0.1252521166946164,94.51659451659452,,
999,0.10246174618021234,95.95959595959596,,
1000,0.12832635168179676,94.37229437229438,0.9841898602324647,75.32467532467533
